start	end	length	IDY	missing1	missing2	
1725594	1725753	159	0.0943	0.8805	0.0	
1879502	1879864	362	0.6519	0.0608	0.1685	
2252373	2252712	339	0.8466	0.0177	0.0	
2709834	2710194	360	0.8611	0.0389	0.0222	
3200916	3201391	475	0.6168	0.0716	0.2126	
3327940	3330588	2648	0.0816	0.0759	0.8327	
3334142	3334702	560	0.6768	0.1214	0.1018	
3756973	3757532	559	0.2379	0.1735	0.5599	
4448556	4448718	162	0.0	1.0	0.0	
4710171	4710573	402	0.5871	0.3358	0.01	
5643537	5643778	241	0.0	1.0	0.0	
5645806	5647312	1506	0.1102	0.1268	0.755	
5742925	5744119	1194	0.026	0.9539	0.0	
6647708	6647985	277	0.6679	0.2383	0.0	
7757667	7757927	260	0.85	0.0615	0.0269	
7778102	7778311	209	0.7751	0.0048	0.0718	
7805245	7805737	492	0.5976	0.124	0.2256	
7813826	7814099	273	0.7912	0.0366	0.0037	
7885887	7886307	420	0.2857	0.6929	0.0	
7886483	7886884	401	0.4564	0.1546	0.2943	
7893127	7893758	631	0.7179	0.0713	0.0824	
8060644	8060864	220	0.9273	0.0	0.0	
8066061	8066698	637	0.2402	0.1523	0.5934	
8111884	8112088	204	0.3725	0.5147	0.0294	
8377201	8377613	412	0.8592	0.0073	0.0291	
8557642	8557863	221	0.8281	0.0407	0.0181	
8698405	8699128	723	0.6307	0.065	0.2047	
9177488	9177640	152	0.8816	0.0395	0.0066	
9289215	9289407	192	0.9063	0.0156	0.0	
10091320	10091521	201	0.8856	0.0299	0.005	
10387058	10387405	347	0.7695	0.0202	0.1066	
10963163	10963838	675	0.5526	0.1615	0.1467	
11023966	11025396	1430	0.1441	0.1678	0.6622	
11057586	11059636	2050	0.2946	0.1688	0.4654	
11823327	11823817	490	0.4816	0.4347	0.0041	
11935323	11935499	176	0.767	0.1818	0.0227	
12023956	12024223	267	0.0	1.0	0.0	
12114785	12115248	463	0.6177	0.1706	0.1253	
12120603	12120783	180	0.9611	0.0	0.0	
12139062	12139416	354	0.6412	0.1102	0.1525	
12416055	12416544	489	0.6626	0.1411	0.092	
12618126	12618366	240	0.9417	0.0	0.0125	
12693597	12693890	293	0.9113	0.0034	0.0068	
12780725	12781012	287	0.8955	0.0105	0.0	
12897597	12902443	4846	0.065	0.0322	0.8968	
13048299	13048659	360	0.7194	0.0472	0.15	
13158945	13159275	330	0.7152	0.0576	0.1364	
13294851	13295392	541	0.658	0.0518	0.159	
14699168	14699697	529	0.5425	0.1021	0.2854	
14718282	14718545	263	0.9202	0.0456	0.0	
14725859	14727364	1505	0.3063	0.2146	0.41	
14735797	14736370	573	0.274	0.2653	0.4031	
14768516	14768730	214	0.7757	0.1542	0.028	
14818769	14819629	860	0.4035	0.0523	0.4733	
14859811	14860087	276	0.6377	0.0688	0.1812	
14890508	14891256	748	0.7152	0.0481	0.1511	
14892502	14892911	409	0.8068	0.0073	0.0538	
14995694	14995887	193	0.0	1.0	0.0	
15155367	15155609	242	0.8182	0.0207	0.0537	
15344824	15345239	415	0.0	1.0	0.0	
15345991	15346173	182	0.0	1.0	0.0	
15372003	15372331	328	0.0335	0.6555	0.3079	
15428094	15428657	563	0.6501	0.0604	0.1474	
15653115	15653752	637	0.7064	0.0126	0.1915	
15668498	15668685	187	0.9198	0.0214	0.0	
15918251	15918827	576	0.5764	0.2552	0.0694	
16403521	16403751	230	0.0	1.0	0.0	
16581871	16582871	1000	0.689	0.119	0.11	
17374187	17375375	1188	0.5614	0.0741	0.2904	
18964611	18965128	517	0.8491	0.0251	0.0193	
18965918	18966114	196	0.852	0.0357	0.0102	
19403199	19403391	192	0.9896	0.0	0.0	
19824725	19824975	250	0.92	0.02	0.0	
19837796	19838294	498	0.5542	0.2972	0.0281	
19927449	19927663	214	0.8271	0.0047	0.0607	
20517784	20518861	1077	0.0864	0.5655	0.3222	
20945164	20945351	187	0.9305	0.0321	0.0	
20961104	20961322	218	0.9174	0.0	0.0138	
20978158	20978601	443	0.9481	0.009	0.0023	
21230333	21231144	811	0.0	1.0	0.0	
21631795	21632031	236	0.8432	0.0975	0.0127	
21669913	21670092	179	0.0	1.0	0.0	
21911097	21911337	240	0.6917	0.025	0.1958	
21993803	21996481	2678	0.354	0.0788	0.5246	
22257022	22257613	591	0.7817	0.0541	0.0846	
22326992	22327299	307	0.6678	0.1987	0.0782	
22796342	22796647	305	0.9049	0.0328	0.0	
22823590	22823829	239	0.8661	0.0669	0.0042	
22824318	22824880	562	0.6263	0.1228	0.2028	
22896214	22896834	620	0.0	1.0	0.0	
22897063	22897895	832	0.0	1.0	0.0	
22903744	22904265	521	0.0154	0.9846	0.0	
22911284	22912055	771	0.0	1.0	0.0	
23115295	23115765	470	0.0	1.0	0.0	
23152196	23152984	788	0.5368	0.1256	0.2868	
23153577	23153774	197	0.9188	0.0355	0.0	
23168844	23169025	181	0.8895	0.0663	0.011	
23296252	23296468	216	0.8704	0.0185	0.0417	
23361230	23361950	720	0.3167	0.1194	0.5292	
23433827	23434035	208	0.9615	0.0	0.0	
23452643	23452880	237	0.9241	0.0084	0.0253	
23950019	23950575	556	0.5036	0.4029	0.0054	
24056604	24057091	487	0.6078	0.1273	0.1992	
24246766	24247120	354	0.7034	0.1497	0.0141	
24297883	24298445	562	0.0	1.0	0.0	
24324343	24324642	299	0.7458	0.0201	0.1672	
24674283	24674960	677	0.3368	0.0842	0.5362	
24700743	24701289	546	0.3352	0.2125	0.326	
24739008	24739662	654	0.5795	0.2599	0.0443	
24757602	24758144	542	0.4871	0.1937	0.2251	
24800416	24800653	237	0.7046	0.1857	0.0253	
24802817	24802962	145	0.9931	0.0	0.0	
24865943	24866410	467	0.803	0.0321	0.0407	
25430534	25430724	190	0.8737	0.0842	0.0	
25502723	25502945	222	0.8153	0.0315	0.0586	
25679287	25679662	375	0.584	0.1093	0.2187	
25859738	25860339	601	0.2562	0.3028	0.406	
25969526	25969706	180	0.8722	0.0	0.0333	
26351970	26353540	1570	0.1459	0.1771	0.6618	
26370370	26370960	590	0.2966	0.4678	0.1864	
26379011	26380088	1077	0.1876	0.2748	0.5125	
26447339	26447914	575	0.5861	0.0678	0.2504	
26597111	26597456	345	0.4406	0.3159	0.1884	
26895171	26895842	671	0.0	1.0	0.0	
28843406	28843947	541	0.2606	0.22	0.4769	
29595659	29596147	488	0.3811	0.2889	0.248	
29883868	29884379	511	0.5734	0.0744	0.1977	
29970967	29971562	595	0.3513	0.0487	0.5361	
30700977	30704553	3576	0.0531	0.0123	0.922	
30707136	30707451	315	0.4889	0.3492	0.0127	
30895313	30895570	257	0.821	0.0506	0.035	
31617441	31618564	1123	0.1843	0.3366	0.3927	
31819401	31819713	312	0.0	1.0	0.0	
31939324	31939844	520	0.0	1.0	0.0	
32088990	32089614	624	0.5288	0.0705	0.3542	
32335858	32336409	551	0.0	1.0	0.0	
33101225	33101696	471	0.0064	0.9936	0.0	
33109380	33110037	657	0.1324	0.3425	0.5023	
33476454	33477317	863	0.2121	0.2885	0.4705	
33491104	33491490	386	0.0	1.0	0.0	
33491518	33492537	1019	0.0	1.0	0.0	
33733517	33735001	1484	0.4212	0.1024	0.3827	
33782775	33783107	332	0.0	1.0	0.0	
34083959	34084125	166	0.0	1.0	0.0	
34192457	34193832	1375	0.048	0.2385	0.7025	
34196159	34197361	1202	0.0957	0.8819	0.005	
34263931	34264458	527	0.6755	0.1252	0.112	
34345924	34346192	268	0.7164	0.0746	0.0224	
34389213	34389529	316	0.4747	0.462	0.0032	
35033718	35033996	278	0.7914	0.0324	0.0432	
35130092	35130442	350	0.6486	0.06	0.2086	
35158746	35159280	534	0.3727	0.2622	0.324	
35161319	35161808	489	0.7117	0.0491	0.0593	
35188266	35188489	223	0.6054	0.0987	0.2197	
35278697	35279416	719	0.3185	0.0821	0.5688	
35304793	35305092	299	0.3746	0.5853	0.01	
35308303	35308813	510	0.6804	0.0588	0.1529	
35816755	35817018	263	0.8555	0.0114	0.0	
36793042	36795006	1964	0.1492	0.1212	0.6874	
36929671	36933742	4071	0.1059	0.0069	0.8767	
37098490	37098792	302	0.8245	0.0828	0.0	
37136983	37138040	1057	0.3094	0.2299	0.403	
37422308	37422742	434	0.3157	0.0622	0.6014	
38284578	38285125	547	0.3327	0.596	0.0311	
38507552	38507770	218	0.0	1.0	0.0	
38632656	38633637	981	0.8186	0.0173	0.0459	
39001473	39001634	161	0.9441	0.0124	0.0	
39607495	39608151	656	0.6098	0.0838	0.1723	
39862579	39862782	203	0.0	1.0	0.0	
39978127	39978348	221	0.6425	0.2443	0.0498	
40062715	40063555	840	0.5631	0.1631	0.1429	
40073904	40074180	276	0.8986	0.0	0.0036	
40163638	40164253	615	0.5675	0.122	0.1691	
40196105	40196944	839	0.2312	0.2563	0.4696	
40283119	40283403	284	0.0	1.0	0.0	
40358169	40358395	226	0.8628	0.0531	0.0133	
40398807	40399047	240	0.5667	0.3333	0.0	
40402152	40402931	779	0.2747	0.2118	0.4711	
41376829	41376986	157	0.8344	0.0446	0.0	
41795985	41796500	515	0.4408	0.4718	0.0194	
41853523	41853929	406	0.4236	0.2291	0.2562	
41973593	41973781	188	0.4468	0.4681	0.0266	
42037247	42037467	220	0.0	1.0	0.0	
42188655	42189075	420	0.0	1.0	0.0	
42979371	42979995	624	0.4856	0.2869	0.1074	
42980052	42981242	1190	0.1916	0.1798	0.5647	
43137057	43139623	2566	0.1372	0.1652	0.6769	
43439647	43439877	230	0.8826	0.0043	0.0087	
43609069	43609589	520	0.0	1.0	0.0	
43632054	43632772	718	0.0348	0.9638	0.0	
43915585	43916377	792	0.1452	0.6427	0.1717	
44629542	44629814	272	0.0	1.0	0.0	
44646981	44647247	266	0.812	0.0526	0.0	
44803878	44804643	765	0.3817	0.4196	0.1059	
45102782	45103753	971	0.1916	0.1895	0.5901	
45777728	45779952	2224	0.1214	0.0549	0.8049	
46432141	46432416	275	0.8327	0.04	0.0182	
46653874	46654048	174	0.954	0.0172	0.0	
47161828	47162012	184	0.663	0.1739	0.0	
47727323	47727791	468	0.6923	0.0513	0.0962	
47921376	47922827	1451	0.1482	0.0606	0.7664	
48671669	48677753	6084	0.0181	0.0097	0.9716	
48774785	48775507	722	0.5083	0.0623	0.3753	
49224659	49226188	1529	0.0	1.0	0.0	
49340883	49341169	286	0.0	1.0	0.0	
49545808	49546200	392	0.2602	0.6811	0.0383	
49713918	49714838	920	0.438	0.1337	0.3685	
49766848	49767040	192	0.8229	0.0052	0.0938	
49787509	49788280	771	0.0	1.0	0.0	
49802920	49804953	2033	0.0	1.0	0.0	
49870506	49870956	450	0.0	1.0	0.0	
49880680	49882030	1350	0.2385	0.0348	0.6704	
50819217	50820815	1598	0.2434	0.0225	0.6589	
50828784	50829036	252	0.8611	0.0198	0.0635	
50994289	50995479	1190	0.2311	0.2235	0.5101	
51115065	51115668	603	0.0	1.0	0.0	
51212299	51212474	175	0.84	0.0	0.04	
51234605	51236084	1479	0.2901	0.0899	0.5524	
51282177	51282451	274	0.8723	0.0474	0.0182	
51342036	51343260	1224	0.0596	0.1454	0.7688	
51392564	51393021	457	0.5077	0.2648	0.14	
51451293	51451522	229	0.8384	0.0786	0.0	
51516944	51517145	201	0.9303	0.005	0.005	
51629292	51629738	446	0.3274	0.5516	0.0897	
51636609	51637021	412	0.6044	0.2767	0.017	
51735144	51735823	679	0.4993	0.1679	0.2518	
52044757	52045617	860	0.0	1.0	0.0	
53888157	53888971	814	0.5455	0.0921	0.3059	
54147574	54147832	258	0.9225	0.0116	0.0078	
54293554	54294645	1091	0.209	0.1219	0.594	
55244996	55245461	465	0.6516	0.0581	0.129	
55355865	55356199	334	0.8114	0.0419	0.0269	
55450572	55451323	751	0.3529	0.5712	0.032	
55473332	55475824	2492	0.1742	0.1248	0.6774	
56372456	56372791	335	0.8716	0.0	0.0537	
56620249	56621151	902	0.255	0.2583	0.4579	
56688878	56689477	599	0.4057	0.0651	0.4825	
57032379	57032554	175	0.9314	0.0	0.0	
57260675	57261376	701	0.3909	0.0528	0.4936	
57322309	57322503	194	0.9175	0.0	0.0155	
57406983	57408033	1050	0.2257	0.5124	0.1686	
57604159	57604384	225	0.9333	0.0	0.0178	
57682415	57682800	385	0.5481	0.1558	0.226	
58054998	58055178	180	0.85	0.0	0.0611	
58249181	58249433	252	0.0	1.0	0.0	
58368096	58374710	6614	0.0094	0.0428	0.9453	
58446572	58447207	635	0.3528	0.011	0.5559	
59330089	59330254	165	0.6909	0.1818	0.0606	
59371250	59371661	411	0.9221	0.0268	0.0024	
59414998	59415286	288	0.8194	0.0243	0.0035	
59636472	59637501	1029	0.379	0.1487	0.4023	
60282129	60282792	663	0.2474	0.0905	0.6259	
60289211	60289365	154	0.9675	0.0	0.0	
60347427	60347656	229	0.9039	0.0131	0.0044	
60354578	60357716	3138	0.3196	0.0988	0.5159	
60376540	60376786	246	0.7195	0.0366	0.1707	
60381972	60382951	979	0.0	1.0	0.0	
60720303	60720527	224	0.8705	0.0045	0.0	
60995331	60996651	1320	0.0689	0.0992	0.7788	
61111637	61119816	8179	0.0292	0.0089	0.9599	
61144563	61145460	897	0.3177	0.1984	0.3634	
61201701	61202240	539	0.0891	0.4397	0.4286	
61207642	61208370	728	0.4382	0.1099	0.3874	
61913660	61913985	325	0.0	1.0	0.0	
62360136	62360305	169	0.4379	0.3491	0.0828	
62464465	62464722	257	0.1401	0.821	0.0	
62497789	62498068	279	0.8351	0.0	0.0251	
63130892	63131265	373	0.3941	0.1984	0.3405	
64225359	64228238	2879	0.059	0.0125	0.9017	
64462846	64463327	481	0.2453	0.7193	0.0	
64498081	64498701	620	0.5355	0.0242	0.3597	
64659275	64659565	290	0.0	1.0	0.0	
64671697	64672307	610	0.2951	0.1574	0.5131	
64697521	64704460	6939	0.017	0.0278	0.9517	
64794222	64794632	410	0.0	1.0	0.0	
64800094	64800707	613	0.3801	0.3785	0.1223	
65051147	65053380	2233	0.1872	0.1384	0.6332	
65585390	65585625	235	0.9277	0.0128	0.0043	
65625767	65626137	370	0.4243	0.2622	0.2568	
66429842	66431398	1556	0.0	1.0	0.0	
66601327	66601770	443	0.0	1.0	0.0	
66976005	66976214	209	0.0	1.0	0.0	
67093545	67095486	1941	0.3359	0.0433	0.5961	
67528043	67529371	1328	0.2583	0.2741	0.4081	
67541927	67542735	808	0.297	0.3255	0.3354	
67585586	67586597	1011	0.2888	0.2136	0.4184	
67716923	67717206	283	0.629	0.1661	0.0389	
67777617	67777833	216	0.9028	0.0046	0.0	
68890737	68890969	232	0.7543	0.0388	0.0302	
69444469	69444788	319	0.6176	0.2821	0.0502	
69557392	69557676	284	0.8099	0.0528	0.088	
69696231	69696785	554	0.426	0.1805	0.343	
69723703	69724013	310	0.4548	0.5161	0.0	
69737937	69738221	284	0.5528	0.412	0.0141	
69742715	69743022	307	0.9218	0.0163	0.0	
69896843	69897078	235	0.7404	0.0553	0.166	
70007873	70008459	586	0.2713	0.1468	0.5154	
70354458	70355422	964	0.277	0.0643	0.6411	
70464922	70465106	184	0.8913	0.0109	0.0217	
70641463	70646092	4629	0.1523	0.056	0.7697	
70903140	70903761	621	0.7472	0.0338	0.132	
70903953	70904769	816	0.3775	0.0662	0.4963	
71660875	71661369	494	0.3664	0.3806	0.17	
71723690	71724773	1083	0.0646	0.2308	0.65	
71932785	71933458	673	0.4963	0.0267	0.3596	
73092789	73093207	418	0.0	1.0	0.0	
73096781	73097018	237	0.7046	0.2236	0.0	
73121481	73123002	1521	0.0986	0.098	0.7771	
73139460	73142532	3072	0.0173	0.2669	0.7109	
73184793	73185073	280	0.8643	0.0357	0.0	
75012157	75013510	1353	0.0	1.0	0.0	
75084700	75084946	246	0.8496	0.0325	0.0366	
75314264	75314558	294	0.9218	0.0102	0.0204	
75335188	75335935	747	0.4605	0.1419	0.2637	
75537735	75537943	208	0.8942	0.0144	0.0144	
76566797	76567898	1101	0.1317	0.1371	0.7094	
76568256	76571277	3021	0.1556	0.1354	0.6759	
76782942	76783127	185	0.0	1.0	0.0	
77213280	77213612	332	0.5964	0.1325	0.1898	
77431971	77432525	554	0.4549	0.3321	0.1444	
77766565	77766825	260	0.0	1.0	0.0	
78308433	78308710	277	0.0	1.0	0.0	
78345440	78346117	677	0.0	1.0	0.0	
78618982	78619477	495	0.9333	0.0061	0.0121	
79054421	79055361	940	0.166	0.0074	0.8096	
79348320	79348727	407	0.484	0.4545	0.0098	
79441345	79441646	301	0.794	0.0199	0.0465	
79965745	79965922	177	0.9096	0.0226	0.0	
80579550	80580076	526	0.251	0.2871	0.3954	
80673033	80673199	166	0.8976	0.006	0.0	
81206464	81206882	418	0.5263	0.3397	0.0311	
81347030	81347245	215	0.0	1.0	0.0	
81455637	81455983	346	0.815	0.0116	0.026	
81612910	81613801	891	0.2144	0.1414	0.6128	
83567111	83568036	925	0.0	1.0	0.0	
83632502	83633055	553	0.5407	0.208	0.1718	
84230971	84231841	870	0.4897	0.1747	0.2299	
84234464	84236372	1908	0.1651	0.1069	0.6976	
84276749	84277054	305	0.7213	0.0459	0.0459	
85187163	85188914	1751	0.237	0.1256	0.6037	
85234437	85235811	1374	0.4527	0.0393	0.4389	
86310541	86311229	688	0.564	0.2573	0.0625	
86516966	86518044	1078	0.2718	0.1067	0.5853	
86778002	86778238	236	0.0508	0.8644	0.0847	
87989632	87991132	1500	0.336	0.1273	0.4887	
88215908	88216168	260	0.8192	0.0115	0.0423	
88424754	88424981	227	0.7533	0.0573	0.1189	
88433074	88433401	327	0.7554	0.1223	0.0245	
88440894	88441877	983	0.293	0.1668	0.4985	
88771917	88772178	261	0.6935	0.1648	0.0575	
88855258	88855724	466	0.2597	0.7146	0.0021	
88903041	88903303	262	0.874	0.0115	0.0038	
88906122	88906479	357	0.7339	0.0616	0.1345	
89077176	89077511	335	0.0	1.0	0.0	
90039103	90039356	253	0.8814	0.0316	0.0198	
90675755	90676153	398	0.8116	0.093	0.0025	
90951860	90952392	532	0.8158	0.0789	0.047	
90953343	90953559	216	0.7963	0.0278	0.037	
91124905	91125356	451	0.3636	0.1996	0.3902	
91642890	91643462	572	0.2745	0.3147	0.3759	
91966427	91974652	8225	0.0062	0.1125	0.8787	
91976618	91976953	335	0.0	1.0	0.0	
91988820	91989324	504	0.5198	0.3512	0.0417	
92660023	92660233	210	0.6952	0.0571	0.081	
92727436	92734143	6707	0.1731	0.1716	0.6226	
92835929	92836323	394	0.2919	0.1802	0.5076	
92872078	92872482	404	0.7772	0.104	0.0149	
93008726	93009653	927	0.2621	0.055	0.6375	
93456517	93457206	689	0.2917	0.1597	0.5036	
93982062	93982274	212	0.5425	0.2877	0.0236	
94073590	94073829	239	0.8536	0.1046	0.0	
94074531	94074814	283	0.9011	0.0	0.0283	
94244155	94246420	2265	0.0234	0.2327	0.7408	
94272925	94273738	813	0.1587	0.1451	0.6679	
94291189	94291816	627	0.5215	0.2201	0.2105	
94758086	94758343	257	0.7237	0.035	0.0428	
95313369	95313878	509	0.2908	0.3792	0.2613	
95443397	95446041	2644	0.1607	0.1607	0.6505	
95775273	95775950	677	0.5835	0.1994	0.1433	
95813337	95813618	281	0.5552	0.0996	0.2064	
95878676	95878947	271	0.8672	0.0295	0.0148	
96144936	96145246	310	0.4613	0.1419	0.2968	
96214412	96215117	705	0.2809	0.2738	0.3943	
96242055	96242333	278	0.8561	0.0396	0.0144	
96407637	96408035	398	0.4874	0.2739	0.1658	
96507411	96507857	446	0.5336	0.0381	0.3453	
96552680	96553522	842	0.2838	0.0938	0.5808	
96817161	96820715	3554	0.0453	0.2012	0.7383	
97214038	97214983	945	0.0	1.0	0.0	
97748675	97748997	322	0.8012	0.0373	0.0	
97784047	97784235	188	0.8617	0.0372	0.0372	
97850329	97850738	409	0.3912	0.1834	0.3863	
97865844	97867004	1160	0.1138	0.0103	0.8595	
99103041	99103317	276	0.0	1.0	0.0	
100151106	100151610	504	0.3591	0.5992	0.0079	
100165142	100165697	555	0.5171	0.0883	0.2757	
100179168	100179492	324	0.608	0.1852	0.0679	
100403000	100403367	367	0.0	1.0	0.0	
100544439	100545813	1374	0.0808	0.3108	0.5946	
100623302	100626469	3167	0.0524	0.0654	0.8633	
100654175	100655008	833	0.2785	0.1453	0.5378	
100730020	100730813	793	0.2863	0.5776	0.0643	
100961549	100962105	556	0.0	1.0	0.0	
100962820	100962981	161	0.0	1.0	0.0	
101039173	101039430	257	0.0	1.0	0.0	
101066659	101067721	1062	0.0235	0.9746	0.0	
101262104	101262401	297	0.9226	0.0034	0.0101	
101427207	101427543	336	0.4256	0.1637	0.3185	
102032205	102032941	736	0.4293	0.1793	0.3071	
102068344	102068534	190	0.0	1.0	0.0	
103368904	103369390	486	0.2263	0.4218	0.142	
103656587	103657392	805	0.4547	0.2335	0.2149	
104507741	104509007	1266	0.0	1.0	0.0	
104509510	104509932	422	0.4147	0.1209	0.1611	
104587445	104587812	367	0.0	1.0	0.0	
104711545	104711883	338	0.0976	0.8491	0.0	
105035942	105036120	178	0.8933	0.0337	0.0	
105160963	105162103	1140	0.3044	0.1272	0.5237	
105276111	105276356	245	0.8286	0.0122	0.0449	
105387281	105387472	191	0.9058	0.0052	0.0209	
105643277	105643558	281	0.8185	0.0747	0.0	
105827156	105827802	646	0.4659	0.1254	0.3111	
107758333	107758806	473	0.4588	0.0402	0.482	
107922293	107922831	538	0.6041	0.1673	0.0762	
107956323	107957119	796	0.299	0.0126	0.6457	
108542753	108543361	608	0.4145	0.1332	0.4063	
109825944	109826305	361	0.0	1.0	0.0	
110404281	110405089	808	0.2252	0.2228	0.5223	
110705640	110705792	152	0.9408	0.0	0.0	
111553420	111554022	602	0.6279	0.1794	0.098	
111643536	111643729	193	0.9585	0.0052	0.0	
111726960	111727465	505	0.8376	0.0119	0.0416	
111849120	111849448	328	0.5701	0.1982	0.0823	
112279682	112280741	1059	0.4759	0.1426	0.3154	
112282021	112282521	500	0.406	0.39	0.076	
112303054	112304858	1804	0.1713	0.0909	0.7018	
112352818	112353217	399	0.381	0.0301	0.5263	
112423513	112423734	221	0.8733	0.0	0.0	
112522401	112524357	1956	0.0133	0.1319	0.8533	
112535098	112535311	213	0.0	1.0	0.0	
112614242	112614587	345	0.6261	0.2	0.0609	
112615050	112615288	238	0.916	0.0	0.0	
112745963	112746895	932	0.22	0.1373	0.5933	
112856559	112858637	2078	0.1925	0.0361	0.7228	
112879434	112879662	228	0.5789	0.3246	0.0	
112947166	112947420	254	0.0	1.0	0.0	
113326329	113326532	203	0.9852	0.0	0.0	
113465761	113466193	432	0.6898	0.037	0.206	
113578054	113578811	757	0.6341	0.0423	0.2325	
114105218	114105452	234	0.8034	0.0385	0.0385	
114191971	114195211	3240	0.1389	0.0963	0.7364	
114252544	114253045	501	0.6707	0.0479	0.1856	
114279309	114279897	588	0.267	0.0034	0.6752	
114663231	114663509	278	0.5	0.4676	0.0036	
115264726	115265157	431	0.3434	0.0116	0.5916	
115752499	115752696	197	0.0	1.0	0.0	
116877386	116878276	890	0.3258	0.0831	0.5596	
117011263	117012314	1051	0.5071	0.0961	0.314	
117227383	117227878	495	0.4101	0.1798	0.2687	
117436685	117436978	293	0.0	1.0	0.0	
117439176	117439787	611	0.0	1.0	0.0	
117440232	117440908	676	0.0	1.0	0.0	
117525695	117525894	199	0.9397	0.005	0.0	
117542342	117542736	394	0.797	0.0305	0.0127	
117650989	117651250	261	0.8927	0.0038	0.023	
118157604	118157848	244	0.7254	0.0533	0.0779	
118301087	118301456	369	0.6396	0.0488	0.1111	
118451006	118452605	1599	0.0807	0.0019	0.9074	
118574893	118575496	603	0.0	1.0	0.0	
118576089	118576394	305	0.0	1.0	0.0	
118717165	118717352	187	0.9358	0.0214	0.0	
119695253	119695458	205	0.8244	0.0293	0.0537	
119697455	119697635	180	0.8667	0.0222	0.0	
119987216	119988431	1215	0.2329	0.0815	0.6272	
120372669	120374479	1810	0.2044	0.0569	0.711	
120456030	120456495	465	0.5484	0.2086	0.1204	
120719235	120719731	496	0.5907	0.0524	0.2823	
120842261	120842610	349	0.4011	0.4097	0.1576	
120995045	120995922	877	0.4743	0.0889	0.3523	
121188621	121189018	397	0.4559	0.5063	0.0	
124447653	124449016	1363	0.0374	0.493	0.4629	
124609498	124609721	223	0.9103	0.0045	0.0045	
124644658	124645316	658	0.0	1.0	0.0	
128647533	128648325	792	0.2652	0.2096	0.5	
128763863	128764462	599	0.2137	0.1302	0.6194	
129108246	129109550	1304	0.0	1.0	0.0	
129136673	129137186	513	0.7563	0.0312	0.1248	
129141319	129142688	1369	0.2111	0.0957	0.6406	
129147876	129148318	442	0.4072	0.3462	0.1516	
129150696	129151726	1030	0.235	0.2126	0.4563	
129163102	129170196	7094	0.0187	0.0199	0.9579	
129248481	129248668	187	0.8128	0.0963	0.0	
129638199	129638532	333	0.7748	0.006	0.0871	
129843618	129843821	203	0.9458	0.0	0.0049	
130236021	130236516	495	0.8424	0.0303	0.004	
130623854	130627767	3913	0.0266	0.6726	0.2954	
131388133	131388628	495	0.2606	0.7232	0.0	
131474124	131474925	801	0.7978	0.0549	0.0824	
131500204	131501157	953	0.4344	0.2917	0.1994	
131503217	131503662	445	0.4112	0.2449	0.2876	
131526016	131526778	762	0.1457	0.3241	0.5013	
131553178	131555489	2311	0.2008	0.2358	0.5024	
131727467	131728070	603	0.0	1.0	0.0	
131728802	131729660	858	0.0	1.0	0.0	
131731119	131731697	578	0.0	1.0	0.0	
131800680	131801153	473	0.0	1.0	0.0	
131942122	131942981	859	0.1886	0.7614	0.007	
132152717	132152982	265	0.6226	0.3019	0.0038	
132202754	132203550	796	0.7638	0.0515	0.1219	
132608326	132608729	403	0.3995	0.4615	0.1141	
133208564	133208761	197	0.0	1.0	0.0	
133585724	133586387	663	0.4842	0.1644	0.2398	
133587660	133587986	326	0.5	0.0675	0.3436	
134215721	134216509	788	0.2957	0.1383	0.5571	
134789197	134789478	281	0.5552	0.1779	0.1495	
134967733	134967990	257	0.9339	0.0	0.0233	
135390417	135390771	354	0.6158	0.1299	0.1808	
135656424	135657171	747	0.5609	0.1954	0.1285	
136055714	136059190	3476	0.036	0.0869	0.872	
136347169	136347311	142	0.9366	0.0141	0.0	
136547326	136548226	900	0.5211	0.1733	0.1856	
136583047	136584223	1176	0.3308	0.1505	0.4592	
138711314	138711966	652	0.4325	0.227	0.2653	
138844960	138845233	273	0.7802	0.1062	0.011	
139214080	139214480	400	0.91	0.03	0.0	
139227288	139227653	365	0.3041	0.2795	0.3589	
139331691	139331926	235	0.8979	0.0	0.0085	
139517140	139518069	929	0.2024	0.1572	0.6179	
139544063	139544548	485	0.5485	0.3443	0.0309	
139682125	139682680	555	0.7387	0.0342	0.0955	
139687812	139687965	153	0.9412	0.0065	0.0	
140197525	140197671	146	0.0	1.0	0.0	
140338634	140339094	460	0.7587	0.0283	0.113	
140504164	140504427	263	0.8707	0.0	0.0228	
140518235	140519361	1126	0.1385	0.27	0.5666	
140524637	140527404	2767	0.0723	0.0094	0.9151	
140731423	140739412	7989	0.0403	0.0113	0.944	
140740308	140740752	444	0.7568	0.0518	0.0405	
140749378	140750020	642	0.8411	0.0234	0.0249	
141017795	141018590	795	0.4289	0.0453	0.4679	
141059270	141060185	915	0.1148	0.1049	0.7683	
141108466	141108632	166	0.8976	0.006	0.0723	
141297436	141298002	566	0.0	1.0	0.0	
141527923	141528818	895	0.6827	0.0436	0.1899	
141555838	141556083	245	0.5265	0.3878	0.0041	
142295747	142298957	3210	0.1047	0.0112	0.8735	
142370525	142370847	322	0.9161	0.0124	0.0124	
142512146	142512346	200	0.905	0.035	0.005	
143526310	143526538	228	0.8158	0.0833	0.0088	
143589950	143590747	797	0.0	1.0	0.0	
144292569	144292835	266	0.8684	0.0	0.0564	
144327134	144327369	235	0.7362	0.2043	0.0213	
144328435	144328576	141	0.8865	0.0426	0.0071	
144460705	144460906	201	0.8756	0.0348	0.0199	
144598723	144599047	324	0.8858	0.0216	0.0031	
145360888	145361083	195	0.8359	0.0359	0.0205	
145497147	145497675	528	0.5	0.4223	0.0038	
145769709	145770086	377	0.8859	0.008	0.0106	
145919010	145921427	2417	0.1473	0.0637	0.736	
146041832	146042097	265	0.883	0.0189	0.0491	
146107429	146108026	597	0.0	1.0	0.0	
146338084	146338591	507	0.5227	0.1006	0.2761	
146351868	146353534	1666	0.0246	0.482	0.4904	
146530301	146530543	242	0.8388	0.0289	0.0248	
146742625	146743087	462	0.4784	0.1385	0.342	
147020356	147020629	273	0.9048	0.0037	0.0	
147081815	147082359	544	0.4963	0.1287	0.2831	
147721199	147727720	6521	0.0972	0.012	0.8761	
148174043	148174229	186	0.9301	0.0	0.0108	
148492247	148493233	986	0.6004	0.0943	0.2363	
148501541	148501877	336	0.7351	0.125	0.0923	
148697427	148698240	813	0.3604	0.1525	0.4539	
148911990	148912455	465	0.757	0.0946	0.0624	
148940222	148940491	269	0.8439	0.0372	0.0483	
149252624	149253161	537	0.352	0.1304	0.4507	
149368446	149369026	580	0.2241	0.481	0.2603	
149951269	149951648	379	0.0	1.0	0.0	
150422744	150423025	281	0.8541	0.0071	0.0534	
150500739	150500961	222	0.9054	0.0	0.0	
150933205	150933355	150	0.8667	0.0867	0.0133	
150941300	150942132	832	0.2596	0.2428	0.4663	
151018976	151019202	226	0.9469	0.0044	0.0177	
151159902	151160550	648	0.713	0.0201	0.2099	
151228386	151228803	417	0.3357	0.1918	0.3621	
151313102	151313847	745	0.6779	0.1047	0.0953	
151417229	151417471	242	0.9091	0.0083	0.0	
151424798	151425130	332	0.8494	0.0602	0.012	
151531047	151531800	753	0.5591	0.0027	0.3785	
151748943	151749148	205	0.7854	0.0537	0.0049	
152083846	152084054	208	0.8606	0.0625	0.0144	
152627588	152628801	1213	0.1311	0.0091	0.8409	
152630051	152630825	774	0.3902	0.2093	0.3656	
152667116	152668156	1040	0.4663	0.1327	0.3173	
152705583	152705782	199	0.1357	0.804	0.0452	
152897399	152897995	596	0.0	1.0	0.0	
153778764	153779179	415	0.6193	0.1783	0.0747	
153916819	153917138	319	0.0	1.0	0.0	
153919979	153920336	357	0.0	1.0	0.0	
155215806	155216096	290	0.7138	0.2621	0.0	
155559531	155561701	2170	0.112	0.0493	0.8207	
155590216	155590510	294	0.7619	0.1361	0.0034	
155749014	155749547	533	0.5629	0.0356	0.1989	
156155408	156156263	855	0.2222	0.0936	0.6398	
156307635	156307999	364	0.2418	0.3874	0.1484	
156634933	156635270	337	0.8279	0.0534	0.0089	
157086330	157093642	7312	0.0867	0.07	0.82	
157297056	157297246	190	0.8579	0.0263	0.0211	
157364350	157365283	933	0.8564	0.0364	0.0461	
157422133	157422799	666	0.2898	0.1141	0.5571	
157562572	157563156	584	0.7774	0.0445	0.1062	
157943606	157944771	1165	0.3871	0.0953	0.4438	
157973165	157973481	316	0.2658	0.6962	0.0127	
158309575	158309823	248	0.7742	0.0444	0.0403	
158518385	158518586	201	0.9453	0.0	0.0	
158558366	158558628	262	0.0	1.0	0.0	
158597315	158597571	256	0.7031	0.1875	0.0039	
159931162	159931938	776	0.4343	0.0683	0.4742	
160476517	160476965	448	0.4464	0.0223	0.4531	
160663197	160663400	203	0.7586	0.064	0.069	
160788231	160788557	326	0.3926	0.1564	0.3466	
161008689	161008975	286	0.8741	0.007	0.049	
161017229	161017508	279	0.7204	0.1935	0.0323	
161093480	161094137	657	0.3501	0.3607	0.1918	
161102355	161102761	406	0.0	1.0	0.0	
161378480	161379426	946	0.2368	0.3848	0.3478	
161390005	161390669	664	0.5753	0.0452	0.2726	
161841182	161841652	470	0.8617	0.0128	0.0319	
162249111	162249263	152	0.0	1.0	0.0	
162404244	162404817	573	0.0	1.0	0.0	
162442878	162443493	615	0.7789	0.0423	0.1024	
162857466	162859450	1984	0.1638	0.0418	0.7813	
163550058	163557152	7094	0.0152	0.0519	0.9311	
164236578	164237052	474	0.6076	0.2785	0.0295	
164281017	164281392	375	0.0	1.0	0.0	
166082199	166082432	233	0.8498	0.0429	0.0172	
166670654	166671141	487	0.7885	0.0616	0.0595	
166736385	166736663	278	0.0	1.0	0.0	
166748025	166748252	227	0.1542	0.8106	0.0	
166752441	166752716	275	0.0	1.0	0.0	
166952431	166953363	932	0.2865	0.1073	0.5536	
166974598	166975482	884	0.1391	0.0124	0.8394	
166991099	166991510	411	0.9221	0.0024	0.0	
167140291	167140596	305	0.6393	0.0885	0.1148	
167201792	167202084	292	0.8014	0.0308	0.0034	
167921615	167922805	1190	0.2672	0.3067	0.3655	
168154010	168156227	2217	0.2088	0.088	0.6626	
168233810	168234534	724	0.4227	0.413	0.0345	
168845182	168846269	1087	0.1527	0.184	0.6477	
168850274	168850562	288	0.6667	0.1424	0.0868	
169099040	169100634	1594	0.7346	0.0979	0.0558	
169903924	169904221	297	0.0	1.0	0.0	
169919704	169919938	234	0.0	1.0	0.0	
169932484	169933039	555	0.7477	0.0288	0.0703	
170481331	170482199	868	0.2903	0.1498	0.5265	
171282822	171284394	1572	0.2436	0.1005	0.6145	
171288225	171288468	243	0.9424	0.0	0.0	
171782314	171783503	1189	0.1615	0.032	0.7763	
171812106	171812363	257	0.4903	0.4358	0.0	
171817593	171817774	181	0.7072	0.0221	0.1878	
172195009	172195791	782	0.3069	0.2941	0.3171	
172205638	172206097	459	0.8649	0.0	0.0654	
172549902	172550147	245	0.9061	0.0	0.0163	
172716300	172716525	225	0.88	0.0222	0.0133	
173214374	173214635	261	0.8889	0.0153	0.0	
173867854	173868236	382	0.6309	0.3141	0.0079	
174084883	174085951	1068	0.1442	0.0637	0.7828	
174180756	174181163	407	0.4545	0.059	0.4595	
174220876	174221118	242	0.7107	0.2149	0.0083	
174272385	174272617	232	0.8836	0.0172	0.0129	
174379981	174380218	237	0.8734	0.0211	0.0042	
174582272	174582571	299	0.8729	0.0268	0.0067	
174584529	174584722	193	0.886	0.0259	0.0	
174604199	174607123	2924	0.0872	0.0451	0.8512	
174607946	174611034	3088	0.2128	0.047	0.6907	
174647897	174648061	164	0.9207	0.0366	0.0	
174708969	174709463	494	0.3583	0.0162	0.5931	
174967098	174967629	531	0.8079	0.0132	0.0471	
175171503	175171917	414	0.4614	0.4324	0.0121	
175343058	175344798	1740	0.1966	0.2402	0.5414	
176265937	176266206	269	0.8587	0.0037	0.0037	
176285728	176286028	300	0.9167	0.0167	0.01	
176580520	176580804	284	0.8838	0.0	0.0	
176596143	176596527	384	0.5052	0.388	0.0234	
176619054	176620230	1176	0.8401	0.0238	0.04	
176620419	176620980	561	0.1373	0.2941	0.5419	
176660183	176661076	893	0.1993	0.2968	0.4647	
176697814	176697974	160	0.5313	0.4188	0.0	
177865824	177866171	347	0.634	0.1268	0.1527	
177957004	177957518	514	0.5233	0.0837	0.356	
177958158	177958548	390	0.8103	0.0179	0.0385	
177960192	177960452	260	0.8538	0.0115	0.0192	
177973062	177973339	277	0.0	1.0	0.0	
178243792	178244215	423	0.4917	0.3357	0.0804	
179192565	179193157	592	0.5574	0.2297	0.0541	
179391502	179391851	349	0.6934	0.0974	0.0888	
180034437	180034685	248	0.8105	0.1048	0.0323	
180485004	180485227	223	0.0	1.0	0.0	
180531197	180533423	2226	0.2547	0.0876	0.6141	
180619079	180619377	298	0.6879	0.094	0.1544	
180809692	180809991	299	0.0	1.0	0.0	
180993019	180993213	194	0.8557	0.0258	0.0722	
180995824	180996136	312	0.7788	0.0513	0.0609	
181293772	181293995	223	0.8341	0.0807	0.0179	
182963317	182963831	514	0.0681	0.3288	0.5525	
183170463	183171809	1346	0.2704	0.208	0.4569	
183234833	183235721	888	0.134	0.1363	0.7061	
183983979	183984454	475	0.4484	0.2105	0.2042	
184690897	184692386	1489	0.0	1.0	0.0	
185056592	185057292	700	0.0	1.0	0.0	
185278702	185279943	1241	0.2869	0.0862	0.577	
185325408	185325692	284	0.0	1.0	0.0	
185567486	185567727	241	0.0	1.0	0.0	
185839674	185840468	794	0.0	1.0	0.0	
186300401	186300690	289	0.6851	0.083	0.1696	
186654618	186655711	1093	0.5325	0.1153	0.2644	
187196096	187205737	9641	0.026	0.0564	0.9147	
187206685	187209535	2850	0.1509	0.0705	0.7439	
187235841	187236940	1099	0.2584	0.3358	0.3603	
187244751	187245197	446	0.0	1.0	0.0	
187245921	187246243	322	0.9317	0.0	0.0	
187263022	187263191	169	0.0	1.0	0.0	
187413626	187414150	524	0.5935	0.2385	0.0782	
187756973	187757331	358	0.7235	0.1453	0.0028	
187822258	187822495	237	0.8312	0.0717	0.0	
187909032	187910106	1074	0.3529	0.1155	0.4786	
188258786	188259113	327	0.1131	0.8716	0.0	
188433186	188433503	317	0.511	0.2618	0.183	
188696000	188696285	285	0.7825	0.0632	0.0246	
188846428	188847882	1454	0.2235	0.0729	0.6589	
189025405	189025758	353	0.7082	0.051	0.1586	
191218325	191218492	167	0.9281	0.006	0.0	
192043714	192044012	298	0.6174	0.2852	0.0403	
192072749	192073507	758	0.3034	0.1306	0.5224	
192299170	192299417	247	0.8826	0.0	0.0283	
192413358	192413788	430	0.7093	0.0512	0.1674	
195139921	195140295	374	0.7326	0.0267	0.1176	
195184386	195190102	5716	0.1051	0.0294	0.8523	
195204876	195205364	488	0.0	1.0	0.0	
195209376	195211308	1932	0.1863	0.1625	0.6387	
196096758	196098150	1392	0.0977	0.0999	0.7989	
197348729	197349026	297	0.6633	0.0337	0.1818	
197617494	197617701	207	0.0	1.0	0.0	
197821898	197822208	310	0.5677	0.371	0.0065	
198814323	198815514	1191	0.3669	0.1125	0.4643	
198925157	198926026	869	0.1933	0.0656	0.7261	
199645011	199645860	849	0.3322	0.3545	0.2485	
199691288	199691626	338	0.7337	0.1065	0.0473	
199923313	199924125	812	0.484	0.1355	0.2906	
201296718	201297048	330	0.8667	0.0212	0.0545	
201522589	201522863	274	0.365	0.2664	0.2664	
201562833	201563582	749	0.7824	0.0734	0.012	
201857288	201858570	1282	0.39	0.0741	0.4696	
202161424	202162343	919	0.2503	0.074	0.6507	
202299691	202300434	743	0.4428	0.4105	0.1104	
202317523	202317808	285	0.8667	0.0386	0.0246	
202422196	202423326	1130	0.3664	0.0903	0.4867	
202523097	202523316	219	0.8447	0.0457	0.0091	
202587625	202587945	320	0.8656	0.0063	0.0094	
202718929	202720488	1559	0.0038	0.567	0.4285	
202735366	202735739	373	0.748	0.0697	0.0617	
202897138	202897994	856	0.1811	0.0374	0.778	
203688330	203688518	188	0.867	0.0213	0.0	
203821365	203821579	214	0.9065	0.0093	0.0047	
204354111	204354464	353	0.9377	0.0	0.0142	
204370444	204370630	186	0.9247	0.0	0.0215	
204460803	204460996	193	0.9689	0.0	0.0259	
204464264	204464721	457	0.5339	0.1641	0.2626	
204952873	204953069	196	0.8163	0.0102	0.0714	
205103942	205104535	593	0.6121	0.1282	0.1568	
205162713	205165393	2680	0.2563	0.0922	0.6153	
205185894	205186233	339	0.8378	0.0265	0.059	
205199826	205200634	808	0.4394	0.0248	0.4653	
205402213	205402663	450	0.8622	0.0178	0.0444	
205409923	205410103	180	0.95	0.0	0.0056	
205424895	205425316	421	0.6105	0.2352	0.0831	
205476664	205477289	625	0.4384	0.0384	0.4848	
205915386	205915612	226	0.8894	0.0	0.0354	
206036177	206036385	208	0.976	0.0	0.0	
206419898	206420150	252	0.9683	0.004	0.0	
206432207	206432830	623	0.2311	0.0546	0.6677	
206542524	206544083	1559	0.3226	0.0487	0.5779	
206567692	206568105	413	0.5666	0.368	0.0073	
206597275	206598256	981	0.3578	0.2599	0.314	
206606694	206607757	1063	0.1656	0.0386	0.7705	
206751566	206751833	267	0.6142	0.2135	0.1199	
206759309	206759706	397	0.8715	0.0	0.0353	
206779913	206780663	750	0.068	0.1907	0.6827	
206858292	206858474	182	0.0	1.0	0.0	
206928918	206930940	2022	0.139	0.0321	0.814	
206993265	206993558	293	0.4164	0.4266	0.0068	
207233738	207234420	682	0.0	1.0	0.0	
207354806	207355129	323	0.5232	0.2848	0.1146	
207737536	207737799	263	0.5665	0.0456	0.27	
207924905	207925419	514	0.6518	0.1187	0.1556	
207952736	207952925	189	0.6561	0.2434	0.0688	
207967118	207967483	365	0.8301	0.0274	0.0521	
208219911	208220559	648	0.7145	0.0355	0.1728	
208262591	208263930	1339	0.106	0.0784	0.8021	
208329440	208329768	328	0.5884	0.1341	0.128	
208376696	208377793	1097	0.3665	0.1914	0.3911	
208391009	208391502	493	0.0	1.0	0.0	
209265152	209266507	1355	0.2731	0.0627	0.6052	
209473240	209473692	452	0.4668	0.104	0.3584	
209512209	209512482	273	0.8205	0.0147	0.0659	
209514515	209514754	239	0.7322	0.0586	0.0586	
209550516	209551045	529	0.4688	0.4253	0.0284	
210172873	210173024	151	0.9007	0.0	0.0397	
210575883	210576044	161	0.8758	0.0	0.0	
210719272	210719452	180	0.8833	0.0222	0.0	
210727055	210727207	152	0.9737	0.0	0.0	
210822655	210822922	267	0.97	0.0187	0.0	
210889392	210889611	219	0.9315	0.0183	0.0	
210910176	210910457	281	0.911	0.0036	0.0107	
210932841	210933129	288	0.5347	0.4028	0.0104	
210938053	210938418	365	0.5589	0.126	0.1205	
210974202	210974934	732	0.3852	0.0082	0.5861	
211174291	211176481	2190	0.0443	0.0105	0.9352	
211185238	211185866	628	0.3248	0.3567	0.2357	
211483746	211485008	1262	0.3336	0.0531	0.5602	
211519039	211519269	230	0.0	1.0	0.0	
211667180	211667318	138	0.971	0.0	0.0	
211740263	211740868	605	0.4397	0.0479	0.4876	
211833538	211833689	151	0.8079	0.053	0.053	
211897645	211897887	242	0.7562	0.0207	0.0661	
212039242	212039480	238	0.8067	0.0966	0.0	
212355197	212355885	688	0.0538	0.4128	0.5029	
212675089	212675656	567	0.6667	0.0441	0.1499	
212746659	212747329	670	0.3672	0.194	0.3821	
212996518	212997123	605	0.6066	0.1785	0.1421	
213167114	213167522	408	0.3725	0.5662	0.0025	
213174936	213175228	292	0.7603	0.0616	0.0171	
213230099	213230882	783	0.3985	0.2375	0.2554	
213509795	213511179	1384	0.1539	0.1004	0.716	
213854485	213854780	295	0.8068	0.0373	0.0373	
213979206	213981573	2367	0.2518	0.1276	0.5813	
214007343	214007538	195	0.8667	0.0615	0.0051	
214151510	214155845	4335	0.2932	0.0985	0.5691	
214349462	214349921	459	0.5359	0.3813	0.0	
214451778	214451942	164	0.9573	0.0061	0.0	
214845914	214846582	668	0.3084	0.0793	0.5838	
215015428	215015790	362	0.7044	0.232	0.0083	
215042776	215043591	815	0.2147	0.1018	0.6196	
215114357	215114797	440	0.2909	0.0773	0.6114	
215335253	215335860	607	0.5931	0.1895	0.1598	
215558899	215561522	2623	0.1201	0.0362	0.8193	
215631953	215632649	696	0.3922	0.3879	0.1379	
215726194	215726584	390	0.0	1.0	0.0	
215759102	215759501	399	0.8471	0.0226	0.005	
215858061	215858414	353	0.5751	0.187	0.17	
215893623	215894505	882	0.2925	0.0193	0.6655	
216105301	216106217	916	0.3985	0.4083	0.1365	
216318897	216319138	241	0.0	1.0	0.0	
216966296	216966954	658	0.6201	0.1596	0.1003	
217215387	217216296	909	0.4191	0.231	0.2343	
217244587	217245324	737	0.4111	0.4125	0.0855	
217324560	217324709	149	0.7987	0.1275	0.0537	
217372046	217372602	556	0.5162	0.1511	0.2176	
217806561	217806814	253	0.9407	0.0079	0.0	
217849810	217850068	258	0.7868	0.0078	0.0194	
220439616	220439932	316	0.4842	0.1646	0.2722	
220673926	220674458	532	0.1842	0.3214	0.485	
220711417	220712582	1165	0.2232	0.0464	0.691	
220714249	220714699	450	0.7511	0.1022	0.0133	
220891501	220891967	466	0.3605	0.4485	0.1223	
222417301	222417489	188	0.766	0.0053	0.1117	
222471758	222471932	174	0.7701	0.1609	0.0057	
222853263	222853876	613	0.0	1.0	0.0	
222856043	222856263	220	0.9636	0.0045	0.0	
222866543	222866829	286	0.8776	0.0035	0.035	
222987271	222988071	800	0.52	0.0675	0.3262	
223116941	223117130	189	0.8307	0.037	0.0	
223229065	223229786	721	0.0666	0.9223	0.0	
223562407	223562608	201	0.806	0.0348	0.0149	
223585443	223586165	722	0.0014	0.9972	0.0	
223606955	223607098	143	0.8881	0.0	0.0	
223797061	223800670	3609	0.0402	0.1025	0.8495	
223830427	223830728	301	0.588	0.0465	0.3056	
223977662	223977858	196	0.8316	0.0	0.0561	
223978881	223979247	366	0.6311	0.2158	0.0246	
224040321	224040644	323	0.065	0.8854	0.0433	
224507768	224508127	359	0.9248	0.0111	0.0028	
224569941	224570693	752	0.4242	0.0957	0.3896	
224711769	224711961	192	0.9063	0.0	0.0313	
224733172	224733663	491	0.3198	0.2261	0.3992	
225013519	225013749	230	0.313	0.5391	0.0217	
225727601	225727835	234	0.9615	0.0	0.0043	
225820339	225820614	275	0.9309	0.0036	0.0	
226237959	226238191	232	0.75	0.0216	0.1724	
226286560	226287057	497	0.6378	0.0523	0.1429	
226291727	226293530	1803	0.3394	0.0865	0.5158	
226360355	226361765	1410	0.4106	0.2206	0.2872	
226460855	226461698	843	0.4033	0.0391	0.5208	
226476959	226478267	1308	0.4228	0.2187	0.2706	
226560126	226560267	141	0.8936	0.0	0.0142	
226924312	226924669	357	0.5826	0.2745	0.0084	
227411361	227411984	623	0.5185	0.0112	0.4286	
227427185	227427666	481	0.0	1.0	0.0	
227761694	227761914	220	0.4864	0.3636	0.0455	
228808321	228808668	347	0.6772	0.2277	0.0115	
228845651	228846017	366	0.8005	0.0109	0.0574	
228851257	228851487	230	0.7261	0.087	0.0826	
228864386	228865140	754	0.6207	0.1008	0.1844	
228874006	228874639	633	0.2433	0.3776	0.3207	
229027015	229027164	149	0.953	0.0	0.0	
229047547	229048570	1023	0.1632	0.2209	0.6031	
229050761	229051158	397	0.6574	0.0831	0.1763	
229244892	229245469	577	0.357	0.539	0.0693	
229516584	229516754	170	0.0235	0.9765	0.0	
229646848	229647594	746	0.0	1.0	0.0	
229909920	229910078	158	0.9114	0.0	0.0	
230139394	230139565	171	0.9357	0.0058	0.0	
230215449	230215951	502	0.1912	0.3068	0.4841	
230537606	230537806	200	0.875	0.005	0.025	
230539235	230539821	586	0.8038	0.0239	0.0358	
230651519	230652130	611	0.4157	0.5417	0.0065	
231100235	231101419	1184	0.1698	0.0363	0.7686	
231379274	231379751	477	0.8491	0.0063	0.0377	
232682873	232683387	514	0.3988	0.5175	0.0156	
232750529	232751333	804	0.3893	0.1144	0.4627	
232949730	232950490	760	0.5487	0.1539	0.2211	
233316821	233317073	252	0.8492	0.0714	0.004	
233883846	233884021	175	0.8914	0.0	0.0	
234253483	234253908	425	0.3153	0.0682	0.5741	
234675531	234677131	1600	0.4219	0.1131	0.385	
234753986	234754153	167	0.8204	0.012	0.0419	
234797244	234797432	188	0.8989	0.0	0.0	
234966154	234966498	344	0.7645	0.0698	0.0058	
234972200	234972841	641	0.3448	0.3775	0.2044	
235706665	235706985	320	0.7344	0.1156	0.0031	
236706865	236707121	256	0.707	0.1445	0.0	
239030515	239031178	663	0.368	0.1554	0.3544	
239211653	239212057	404	0.302	0.1782	0.495	
239534184	239534658	474	0.7236	0.0549	0.1287	
239583126	239583334	208	0.9183	0.0	0.0192	
240004300	240004699	399	0.1654	0.4236	0.386	
240020600	240020831	231	0.8831	0.0	0.0	
240417402	240417891	489	0.0	1.0	0.0	
240860682	240861315	633	0.5719	0.158	0.1754	
241295936	241296334	398	0.4673	0.4623	0.0302	
241382923	241383422	499	0.3627	0.0281	0.5832	
242283530	242284649	1119	0.1841	0.5183	0.2752	
242510969	242511626	657	0.0	1.0	0.0	
242606717	242606986	269	0.0	1.0	0.0	
242720503	242721132	629	0.4499	0.0238	0.4817	
242893639	242894220	581	0.79	0.0688	0.0138	
243061313	243061525	212	0.9057	0.0708	0.0	
243125467	243125796	329	0.8815	0.003	0.0395	
243138060	243138439	379	0.7863	0.0185	0.1135	
243178084	243178429	345	0.0	1.0	0.0	
243270246	243270496	250	0.796	0.0	0.064	
243330505	243330881	376	0.5319	0.133	0.2819	
243527025	243527366	341	0.5836	0.0909	0.2346	
243555479	243556751	1272	0.2956	0.055	0.6108	
243626651	243627034	383	0.5431	0.1123	0.2585	
244130669	244131525	856	0.2033	0.6273	0.1379	
244330893	244331166	273	0.0	1.0	0.0	
244934008	244934401	393	0.5674	0.3181	0.0611	
245277994	245278134	140	0.8643	0.05	0.0	
245851649	245852673	1024	0.4355	0.3457	0.1523	
245992804	245993700	896	0.5759	0.1172	0.1808	
245993904	245994280	376	0.2101	0.7234	0.0	
246022710	246022993	283	0.3498	0.0424	0.5088	
246336538	246337862	1324	0.0627	0.2077	0.676	
246653738	246653956	218	0.8624	0.0183	0.0367	
247146966	247147869	903	0.0	1.0	0.0	
247755511	247755886	375	0.7627	0.144	0.0027	
248179302	248179853	551	0.4446	0.1053	0.3666	
248310588	248311557	969	0.2167	0.1022	0.6687	
248471649	248471885	236	0.8093	0.0424	0.0042	
248595861	248596228	367	0.5613	0.03	0.3134	
248625360	248625967	607	0.4596	0.0412	0.453	
248687499	248687840	341	0.0	1.0	0.0	
248783641	248783811	170	0.8529	0.0118	0.0059	
250682398	250683611	1213	0.1591	0.3809	0.4056	
250695688	250697392	1704	0.2377	0.108	0.6127	
250876033	250876486	453	0.6468	0.0795	0.0993	
251025431	251025727	296	0.0	1.0	0.0	
252658355	252659209	854	0.5164	0.1991	0.2131	
252864142	252864398	256	0.0	1.0	0.0	
253169644	253169827	183	0.7213	0.153	0.0492	
253264897	253266528	1631	0.2992	0.1827	0.4795	
253372454	253372713	259	0.7606	0.1042	0.0309	
253470773	253472408	1635	0.3914	0.0599	0.5028	
253571711	253571901	190	0.8947	0.0	0.0053	
253586826	253587029	203	0.7783	0.1182	0.0296	
253781660	253781840	180	0.9278	0.0222	0.0	
254469515	254470266	751	0.5739	0.0266	0.3795	
254555440	254555718	278	0.8777	0.0719	0.0	
254649152	254649404	252	0.7897	0.0079	0.0476	
255396797	255397192	395	0.8582	0.0	0.043	
255564946	255565853	907	0.3738	0.086	0.5028	
255776830	255777209	379	0.8575	0.0106	0.0897	
256033718	256033940	222	0.6261	0.2342	0.027	
256402272	256403037	765	0.5046	0.2797	0.1333	
256509006	256509858	852	0.1526	0.5528	0.2805	
256534764	256536417	1653	0.2045	0.1875	0.5844	
256823414	256823659	245	0.8898	0.0041	0.0	
256827940	256828166	226	0.9425	0.0	0.0177	
257187859	257188406	547	0.5155	0.0987	0.2742	
257222393	257222604	211	0.8436	0.019	0.0237	
257550057	257550936	879	0.2742	0.091	0.5734	
257655543	257655800	257	0.8327	0.0	0.0506	
257697413	257697601	188	0.8351	0.0691	0.0053	
257709845	257710262	417	0.4724	0.518	0.0	
257876393	257876842	449	0.8508	0.0111	0.049	
257896499	257897316	817	0.705	0.0539	0.1542	
258066445	258066871	426	0.7324	0.0822	0.0634	
258132425	258132875	450	0.8622	0.0267	0.0178	
258343091	258343552	461	0.5228	0.1258	0.308	
258468484	258468786	302	0.9139	0.0099	0.0199	
258507971	258508199	228	0.8991	0.0	0.0263	
258760108	258760748	640	0.0234	0.9641	0.0	
259091567	259091813	246	0.878	0.0163	0.0041	
259346694	259347179	485	0.8515	0.0351	0.0062	
259405695	259406183	488	0.4529	0.418	0.0246	
259971550	259972274	724	0.6519	0.0815	0.1506	
259997191	259997333	142	0.9507	0.0	0.0	
260125508	260126527	1019	0.4151	0.106	0.4328	
261050910	261051569	659	0.1047	0.2822	0.5979	
261065544	261065808	264	0.7879	0.1553	0.0	
261165753	261165909	156	0.9231	0.0256	0.0	
261275306	261275473	167	0.9401	0.024	0.006	
261306500	261307228	728	0.4231	0.1593	0.2431	
261522868	261523496	628	0.0	1.0	0.0	
262193482	262193678	196	0.8418	0.0204	0.051	
262312805	262313396	591	0.5127	0.0931	0.2386	
262314960	262317810	2850	0.2014	0.0225	0.7491	
262420784	262420986	202	0.604	0.2426	0.0099	
262916101	262917224	1123	0.228	0.0347	0.6901	
263365632	263366164	532	0.6297	0.0771	0.1955	
263477549	263478342	793	0.6595	0.2043	0.0479	
263912585	263913100	515	0.3553	0.3612	0.2291	
263975597	263976258	661	0.3207	0.1846	0.3888	
263983101	263983509	408	0.5221	0.2696	0.1618	
264015569	264016013	444	0.7725	0.027	0.0766	
264022096	264022290	194	0.866	0.0464	0.0052	
264033910	264034916	1006	0.6103	0.175	0.161	
264107225	264107466	241	0.8506	0.0498	0.029	
264462254	264463046	792	0.0783	0.3838	0.524	
264592382	264592680	298	0.6611	0.1711	0.0705	
265025566	265034385	8819	0.1118	0.0697	0.7958	
265700570	265701987	1417	0.3543	0.1658	0.386	
265954737	265955649	912	0.0	1.0	0.0	
266476328	266476542	214	0.9065	0.0	0.0093	
266800781	266801038	257	0.8949	0.0195	0.0	
267048840	267049092	252	0.2937	0.6508	0.0	
267147580	267149061	1481	0.052	0.0986	0.8204	
267315117	267315440	323	0.3808	0.1703	0.3777	
267354534	267355214	680	0.0	1.0	0.0	
267423757	267427867	4110	0.2061	0.0538	0.7075	
267544490	267545596	1106	0.17	0.5199	0.2712	
267883236	267883587	351	0.7123	0.0256	0.2251	
267917467	267917869	402	0.3806	0.1244	0.4577	
267951416	267953279	1863	0.0	1.0	0.0	
267994904	267995138	234	0.8846	0.0085	0.0427	
268078541	268079084	543	0.6777	0.2118	0.0276	
268119194	268119371	177	0.9322	0.0	0.0	
268219317	268219990	673	0.5944	0.0312	0.2823	
268390881	268391360	479	0.5261	0.2818	0.1127	
268440930	268450638	9708	0.0144	0.0068	0.9785	
268622739	268624148	1409	0.3187	0.1498	0.4634	
268769913	268770911	998	0.4739	0.3246	0.0902	
268872743	268873853	1110	0.3694	0.2829	0.2838	
268881474	268882162	688	0.4302	0.1991	0.3169	
269026968	269027287	319	0.0	1.0	0.0	
269065833	269066546	713	0.0	1.0	0.0	
269137012	269137922	910	0.4319	0.1121	0.367	
269300277	269300701	424	0.7759	0.0071	0.125	
269326920	269327097	177	0.7853	0.0904	0.0	
269470825	269471094	269	0.7807	0.0149	0.0781	
269858515	269859000	485	0.6557	0.2392	0.0	
270576005	270577010	1005	0.4527	0.0478	0.4219	
270638338	270638533	195	0.9385	0.0103	0.0	
271677849	271678434	585	0.4359	0.053	0.4479	
271685816	271689456	3640	0.1632	0.1266	0.6799	
271726881	271727037	156	0.9744	0.0	0.0256	
271793679	271794690	1011	0.1503	0.0514	0.7537	
271836191	271836932	741	0.1889	0.4872	0.2821	
271911224	271911549	325	0.8892	0.0092	0.0554	
271994059	271994298	239	0.749	0.0209	0.0711	
272013689	272014581	892	0.0	1.0	0.0	
272018016	272018589	573	0.5218	0.2269	0.1693	
272093150	272093558	408	0.1789	0.6765	0.0294	
272122997	272123527	530	0.8396	0.0358	0.0189	
272136609	272136937	328	0.0884	0.8963	0.0	
272273926	272274491	565	0.6743	0.0442	0.2212	
272278956	272283005	4049	0.0667	0.1064	0.8187	
272309238	272309564	326	0.7209	0.1595	0.0	
272860193	272860386	193	0.9171	0.0052	0.0207	
272904325	272904526	201	0.7065	0.1343	0.0199	
272914684	272914951	267	0.6779	0.1124	0.1273	
272959507	272959855	348	0.7615	0.0862	0.1034	
273303020	273306165	3145	0.11	0.0169	0.8655	
273389089	273389588	499	0.5471	0.1303	0.2525	
273390910	273391295	385	0.8597	0.013	0.0182	
273543456	273543612	156	0.9295	0.0	0.0	
273585717	273585859	142	0.9296	0.0352	0.007	
273616622	273617225	603	0.2968	0.136	0.5373	
273663781	273669369	5588	0.0462	0.0209	0.9263	
273743525	273743855	330	0.0	1.0	0.0	
273759087	273759650	563	0.0	1.0	0.0	
273761696	273764484	2788	0.2884	0.2765	0.3727	
273768195	273768389	194	0.8144	0.0773	0.0	
273769825	273770048	223	0.9013	0.0	0.0179	
273774265	273774929	664	0.2575	0.0783	0.6446	
273783124	273783405	281	0.7402	0.0676	0.1174	
273817568	273818129	561	0.9483	0.0	0.0	
273827100	273829808	2708	0.2611	0.2504	0.4369	
273911930	273912216	286	0.6364	0.2902	0.007	
274476719	274476965	246	0.0	1.0	0.0	
274505850	274506066	216	0.0	1.0	0.0	
274789915	274795394	5479	0.0613	0.0115	0.9148	
275442279	275442585	306	0.2778	0.6242	0.0065	
275493205	275494066	861	0.3357	0.2834	0.2927	
275810737	275811334	597	0.392	0.2714	0.2714	
275979771	275980002	231	0.6407	0.0823	0.0779	
276099604	276099776	172	0.9535	0.0	0.0	
276528686	276528895	209	0.9139	0.0048	0.0048	
277301983	277302261	278	0.8453	0.0072	0.054	
277335226	277336393	1167	0.1045	0.1765	0.6992	
277599830	277600067	237	0.5696	0.211	0.1224	
277746268	277746830	562	0.7064	0.1797	0.0338	
277843758	277843968	210	0.9381	0.0	0.0143	
278234140	278234493	353	0.0	1.0	0.0	
278238761	278239163	402	0.0	1.0	0.0	
278244660	278245316	656	0.0	1.0	0.0	
278274934	278275138	204	0.0	1.0	0.0	
278297247	278297646	399	0.8321	0.0351	0.0025	
278418165	278418484	319	0.6771	0.069	0.1473	
278572847	278573066	219	0.0	1.0	0.0	
278802996	278807259	4263	0.0518	0.053	0.8895	
278929008	278929241	233	0.9099	0.0386	0.0	
278941300	278941523	223	0.87	0.0404	0.0	
278978843	278978977	134	0.9552	0.0	0.0	
278979411	278979608	197	0.9645	0.0	0.0	
279270384	279271128	744	0.6909	0.0242	0.1801	
279769558	279769917	359	0.0	1.0	0.0	
280036872	280037131	259	0.0	1.0	0.0	
280108081	280108946	865	0.2497	0.4347	0.3017	
280141843	280142252	409	0.0	1.0	0.0	
280145707	280146848	1141	0.2463	0.142	0.5574	
280747815	280748353	538	0.4554	0.4201	0.0483	
280901031	280901314	283	0.417	0.265	0.2509	
280906941	280907635	694	0.3357	0.0807	0.5519	
280991132	280991671	539	0.3952	0.2523	0.2894	
282040484	282041201	717	0.6318	0.1478	0.1311	
282086643	282087273	630	0.0	1.0	0.0	
282424963	282425374	411	0.1898	0.2968	0.4647	
282923282	282923482	200	0.875	0.0	0.035	
283060783	283062491	1708	0.12	0.1341	0.7354	
283715669	283716217	548	0.0	1.0	0.0	
284066184	284066559	375	0.5973	0.0667	0.2267	
284261393	284261613	220	0.0	1.0	0.0	
284354682	284355537	855	0.3813	0.2351	0.3193	
284411964	284412509	545	0.6055	0.2055	0.0954	
284549346	284549845	499	0.6593	0.2064	0.0541	
284965583	284965940	357	0.0	1.0	0.0	
285582418	285582579	161	0.8323	0.087	0.0	
285745822	285746030	208	0.9423	0.024	0.0096	
285753486	285753691	205	0.0	1.0	0.0	
286061644	286062227	583	0.0	1.0	0.0	
286075358	286075770	412	0.0	1.0	0.0	
286081771	286082360	589	0.0	1.0	0.0	
286100663	286101006	343	0.0	1.0	0.0	
286849277	286849758	481	0.1601	0.3929	0.3909	
286900604	286901327	723	0.6528	0.1591	0.0678	
286905219	286905880	661	0.5507	0.239	0.1558	
287283244	287283485	241	0.6556	0.2282	0.0415	
287309571	287310254	683	0.6018	0.1552	0.1215	
287617098	287617723	625	0.304	0.0368	0.6128	
287671751	287671955	204	0.9608	0.0196	0.0	
287889342	287889679	337	0.5579	0.3294	0.0326	
287890296	287891722	1426	0.3766	0.1725	0.3506	
287909353	287909599	246	0.8821	0.0285	0.0244	
287959754	287960031	277	0.8231	0.083	0.0181	
288295578	288295723	145	0.9586	0.0	0.0069	
288302668	288303318	650	0.8769	0.02	0.0246	
288346461	288346710	249	0.7671	0.1566	0.0161	
288388812	288389009	197	0.9289	0.0051	0.0051	
288535387	288536678	1291	0.6979	0.0581	0.1278	
289062752	289063417	665	0.215	0.0902	0.6632	
289188538	289188996	458	0.8057	0.0786	0.0087	
289258863	289259137	274	0.7956	0.0547	0.0474	
289292017	289292727	710	0.3282	0.6028	0.0366	
289422632	289423900	1268	0.2579	0.3099	0.3683	
290081642	290082316	674	0.3783	0.0267	0.5282	
290151343	290151543	200	0.87	0.02	0.055	
290339197	290341191	1994	0.491	0.1093	0.3265	
290375035	290375300	265	0.8226	0.0302	0.0264	
290617868	290618177	309	0.5631	0.2848	0.0615	
290911021	290911315	294	0.0	1.0	0.0	
290948326	290949207	881	0.3417	0.2531	0.3553	
291057590	291058004	414	0.5338	0.4058	0.0	
291118251	291118632	381	0.6693	0.0892	0.0919	
291235423	291235747	324	0.7901	0.0154	0.0772	
291314189	291314593	404	0.7649	0.0198	0.0644	
291811139	291812025	886	0.4887	0.1445	0.3126	
291894976	291896443	1467	0.3333	0.1029	0.486	
291909068	291909244	176	0.9091	0.0398	0.0	
291936950	291937343	393	0.0	1.0	0.0	
292214718	292215741	1023	0.0	1.0	0.0	
292220026	292220758	732	0.0	1.0	0.0	
292593744	292593922	178	0.0	1.0	0.0	
292744466	292748755	4289	0.0863	0.0618	0.8391	
293611496	293611966	470	0.0	1.0	0.0	
293679637	293679991	354	0.2825	0.3136	0.3729	
293922924	293923380	456	0.4254	0.0789	0.4605	
294230141	294231780	1639	0.3301	0.1531	0.4728	
294347131	294347338	207	0.8792	0.0435	0.0338	
294377948	294380023	2075	0.0	1.0	0.0	
294864527	294864772	245	0.6857	0.2286	0.0163	
295539934	295540120	186	0.0376	0.9194	0.0	
295568209	295568954	745	0.251	0.643	0.0872	
296293277	296294379	1102	0.0	1.0	0.0	
296780911	296781245	334	0.3892	0.1347	0.3234	
296803006	296803438	432	0.0	1.0	0.0	
296809102	296809638	536	0.0	1.0	0.0	
296809727	296810006	279	0.0	1.0	0.0	
297155310	297155707	397	0.5743	0.1058	0.2166	
297613278	297613684	406	0.5985	0.3177	0.0074	
297627589	297628932	1343	0.2241	0.1236	0.5964	
297746021	297746554	533	0.6792	0.0169	0.2064	
297783056	297783295	239	0.9498	0.0042	0.0042	
298077162	298077434	272	0.7647	0.0441	0.1581	
298116662	298116916	254	0.7638	0.1575	0.0315	
298119813	298120276	463	0.6091	0.2289	0.013	
298186760	298186992	232	0.1767	0.8147	0.0	
298636123	298636788	665	0.5008	0.206	0.1805	
299144283	299144873	590	0.0	1.0	0.0	
299674762	299675090	328	0.7622	0.1067	0.0518	
299675596	299675917	321	0.7695	0.0374	0.0405	
300067686	300067868	182	0.8956	0.033	0.0055	
300519465	300519712	247	0.668	0.0607	0.0648	
300520334	300521269	935	0.2674	0.277	0.3797	
300587583	300588590	1007	0.0	1.0	0.0	
300728105	300728306	201	0.9154	0.0299	0.0	
300756424	300756609	185	0.9297	0.0541	0.0	
300817590	300818532	942	0.1433	0.0456	0.7569	
301226648	301227036	388	0.0	1.0	0.0	
302547935	302548201	266	0.7068	0.1053	0.1128	
302715971	302716594	623	0.3531	0.0144	0.5714	
303186976	303187867	891	0.7172	0.0393	0.1212	
303447600	303448276	676	0.1701	0.8107	0.0044	
304620411	304620612	201	0.7711	0.0398	0.0448	
305255307	305256003	696	0.1638	0.7371	0.079	
305608372	305608571	199	0.9196	0.0352	0.0	
305776161	305776670	509	0.1081	0.5619	0.2927	
306103741	306104142	401	0.0	1.0	0.0	
306332641	306333611	970	0.3371	0.0804	0.5423	
306382622	306383355	733	0.3342	0.1378	0.4829	
306437384	306446569	9185	0.0041	0.0611	0.9345	
306604709	306605015	306	0.7843	0.0359	0.0556	
307164860	307165550	690	0.142	0.0536	0.7855	
307227217	307227349	132	0.0	1.0	0.0	
307267974	307268409	435	0.7402	0.0276	0.1356	
307368849	307369464	615	0.226	0.2585	0.465	
307798556	307798775	219	0.6575	0.2922	0.0	
308530068	308531513	1445	0.0	1.0	0.0	
308534074	308534350	276	0.8623	0.029	0.029	
308627517	308627711	194	0.0	1.0	0.0	
309441179	309441564	385	0.8	0.0987	0.013	
309473948	309474226	278	0.3453	0.5935	0.0324	
309538406	309538800	394	0.0	1.0	0.0	
309539720	309540212	492	0.2175	0.5264	0.1789	
309773525	309773741	216	0.8611	0.0	0.0926	
310086067	310087022	955	0.2408	0.266	0.4325	
310930715	310931326	611	0.3191	0.1146	0.4321	
311456347	311457478	1131	0.45	0.0424	0.4359	
311661529	311662763	1234	0.6621	0.0697	0.1459	
312919656	312920159	503	0.5507	0.2942	0.0577	
313086450	313087333	883	0.2129	0.0396	0.7089	
314069006	314069624	618	0.4272	0.1019	0.3964	
314073907	314074682	775	0.1316	0.8465	0.0052	
314330787	314331116	329	0.5897	0.1368	0.1337	
314462575	314463792	1217	0.2251	0.1331	0.6253	
314536415	314536648	233	0.8627	0.0	0.0258	
314730946	314731110	164	0.811	0.0488	0.0	
315001358	315001656	298	0.745	0.104	0.0302	
315014081	315014911	830	0.6217	0.0711	0.2072	
315079357	315080476	1119	0.429	0.0903	0.4138	
315086797	315088060	1263	0.1473	0.1742	0.6587	
315169730	315170200	470	0.0	1.0	0.0	
315223479	315225712	2233	0.3144	0.082	0.5589	
315351827	315351978	151	0.8543	0.0662	0.0	
315393816	315394893	1077	0.3621	0.1253	0.415	
315395639	315396673	1034	0.5638	0.1277	0.1934	
315445302	315445795	493	0.789	0.0609	0.0385	
315455598	315456209	611	0.527	0.0655	0.347	
315464594	315465733	1139	0.4636	0.1563	0.2625	
315879434	315880092	658	0.1429	0.6793	0.1535	
315932331	315932522	191	0.0	1.0	0.0	
316168203	316168477	274	0.0	1.0	0.0	
316619285	316619645	360	0.5917	0.0667	0.275	
316665944	316666586	642	0.3925	0.0109	0.5561	
317610896	317611594	698	0.3968	0.1562	0.3883	
317630774	317631579	805	0.3602	0.1056	0.4547	
317949407	317949929	522	0.3544	0.2835	0.3161	
318435509	318435827	318	0.8553	0.0503	0.022	
318630218	318635783	5565	0.071	0.0588	0.8539	
319904054	319905110	1056	0.2661	0.3182	0.3324	
320097367	320097599	232	0.819	0.0	0.0474	
320612159	320612675	516	0.4864	0.2984	0.1415	
320666401	320667066	665	0.5774	0.0827	0.2361	
320741176	320742026	850	0.7012	0.0894	0.0835	
322285658	322285838	180	0.8833	0.0278	0.0056	
322439406	322439601	195	0.8513	0.0051	0.0205	
322720189	322720365	176	0.892	0.017	0.0	
322918566	322919049	483	0.2733	0.1925	0.4948	
323003200	323005333	2133	0.1294	0.0239	0.8261	
323191664	323192905	1241	0.3239	0.3143	0.299	
324206412	324207200	788	0.4607	0.0317	0.4797	
324396952	324397119	167	0.8503	0.024	0.012	
324432088	324432535	447	0.2953	0.1119	0.5526	
324586493	324587685	1192	0.4622	0.0814	0.3649	
324786049	324786486	437	0.9542	0.0	0.0	
325121793	325122089	296	0.8243	0.0912	0.0101	
325157813	325158076	263	0.0	1.0	0.0	
325174019	325174240	221	0.1855	0.7149	0.0136	
326002203	326002671	468	0.0	1.0	0.0	
326040339	326041103	764	0.1819	0.2343	0.572	
326438585	326439117	532	0.7951	0.062	0.0771	
326502625	326502908	283	0.0	1.0	0.0	
326583689	326585069	1380	0.2094	0.1638	0.5942	
326611104	326611382	278	0.536	0.4245	0.0072	
326614468	326614607	139	0.9065	0.0288	0.0144	
326690245	326691119	874	0.2517	0.0904	0.6144	
326702513	326708167	5654	0.0221	0.0198	0.9565	
326722720	326724315	1595	0.0922	0.0708	0.8245	
327583783	327584529	746	0.3914	0.0268	0.5268	
327594748	327595409	661	0.4312	0.0454	0.4584	
327623891	327624096	205	0.9171	0.0	0.0098	
327624616	327625050	434	0.341	0.0415	0.5599	
327683494	327683869	375	0.528	0.12	0.2827	
327858425	327858646	221	0.8914	0.0407	0.0045	
328058342	328059122	780	0.4436	0.2115	0.2628	
328103989	328107363	3374	0.1209	0.1049	0.7576	
328291522	328291684	162	0.9012	0.0123	0.0	
328305160	328305679	519	0.4316	0.1137	0.3738	
328327463	328328685	1222	0.3429	0.135	0.4427	
328430331	328431016	685	0.2672	0.2146	0.4701	
328434778	328435165	387	0.4651	0.2119	0.2274	
328681009	328681492	483	0.5487	0.0663	0.2588	
328973369	328973614	245	0.0	1.0	0.0	
329033199	329033768	569	0.522	0.2179	0.1476	
329062920	329063109	189	0.8201	0.0899	0.0212	
329072288	329073051	763	0.4312	0.3644	0.0996	
329163501	329163652	151	0.8543	0.0265	0.0265	
329175317	329175717	400	0.6675	0.0425	0.185	
329467428	329471628	4200	0.0205	0.0352	0.9424	
329880510	329880677	167	0.9701	0.0	0.0	
329934755	329935389	634	0.3785	0.53	0.0205	
330478459	330478940	481	0.5551	0.1954	0.1268	
330741970	330742264	294	0.7857	0.0578	0.0714	
334030727	334031297	570	0.0	1.0	0.0	
334057365	334057777	412	0.0	1.0	0.0	
334061239	334061706	467	0.0	1.0	0.0	
334293838	334294045	207	0.7005	0.0918	0.1401	
334959005	334959233	228	0.4298	0.2061	0.2588	
335746674	335746858	184	0.913	0.0	0.0217	
336255762	336256757	995	0.3528	0.0623	0.5266	
336570476	336571940	1464	0.1954	0.0895	0.6762	
336590406	336590608	202	0.9307	0.0	0.0	
336666957	336667303	346	0.0	1.0	0.0	
338097865	338099983	2118	0.1497	0.0529	0.7705	
338101730	338102371	641	0.5741	0.1763	0.1342	
338681367	338683017	1650	0.1776	0.0261	0.7788	
338792577	338792942	365	0.7479	0.0329	0.1151	
339869850	339870314	464	0.2866	0.0302	0.6444	
340198871	340199453	582	0.3797	0.043	0.5206	
340222821	340223039	218	0.2523	0.7339	0.0	
340344975	340345294	319	0.7774	0.0909	0.0345	
340462802	340463063	261	0.931	0.023	0.0	
340668087	340668224	137	0.9051	0.0	0.0292	
340696770	340697092	322	0.8882	0.028	0.0124	
340919075	340919384	309	0.0	1.0	0.0	
340920951	340922071	1120	0.2321	0.0589	0.6625	
340957080	340957480	400	0.705	0.0575	0.14	
343128160	343128802	642	0.5483	0.1386	0.215	
343159319	343159597	278	0.6151	0.2014	0.0899	
343950369	343950572	203	0.9557	0.0	0.0	
344323120	344323753	633	0.0	1.0	0.0	
344812959	344813290	331	0.5045	0.1571	0.2387	
344986307	344986532	225	0.8222	0.0711	0.0089	
345044337	345044521	184	0.7989	0.038	0.0435	
345068828	345069060	232	0.9138	0.0	0.0	
345957466	345963230	5764	0.0293	0.0791	0.8872	
346575983	346576273	290	0.4483	0.0172	0.5	
346634059	346634680	621	0.2238	0.2383	0.5185	
347023804	347024510	706	0.4476	0.4008	0.1034	
347515280	347515474	194	0.8608	0.0	0.0464	
347793699	347793877	178	0.0	1.0	0.0	
347888573	347889115	542	0.3229	0.0332	0.5849	
348399277	348399436	159	0.8931	0.0	0.0063	
348515735	348515915	180	0.8778	0.0333	0.0444	
348616209	348617003	794	0.3174	0.0693	0.5579	
348773902	348774179	277	0.6029	0.3755	0.0	
348804596	348804908	312	0.0865	0.9103	0.0	
348805032	348806945	1913	0.2039	0.1124	0.6482	
348866274	348866448	174	0.8851	0.0	0.0402	
348933528	348933727	199	0.8894	0.0201	0.0151	
349007733	349014801	7068	0.1726	0.0332	0.7756	
349359430	349360259	829	0.4765	0.0193	0.4343	
349539075	349539330	255	0.3216	0.6157	0.0118	
349609747	349609881	134	0.9104	0.0299	0.0	
349634304	349634708	404	0.8985	0.005	0.0198	
350133847	350134583	736	0.2405	0.0924	0.6291	
350582788	350583607	819	0.3602	0.1648	0.3712	
350859809	350860631	822	0.0243	0.9732	0.0	
350870107	350870332	225	0.3378	0.6267	0.0089	
350915879	350916186	307	0.8664	0.0	0.0358	
350949577	350951857	2280	0.0654	0.5596	0.3658	
350987750	350988734	984	0.2856	0.0925	0.5864	
351081329	351082034	705	0.4411	0.027	0.4681	
351222631	351224386	1755	0.147	0.0963	0.7419	
351418409	351418655	246	0.7276	0.187	0.0041	
351872857	351873101	244	0.0	1.0	0.0	
352079343	352079982	639	0.687	0.133	0.1095	
352177505	352177885	380	0.1737	0.7947	0.0	
352288188	352288529	341	0.3724	0.1613	0.4252	
353276181	353276532	351	0.0	1.0	0.0	
353985828	353986137	309	0.8511	0.055	0.0065	
354083388	354083909	521	0.3781	0.5681	0.0	
354333168	354333590	422	0.3057	0.0711	0.5782	
355358999	355359717	718	0.5669	0.0432	0.3106	
355604301	355604654	353	0.7507	0.102	0.0113	
355629211	355629794	583	0.8045	0.0635	0.0429	
355669491	355669742	251	0.8048	0.0319	0.0438	
356000187	356000412	225	0.96	0.0	0.0089	
356124139	356124346	207	0.9082	0.0	0.0	
356433630	356434163	533	0.9212	0.0038	0.0038	
356930878	356931061	183	0.8579	0.0055	0.0383	
357424512	357424702	190	0.9368	0.0105	0.0105	
357730805	357731097	292	0.8459	0.0	0.0548	
358403556	358403933	377	0.5411	0.1247	0.2706	
359047447	359047779	332	0.6446	0.1717	0.0723	
359654282	359654446	164	0.8293	0.0366	0.0	
359709213	359709968	755	0.0	1.0	0.0	
359810097	359810378	281	0.0	1.0	0.0	
359925835	359926080	245	0.9061	0.0122	0.0041	
360000858	360001018	160	0.8812	0.0187	0.0375	
360027147	360027963	816	0.3664	0.4301	0.1348	
360053548	360053852	304	0.8717	0.0559	0.0132	
360077912	360078457	545	0.433	0.1743	0.3523	
360147172	360149868	2696	0.2073	0.204	0.5619	
360505275	360509941	4666	0.1018	0.0508	0.8296	
360552086	360553757	1671	0.2274	0.1975	0.5224	
360573646	360573790	144	0.8194	0.1042	0.0	
360870932	360871368	436	0.6284	0.1628	0.1468	
360906297	360906508	211	0.6967	0.1896	0.0332	
360974893	360975569	676	0.2899	0.1642	0.4689	
361231589	361231946	357	0.8992	0.0252	0.0112	
361286065	361286451	386	0.6477	0.1166	0.1088	
361476707	361477191	484	0.4421	0.186	0.345	
361639065	361639775	710	0.2507	0.5113	0.1577	
361928158	361928654	496	0.5222	0.0323	0.4214	
362300880	362301211	331	0.8338	0.0302	0.003	
363018238	363018985	747	0.51	0.0455	0.3762	
363877379	363878585	1206	0.6352	0.0249	0.296	
364229076	364229882	806	0.5695	0.0248	0.3722	
364491756	364491948	192	0.9844	0.0104	0.0	
364510710	364510885	175	0.9314	0.0114	0.0057	
364823802	364824249	447	0.6667	0.0649	0.1544	
364846633	364847470	837	0.4492	0.3321	0.1147	
365391067	365391271	204	0.9314	0.0098	0.0	
365696839	365697256	417	0.4916	0.2038	0.1799	
366424175	366424471	296	0.8784	0.0034	0.0405	
366746707	366747436	729	0.1619	0.0123	0.8107	
367189249	367189568	319	0.7649	0.0721	0.094	
367648797	367649531	734	0.7398	0.0422	0.0777	
367946211	367946674	463	0.2376	0.6415	0.0842	
368767026	368767434	408	0.8505	0.0196	0.0098	
369122266	369122521	255	0.8235	0.0353	0.0667	
369125181	369125568	387	0.7804	0.0672	0.0233	
369385084	369385446	362	0.7845	0.0083	0.0691	
369688481	369688674	193	0.9067	0.0	0.0	
370062998	370063805	807	0.0	1.0	0.0	
370344379	370345049	670	0.6896	0.1836	0.0343	
370369887	370371434	1547	0.1551	0.1674	0.66	
370405761	370408465	2704	0.1971	0.0962	0.6546	
370412432	370412824	392	0.4872	0.1352	0.2704	
370473847	370474197	350	0.26	0.3714	0.2657	
370503110	370503610	500	0.0	1.0	0.0	
370706482	370706721	239	0.0	1.0	0.0	
370954190	370958175	3985	0.1772	0.0883	0.7054	
371259672	371260983	1311	0.1411	0.029	0.791	
371566344	371566587	243	0.8889	0.0165	0.0206	
372523038	372523637	599	0.0	1.0	0.0	
372688000	372688184	184	0.6413	0.1467	0.0489	
372729780	372730048	268	0.8134	0.0709	0.0187	
373810033	373810295	262	0.7939	0.0534	0.0038	
376437965	376438297	332	0.6145	0.259	0.0301	
376448945	376449333	388	0.6082	0.2706	0.0644	
376450568	376451464	896	0.4408	0.0491	0.4632	
376652981	376653241	260	0.8846	0.0115	0.0385	
376682097	376682550	453	0.287	0.4481	0.245	
376753126	376753386	260	0.5731	0.2192	0.0692	
376943138	376943629	491	0.0611	0.8798	0.0407	
377368800	377369034	234	0.0	1.0	0.0	
378456653	378462364	5711	0.2306	0.191	0.5398	
379529986	379530195	209	0.0	1.0	0.0	
380565917	380566741	824	0.6299	0.0752	0.2063	
381301204	381301436	232	0.9052	0.0	0.0517	
381814924	381815679	755	0.0	1.0	0.0	
382129114	382129319	205	0.8683	0.0	0.0	
382201716	382206518	4802	0.04	0.1724	0.7853	
382344127	382344404	277	0.852	0.0036	0.0542	
382428626	382428829	203	0.7537	0.0936	0.064	
383096971	383097232	261	0.3716	0.387	0.1111	
383270247	383271492	1245	0.592	0.0378	0.2932	
383277887	383278089	202	0.9208	0.0	0.0	
383329646	383329993	347	0.3948	0.5331	0.0173	
383371963	383372363	400	0.785	0.0475	0.06	
383536902	383537361	459	0.6013	0.098	0.2331	
383576274	383577593	1319	0.1615	0.0584	0.7551	
383640120	383640719	599	0.4508	0.1135	0.3306	
383694985	383696003	1018	0.2436	0.1346	0.5894	
383858613	383859291	678	0.7094	0.0811	0.1018	
383871431	383872670	1239	0.368	0.0888	0.4875	
383882004	383882280	276	0.8225	0.0761	0.0	
384277000	384277286	286	0.8147	0.0979	0.0035	
384474879	384480092	5213	0.0274	0.0127	0.9566	
384592184	384592400	216	0.0	1.0	0.0	
384592568	384593224	656	0.0	1.0	0.0	
384599567	384600199	632	0.0	1.0	0.0	
384660890	384661262	372	0.2151	0.2258	0.4274	
384735224	384735570	346	0.6387	0.0694	0.0665	
384753313	384753531	218	0.8532	0.1193	0.0046	
385008626	385009413	787	0.6925	0.1093	0.0928	
385030009	385030224	215	0.8698	0.0512	0.014	
385069393	385069685	292	0.8801	0.0171	0.0137	
385083943	385084142	199	0.8995	0.0	0.0101	
385400484	385400685	201	0.8507	0.0647	0.0	
385618073	385619837	1764	0.1548	0.14	0.6735	
385637474	385637923	449	0.314	0.2138	0.4454	
385718306	385718686	380	0.1658	0.1947	0.5868	
385720837	385721717	880	0.1011	0.0659	0.7966	
385821169	385821425	256	0.3242	0.4414	0.1016	
386369227	386369479	252	0.8056	0.0238	0.0159	
386431340	386432504	1164	0.244	0.2431	0.4691	
386515742	386516037	295	0.0	1.0	0.0	
386649253	386649522	269	0.539	0.2751	0.0855	
387367910	387368120	210	0.781	0.0857	0.0095	
387628866	387629409	543	0.0	1.0	0.0	
387877142	387877837	695	0.3396	0.0835	0.5353	
388210906	388211252	346	0.815	0.0289	0.0289	
388640059	388640783	724	0.203	0.7182	0.0552	
388665999	388666177	178	0.7865	0.0955	0.0	
388945421	388945634	213	0.9108	0.0	0.0235	
389226165	389226412	247	0.0	1.0	0.0	
389593913	389594228	315	0.0635	0.9302	0.0	
389701955	389702250	295	0.7356	0.0475	0.1458	
389899365	389900268	903	0.7287	0.0808	0.1141	
390334616	390334853	237	0.8945	0.0253	0.0	
390363894	390364279	385	0.4857	0.3143	0.1558	
390470664	390470884	220	0.9682	0.0	0.0	
390476959	390477395	436	0.617	0.055	0.2592	
390717626	390718033	407	0.7248	0.1941	0.0123	
390819214	390821032	1818	0.3724	0.2096	0.3795	
390837715	390838180	465	0.7011	0.0968	0.071	
390880036	390880464	428	0.7266	0.1986	0.0093	
392046741	392046970	229	0.9083	0.0	0.0044	
392107372	392108024	652	0.4218	0.1411	0.3926	
392205597	392205841	244	0.9344	0.0205	0.0	
393230173	393230420	247	0.9474	0.0	0.0	
393616948	393617147	199	0.9045	0.0352	0.0101	
393708411	393709250	839	0.6126	0.143	0.1359	
394061806	394062090	284	0.743	0.0176	0.1021	
394328671	394335799	7128	0.0818	0.0022	0.9094	
394499118	394500228	1110	0.1982	0.1486	0.6396	
394527847	394528637	790	0.3949	0.2443	0.3266	
394540967	394541153	186	0.7796	0.0538	0.0	
394584288	394591512	7224	0.0932	0.0042	0.8945	
395139264	395140300	1036	0.3041	0.0154	0.6544	
396097504	396098272	768	0.1042	0.2109	0.6563	
396100234	396100463	229	0.0	1.0	0.0	
396449194	396449784	590	0.522	0.0559	0.361	
396873825	396873990	165	0.8909	0.0061	0.0303	
397121100	397125664	4564	0.0609	0.064	0.867	
397283462	397283724	262	0.6908	0.0573	0.1718	
397518239	397519120	881	0.4608	0.227	0.2111	
397987392	397988017	625	0.1568	0.1392	0.5728	
398189755	398190474	719	0.6439	0.1391	0.0584	
398702876	398703076	200	0.905	0.0	0.03	
398871040	398871332	292	0.8014	0.0205	0.1199	
399474312	399475155	843	0.5125	0.2064	0.2159	
399866103	399866306	203	0.9557	0.0	0.0	
399909234	399909419	185	0.8432	0.0054	0.027	
399935129	399935925	796	0.2023	0.1533	0.6118	
400249986	400250218	232	0.0	1.0	0.0	
400284489	400284719	230	0.9522	0.0	0.013	
400323223	400323553	330	0.703	0.0333	0.0727	
400402471	400402659	188	0.9787	0.0	0.0	
400403379	400403555	176	0.9091	0.0114	0.0057	
400768170	400768443	273	0.9158	0.0	0.022	
400811925	400812193	268	0.806	0.1082	0.0224	
401716161	401716385	224	0.8929	0.0446	0.0	
401761805	401761969	164	0.9207	0.0427	0.0061	
401768404	401768633	229	0.8515	0.0044	0.0611	
401817378	401817544	166	0.8133	0.0361	0.0783	
402122081	402122370	289	0.737	0.2145	0.0104	
402329855	402330036	181	0.9724	0.0	0.0	
402394229	402395931	1702	0.1204	0.0206	0.842	
402489635	402489804	169	0.9349	0.0059	0.0	
402490495	402491035	540	0.4204	0.5093	0.0093	
402587054	402587600	546	0.641	0.1172	0.1648	
403417166	403417913	747	0.4284	0.2784	0.2142	
403428797	403429793	996	0.1285	0.0442	0.8163	
403446610	403447007	397	0.6448	0.131	0.0856	
404085394	404085790	396	0.798	0.1616	0.0076	
404147725	404148853	1128	0.3883	0.1046	0.4184	
404222761	404223716	955	0.3497	0.2377	0.355	
404329421	404329743	322	0.8571	0.0031	0.0528	
404377660	404377878	218	0.8716	0.0229	0.0092	
404584995	404585250	255	0.6	0.2196	0.0824	
407278906	407286335	7429	0.0153	0.0952	0.8877	
407446367	407447269	902	0.2749	0.2051	0.4501	
407983694	407983853	159	0.8365	0.0377	0.0063	
409160462	409162372	1910	0.2283	0.1183	0.6089	
409678208	409678658	450	0.0	1.0	0.0	
409733883	409734336	453	0.4614	0.2362	0.2472	
409842569	409843005	436	0.8899	0.0046	0.0206	
410345467	410345907	440	0.3477	0.0932	0.4864	
410499996	410500283	287	0.6725	0.2544	0.0035	
410798415	410798668	253	0.7075	0.083	0.0474	
410851988	410852245	257	0.9728	0.0117	0.0039	
410873650	410874049	399	0.5865	0.1328	0.198	
410990819	410991406	587	0.4923	0.2147	0.2044	
411034472	411039278	4806	0.0556	0.0112	0.9228	
411060950	411061552	602	0.5532	0.113	0.2193	
411129617	411129852	235	0.6553	0.2426	0.0	
411283687	411284999	1312	0.5114	0.093	0.2858	
411819641	411820050	409	0.6137	0.0538	0.1516	
412308206	412308474	268	0.9142	0.0112	0.0	
412848456	412849214	758	0.496	0.1768	0.215	
413349713	413349871	158	0.9747	0.0	0.0127	
413884030	413884412	382	0.4738	0.1099	0.3586	
413949944	413950639	695	0.0	1.0	0.0	
413950906	413952175	1269	0.0	1.0	0.0	
413959090	413960550	1460	0.0	1.0	0.0	
414015117	414015493	376	0.9495	0.0	0.0186	
414025705	414025862	157	0.9045	0.0	0.0191	
414078654	414080788	2134	0.157	0.1289	0.6959	
414508677	414510108	1431	0.4535	0.2865	0.1922	
415132224	415132627	403	0.4839	0.0447	0.402	
415456989	415457167	178	0.4213	0.3933	0.0787	
415842344	415842711	367	0.7466	0.0518	0.0354	
415931522	415931879	357	0.5154	0.4454	0.0056	
417349484	417350584	1100	0.0	1.0	0.0	
417587805	417588432	627	0.6587	0.185	0.0383	
418108418	418108744	326	0.0675	0.9233	0.0	
418227951	418228641	690	0.513	0.1522	0.258	
418232496	418232717	221	0.7783	0.0633	0.0633	
418456234	418456576	342	0.7018	0.0292	0.1404	
418767177	418767386	209	0.0	1.0	0.0	
418978038	418978400	362	0.7265	0.1271	0.0635	
420842376	420842858	482	0.529	0.0851	0.2905	
421509447	421509806	359	0.2674	0.2702	0.4513	
421948720	421953376	4656	0.0593	0.1037	0.8232	
422244215	422245143	928	0.3998	0.2802	0.2866	
422257442	422257694	252	0.8214	0.004	0.0635	
422353506	422354054	548	0.5931	0.0438	0.2007	
422392329	422392601	272	0.5551	0.136	0.2243	
423199687	423206848	7161	0.0337	0.0506	0.9136	
423263170	423263871	701	0.0	1.0	0.0	
423626590	423626893	303	0.6073	0.264	0.0363	
423686941	423687355	414	0.0145	0.7971	0.1884	
424172048	424172316	268	0.3806	0.4291	0.1194	
424460232	424460442	210	0.9714	0.0048	0.0238	
425837802	425838038	236	0.8347	0.0042	0.0805	
426129311	426129612	301	0.8904	0.0133	0.0033	
426295884	426296134	250	0.912	0.008	0.016	
426660155	426660449	294	0.0	1.0	0.0	
427036779	427038795	2016	0.3661	0.184	0.3998	
427077631	427078105	474	0.5844	0.3186	0.0169	
427119498	427120614	1116	0.1496	0.0815	0.7392	
427121388	427121953	565	0.685	0.1345	0.0496	
427122628	427123010	382	0.8377	0.0288	0.034	
427123416	427124642	1226	0.2104	0.0408	0.7096	
427144310	427145571	1261	0.1404	0.0412	0.8017	
427339671	427340329	658	0.5122	0.1018	0.2219	
427840902	427841290	388	0.7139	0.0979	0.0851	
427922521	427923266	745	0.8886	0.0067	0.0295	
428359288	428359783	495	0.0	1.0	0.0	
429079739	429080062	323	0.9783	0.0	0.0031	
429092444	429093080	636	0.7547	0.0849	0.0818	
429218157	429219972	1815	0.1399	0.1587	0.6771	
429255862	429256650	788	0.0	1.0	0.0	
429260021	429260501	480	0.0	1.0	0.0	
429329054	429329322	268	0.153	0.8134	0.0	
429333616	429334414	798	0.198	0.0376	0.7293	
429339057	429339569	512	0.3809	0.2109	0.3535	
429348147	429348312	165	0.9636	0.0	0.0	
429349821	429350250	429	0.2517	0.6224	0.0839	
429440619	429440792	173	0.8902	0.0	0.0	
429554200	429554548	348	0.0	1.0	0.0	
429561839	429562329	490	0.5816	0.0388	0.2694	
429597285	429597657	372	0.2876	0.6667	0.0027	
429664860	429665994	1134	0.0459	0.1481	0.7637	
430266817	430267991	1174	0.3101	0.2334	0.4336	
430490020	430490261	241	0.0	1.0	0.0	
430852476	430852835	359	0.0	1.0	0.0	
431169534	431169964	430	0.5744	0.3744	0.0047	
431296179	431296431	252	0.7698	0.0952	0.0159	
431690399	431691299	900	0.2256	0.1478	0.5822	
431864336	431866623	2287	0.3909	0.101	0.46	
432163827	432164397	570	0.0	1.0	0.0	
432356786	432357500	714	0.3852	0.2003	0.3529	
432451140	432451441	301	0.5714	0.309	0.0166	
432458204	432459382	1178	0.1171	0.6129	0.2419	
432933620	432941103	7483	0.0412	0.078	0.8722	
432942092	432948966	6874	0.0087	0.1455	0.8404	
433129955	433130152	197	0.731	0.0406	0.1066	
433615206	433615801	595	0.316	0.1697	0.4824	
433794912	433795496	584	0.8408	0.0668	0.0274	
434146292	434146562	270	0.6667	0.0444	0.1	
434295592	434295771	179	0.8212	0.1173	0.0	
434308109	434308286	177	0.8757	0.0847	0.0	
434616072	434616548	476	0.7416	0.0336	0.1239	
434623576	434624373	797	0.5107	0.1606	0.202	
434727987	434728910	923	0.0	1.0	0.0	
434751966	434753215	1249	0.1529	0.2466	0.558	
434829409	434831090	1681	0.2314	0.113	0.5824	
436296609	436296855	246	0.8577	0.0163	0.0203	
436710768	436710950	182	0.9451	0.0055	0.0055	
436873779	436874605	826	0.0	1.0	0.0	
436879118	436879635	517	0.0	1.0	0.0	
436986855	436987355	500	0.874	0.006	0.026	
437323467	437324112	645	0.524	0.1349	0.2713	
437750016	437750424	408	0.8775	0.0221	0.0074	
437815535	437815746	211	0.7156	0.0237	0.1327	
437911464	437911806	342	0.7222	0.1316	0.0702	
438053097	438053247	150	0.8533	0.1	0.0	
438081243	438081823	580	0.5172	0.2207	0.1966	
438161404	438162424	1020	0.7598	0.0686	0.0343	
438166298	438166778	480	0.8646	0.0396	0.0104	
438219090	438219853	763	0.4076	0.2071	0.3224	
438592790	438592986	196	0.8827	0.0051	0.0	
438697172	438697429	257	0.9339	0.0117	0.0078	
439080980	439082820	1840	0.1772	0.1163	0.6842	
439134577	439135245	668	0.0	1.0	0.0	
439145218	439146270	1052	0.1027	0.2681	0.6036	
439205140	439205773	633	0.6746	0.09	0.128	
439440409	439440707	298	0.6745	0.057	0.0738	
439576676	439578186	1510	0.2649	0.1748	0.5146	
439598921	439599267	346	0.6705	0.0665	0.2023	
439895159	439895433	274	0.9489	0.0	0.0	
439903714	439903991	277	0.8628	0.0036	0.0614	
439946973	439947286	313	0.8498	0.0032	0.0415	
440290575	440290983	408	0.5931	0.1152	0.2328	
440421452	440421735	283	0.9187	0.0212	0.0	
440422759	440423389	630	0.6556	0.073	0.1587	
440630205	440630717	512	0.8516	0.0332	0.0137	
440748127	440748360	233	0.6652	0.0815	0.103	
440925123	440925373	250	0.9	0.008	0.0	
440966515	440966813	298	0.8456	0.0101	0.0168	
441349327	441349527	200	0.905	0.035	0.0	
441795732	441796593	861	0.3008	0.065	0.5993	
441882539	441882795	256	0.6914	0.1133	0.0742	
442051468	442051651	183	0.9235	0.0	0.0164	
442089769	442089969	200	0.87	0.0	0.025	
442397821	442397995	174	0.9368	0.0057	0.0	
442988373	442988596	223	0.8565	0.0404	0.0135	
442992002	442992584	582	0.3814	0.0567	0.543	
443003690	443003979	289	0.8339	0.0069	0.0588	
443037337	443037875	538	0.3494	0.1654	0.4572	
443235912	443237014	1102	0.3466	0.088	0.5191	
443421253	443421667	414	0.4783	0.2343	0.2585	
443691057	443691509	452	0.2013	0.2279	0.4801	
443795158	443795408	250	0.9	0.016	0.0	
443967832	443968008	176	0.8636	0.0966	0.0057	
443979620	443979780	160	0.9	0.0313	0.0063	
444119340	444121881	2541	0.0606	0.0724	0.8548	
444159443	444159682	239	0.8996	0.0084	0.0042	
444625516	444625766	250	0.616	0.052	0.216	
444882237	444882773	536	0.1287	0.1437	0.6978	
445042498	445042733	235	0.0	1.0	0.0	
445067914	445068620	706	0.7266	0.0992	0.085	
445310188	445310579	391	0.7647	0.1176	0.0332	
445678817	445679325	508	0.3366	0.0354	0.6004	
446142158	446142359	201	0.8706	0.0398	0.0299	
446251611	446252775	1164	0.2689	0.0464	0.6443	
446402537	446403233	696	0.3707	0.069	0.5187	
446754470	446754708	238	0.8571	0.0882	0.0042	
447510492	447510783	291	0.9381	0.0069	0.0103	
447991725	447992475	750	0.2853	0.104	0.556	
448069612	448070149	537	0.1453	0.4432	0.3575	
449297574	449297871	297	0.6162	0.0101	0.1279	
449307404	449308178	774	0.2829	0.1744	0.4922	
449354351	449354948	597	0.7672	0.062	0.0402	
449502222	449502547	325	0.0	1.0	0.0	
449574378	449574705	327	0.0979	0.8838	0.0	
449987267	449987732	465	0.0	1.0	0.0	
450340274	450340978	704	0.1278	0.0696	0.7642	
450787529	450787818	289	0.0	1.0	0.0	
451220553	451221657	1104	0.0534	0.2926	0.6422	
451597236	451597811	575	0.4487	0.0139	0.4748	
451614174	451614449	275	0.2473	0.4	0.3018	
451952143	451952461	318	0.4119	0.5094	0.0094	
452296638	452296957	319	0.9467	0.0031	0.0	
453148298	453148616	318	0.0	1.0	0.0	
453173526	453174274	748	0.492	0.016	0.4238	
453497790	453498193	403	0.5806	0.3176	0.0323	
453834913	453835141	228	0.8202	0.0263	0.0482	
453855490	453855993	503	0.6203	0.1372	0.163	
454105704	454106413	709	0.0	1.0	0.0	
454279399	454279703	304	0.3191	0.6382	0.0	
454924597	454924839	242	0.5868	0.3223	0.0083	
454979729	454980043	314	0.7325	0.1401	0.0287	
455115163	455115382	219	0.9087	0.032	0.032	
456634828	456636086	1258	0.2027	0.0755	0.6653	
456674316	456675127	811	0.3157	0.0456	0.5931	
457217136	457217829	693	0.0	1.0	0.0	
457272364	457274033	1669	0.4134	0.1186	0.3709	
457406546	457408218	1672	0.3433	0.1364	0.4516	
457639268	457640886	1618	0.0371	0.2101	0.7423	
457658067	457658338	271	0.4576	0.1255	0.2952	
458066095	458075370	9275	0.0417	0.1737	0.7771	
459015993	459016266	273	0.8168	0.0256	0.0183	
459017484	459017937	453	0.3687	0.2715	0.1876	
459414067	459414472	405	0.0963	0.8568	0.0321	
459614948	459615163	215	0.9163	0.0279	0.0	
460349953	460351422	1469	0.3839	0.1559	0.4091	
460867407	460871494	4087	0.0585	0.1157	0.8077	
460874189	460875204	1015	0.2522	0.403	0.2443	
460917680	460919764	2084	0.0192	0.1536	0.8114	
461083470	461089877	6407	0.1904	0.0509	0.7392	
461104223	461105025	802	0.187	0.581	0.2045	
461117266	461117560	294	0.4966	0.2449	0.1939	
461495495	461495979	484	0.0	1.0	0.0	
461654762	461655449	687	0.3479	0.5793	0.0277	
461666220	461666670	450	0.5022	0.46	0.0178	
461670720	461671074	354	0.5791	0.048	0.2034	
461679207	461679963	756	0.1812	0.6032	0.205	
461701460	461703021	1561	0.2357	0.1044	0.6272	
461705568	461705764	196	0.4592	0.3827	0.0714	
461792630	461793127	497	0.6298	0.1247	0.1288	
461797474	461797642	168	0.8393	0.0536	0.0119	
462275161	462275522	361	0.0	1.0	0.0	
462341730	462347663	5933	0.0817	0.0366	0.8712	
462624253	462624727	474	0.1561	0.7975	0.038	
462756635	462757898	1263	0.2288	0.2858	0.4458	
463064827	463065235	408	0.0	1.0	0.0	
463224031	463224528	497	0.0	1.0	0.0	
463227966	463228681	715	0.4741	0.1888	0.2448	
463399797	463400152	355	0.7634	0.0338	0.1268	
463706546	463707353	807	0.5403	0.2788	0.1103	
463733618	463735702	2084	0.3148	0.06	0.5907	
463745412	463746559	1147	0.1569	0.1735	0.6434	
463914664	463914989	325	0.3292	0.5015	0.0769	
463936295	463936992	697	0.208	0.1621	0.5509	
463973716	463974203	487	0.0	1.0	0.0	
464064638	464064820	182	0.0	1.0	0.0	
464064940	464069047	4107	0.1164	0.0394	0.824	
464085836	464088751	2915	0.0563	0.2336	0.6985	
464089033	464090089	1056	0.0814	0.3144	0.5881	
464192580	464192854	274	0.281	0.4818	0.1752	
464198148	464200400	2252	0.2589	0.1257	0.5648	
464366132	464367562	1430	0.3273	0.2364	0.3524	
464426015	464429387	3372	0.0697	0.0596	0.8624	
465861830	465863583	1753	0.2122	0.1158	0.6366	
466327015	466327242	227	0.8634	0.0	0.0705	
466404565	466406934	2369	0.0321	0.1997	0.7661	
466575489	466575738	249	0.9558	0.0	0.008	
466592260	466592547	287	0.0	1.0	0.0	
466688712	466689075	363	0.0	1.0	0.0	
466689710	466690326	616	0.5244	0.2906	0.0422	
466835034	466840465	5431	0.1015	0.0558	0.8297	
466842745	466842961	216	0.963	0.0	0.0	
467467983	467468330	347	0.0	1.0	0.0	
467757354	467757791	437	0.5858	0.2883	0.0709	
467874027	467879515	5488	0.1571	0.0497	0.7655	
468027942	468028251	309	0.8188	0.0194	0.0647	
468099247	468100261	1014	0.575	0.07	0.284	
468208782	468209160	378	0.6667	0.2857	0.0026	
468245612	468245917	305	0.5934	0.3246	0.0361	
468566965	468567234	269	0.0	1.0	0.0	
468676599	468676903	304	0.8191	0.0395	0.023	
469061534	469062292	758	0.0844	0.2084	0.6953	
469116460	469116712	252	0.6111	0.3175	0.0	
469156526	469156880	354	0.0	1.0	0.0	
469401830	469402730	900	0.1644	0.5722	0.2556	
469434814	469435004	190	0.2684	0.6105	0.0105	
469464383	469465018	635	0.674	0.0614	0.178	
469466918	469467612	694	0.3026	0.0706	0.5951	
469576088	469577643	1555	0.4379	0.0913	0.3949	
469680578	469681276	698	0.467	0.2106	0.2665	
469721260	469721424	164	0.9451	0.0	0.0	
469808153	469809131	978	0.0	1.0	0.0	
470024975	470025556	581	0.2633	0.6867	0.0	
470688287	470688974	687	0.2213	0.2576	0.4964	
470695485	470695781	296	0.223	0.652	0.0608	
471047765	471047998	233	0.0	1.0	0.0	
472031308	472031496	188	0.9574	0.0	0.0053	
472035062	472035341	279	0.9176	0.0036	0.0143	
472204457	472205005	548	0.6588	0.1569	0.0693	
472439746	472440154	408	0.0	1.0	0.0	
472576144	472576501	357	0.8908	0.0028	0.0	
472781618	472784686	3068	0.0385	0.0818	0.8452	
472822448	472822942	494	0.5162	0.4109	0.0	
472831596	472832148	552	0.1033	0.6286	0.2482	
472916424	472916629	205	0.7122	0.0439	0.1561	
473166876	473167113	237	0.0	1.0	0.0	
473227680	473229156	1476	0.6795	0.0671	0.1396	
473724532	473725538	1006	0.3191	0.2932	0.3469	
473736102	473736385	283	0.0	1.0	0.0	
473753327	473753775	448	0.1741	0.3103	0.4888	
473762463	473763615	1152	0.0868	0.1293	0.7786	
474442145	474443449	1304	0.1794	0.2155	0.592	
474446526	474447109	583	0.2058	0.6089	0.163	
474797226	474798036	810	0.558	0.1259	0.2235	
474850714	474850912	198	0.7525	0.1263	0.0	
474893964	474894674	710	0.5662	0.1268	0.238	
474935551	474935854	303	0.0	1.0	0.0	
475350483	475350881	398	0.0	1.0	0.0	
475699048	475699523	475	0.2716	0.2063	0.4674	
475899087	475900121	1034	0.2398	0.1896	0.5368	
476731269	476731444	175	0.0	1.0	0.0	
477412667	477413016	349	0.8309	0.0487	0.0258	
477428703	477429293	590	0.5424	0.3881	0.0	
477760145	477760508	363	0.0	1.0	0.0	
478254483	478255272	789	0.2053	0.3701	0.417	
478277156	478277691	535	0.3776	0.2187	0.2804	
478278457	478279143	686	0.6516	0.1399	0.0773	
478295725	478296247	522	0.4253	0.0939	0.4368	
478414956	478415141	185	0.0	1.0	0.0	
478844521	478845868	1347	0.2465	0.5278	0.1886	
478916049	478916374	325	0.3385	0.4954	0.0462	
479055547	479056120	573	0.178	0.7574	0.0279	
479069269	479069601	332	0.7169	0.0843	0.1114	
479190270	479191125	855	0.3041	0.1497	0.4877	
479255782	479258276	2494	0.0814	0.0317	0.8709	
479353878	479354194	316	0.1677	0.5475	0.269	
479413982	479414563	581	0.0	1.0	0.0	
480183214	480183879	665	0.6571	0.0481	0.215	
480269493	480269830	337	0.8398	0.0297	0.0059	
481169437	481170655	1218	0.1289	0.0846	0.7816	
481552213	481552513	300	0.52	0.4067	0.0033	
481739859	481740168	309	0.8544	0.0194	0.0388	
482305921	482306360	439	0.3964	0.1913	0.3759	
482577374	482578503	1129	0.1674	0.0895	0.7112	
483363191	483364669	1478	0.3349	0.1258	0.0237	
483437108	483437312	204	0.0	1.0	0.0	
483615906	483616385	479	0.0	1.0	0.0	
483722398	483723105	707	0.0	1.0	0.0	
483726215	483727482	1267	0.0	1.0	0.0	
483960060	483960416	356	0.0	1.0	0.0	
484006527	484006883	356	0.0	1.0	0.0	
484203251	484203842	591	0.0	1.0	0.0	
484210327	484211617	1290	0.0	1.0	0.0	
484455850	484456412	562	0.0	1.0	0.0	
484498708	484498973	265	0.0	1.0	0.0	
484530407	484530651	244	0.0	1.0	0.0	
484645751	484645880	129	0.0	1.0	0.0	
484854119	484854318	199	0.0	1.0	0.0	
484879331	484879602	271	0.0	1.0	0.0	
484958867	484959422	555	0.0	1.0	0.0	
484962396	484963333	937	0.0	1.0	0.0	
484981140	484982020	880	0.0	1.0	0.0	
484999692	485000212	520	0.0	1.0	0.0	
485089231	485089869	638	0.0	1.0	0.0	
485509367	485509816	449	0.0	1.0	0.0	
485573004	485574178	1174	0.0	1.0	0.0	
485595111	485595910	799	0.0	1.0	0.0	
485891204	485891596	392	0.0	1.0	0.0	
485892104	485892320	216	0.0	1.0	0.0	
486231632	486232198	566	0.0	1.0	0.0	
486309923	486310134	211	0.0	1.0	0.0	
486931084	486931519	435	0.0	1.0	0.0	
487051734	487052246	512	0.0	1.0	0.0	
487091578	487091895	317	0.0	1.0	0.0	
487111155	487111888	733	0.0	1.0	0.0	
487135209	487135378	169	0.0	1.0	0.0	
487673136	487673421	285	0.0	1.0	0.0	
487918093	487918272	179	0.0	1.0	0.0	
488308361	488308830	469	0.0	1.0	0.0	
488340114	488340400	286	0.0	1.0	0.0	
488361823	488362384	561	0.0	1.0	0.0	
488388361	488388591	230	0.0	1.0	0.0	
488457711	488457945	234	0.0	1.0	0.0	
488764629	488764804	175	0.0	1.0	0.0	
488817347	488817943	596	0.0	1.0	0.0	
488938722	488938801	79	0.0	1.0	0.0	
489062820	489063693	873	0.0	1.0	0.0	
489064384	489064880	496	0.0	1.0	0.0	
489088879	489089242	363	0.0	1.0	0.0	
489296781	489297454	673	0.0	1.0	0.0	
489967672	489968374	702	0.0	1.0	0.0	
489988668	489988975	307	0.0	1.0	0.0	
490210402	490210617	215	0.0	1.0	0.0	
490250390	490250866	476	0.0	1.0	0.0	
490391705	490391974	269	0.0	1.0	0.0	
490400765	490401818	1053	0.0	1.0	0.0	
490477116	490477719	603	0.0	1.0	0.0	
490723917	490724097	180	0.0	1.0	0.0	
490851066	490851327	261	0.0	1.0	0.0	
490853899	490854301	402	0.0	1.0	0.0	
490870321	490870845	524	0.0	1.0	0.0	
490941165	490941452	287	0.0	1.0	0.0	
490947288	490947630	342	0.0	1.0	0.0	
490950190	490952032	1842	0.0	1.0	0.0	
