start	end	length	IDY	missing1	missing2	
10077059	10077582	523	0.9312	0.0115	0.0134	
101197777	101198387	610	0.6098	0.141	0.1459	
101895549	101896164	615	0.9024	0.0016	0.0033	
103764659	103765204	545	0.7174	0.0771	0.0936	
103804961	103806030	1069	0.5744	0.1572	0.1805	
103865220	103865914	694	0.5735	0.0432	0.2925	
104007436	104009290	1854	0.2546	0.0987	0.5965	
104766818	104767296	478	0.8389	0.0607	0.0188	
104831571	104832873	1302	0.6605	0.0991	0.0799	
104834243	104834652	409	0.8362	0.0	0.0538	
104851748	104852821	1073	0.6729	0.1249	0.1333	
104855563	104856080	517	0.8801	0.0251	0.0155	
104997373	104997693	320	0.8688	0.0563	0.0156	
105033823	105035577	1754	0.5912	0.077	0.2372	
10523862	10524125	263	0.8935	0.0	0.0418	
105282920	105283566	646	0.644	0.1254	0.1006	
105294408	105294935	527	0.8178	0.0816	0.0152	
10550059	10550362	303	0.934	0.0	0.0099	
10555217	10556278	1061	0.5834	0.1018	0.1913	
105620312	105620516	204	0.8627	0.0294	0.0686	
105647114	105647511	397	0.6448	0.0554	0.1688	
105828114	105828657	543	0.5727	0.1657	0.1455	
106462983	106465190	2207	0.6393	0.0997	0.1858	
107183064	107183921	857	0.3547	0.2357	0.3757	
107912171	107912523	352	0.875	0.0028	0.0398	
107943185	107944019	834	0.3945	0.1139	0.4508	
107947877	107948126	249	0.9639	0.0	0.004	
107952803	107955093	2290	0.3428	0.0341	0.5598	
107968846	107969198	352	0.9716	0.0	0.0	
109644107	109645017	910	0.6956	0.0615	0.1451	
10965125	10966181	1056	0.7074	0.1231	0.0625	
109741408	109742263	855	0.9146	0.0082	0.014	
11025548	11026084	536	0.7836	0.1325	0.0317	
111427589	111427985	396	0.8106	0.0429	0.0152	
111429112	111429493	381	0.874	0.021	0.0236	
11153884	11154190	306	0.817	0.0686	0.0229	
111638919	111639787	868	0.591	0.0115	0.3433	
111823165	111823612	447	0.8635	0.0	0.0268	
11199871	11200522	651	0.9263	0.0123	0.0154	
11220167	11220597	430	0.8884	0.0419	0.0163	
112204614	112205373	759	0.747	0.1238	0.0461	
112218072	112218934	862	0.4478	0.0708	0.3944	
112403538	112403991	453	0.8013	0.0088	0.0905	
112795110	112795418	308	0.9481	0.0	0.0032	
113319372	113319542	170	0.9529	0.0059	0.0	
113444965	113445632	667	0.6507	0.03	0.1739	
113479661	113480628	967	0.7146	0.062	0.1231	
113602239	113602952	713	0.7574	0.0659	0.0645	
113608615	113609267	652	0.5567	0.0276	0.3558	
114086729	114089402	2673	0.2847	0.4482	0.2162	
11415342	11415838	496	0.7278	0.1754	0.0524	
114271786	114272384	598	0.6237	0.0569	0.2408	
114281050	114281239	189	0.8042	0.0529	0.0582	
114511332	114512395	1063	0.8391	0.0245	0.0442	
114559564	114559858	294	0.7959	0.0034	0.085	
114563458	114563791	333	0.9309	0.0	0.036	
114597418	114598113	695	0.9007	0.0173	0.0187	
114875441	114875982	541	0.6599	0.1275	0.159	
114882521	114883064	543	0.8361	0.0479	0.0221	
114890449	114890887	438	0.9132	0.0068	0.032	
115116494	115116935	441	0.9773	0.0	0.0	
115279083	115279603	520	0.8519	0.0135	0.0404	
116509223	116509439	216	0.912	0.0417	0.0185	
11710171	11710721	550	0.8564	0.02	0.0345	
117635957	117636414	457	0.779	0.0547	0.0766	
117653111	117653350	239	0.9498	0.0	0.0042	
118456315	118457189	874	0.5995	0.0069	0.3192	
118940692	118941323	631	0.8415	0.0143	0.1014	
118969671	118970348	677	0.7917	0.0148	0.0517	
120453699	120454046	347	0.7205	0.0836	0.098	
120913595	120914508	913	0.6933	0.161	0.0789	
12287196	12287757	561	0.754	0.107	0.0588	
12364753	12365212	459	0.9412	0.0044	0.0022	
12452652	12453125	473	0.8732	0.0233	0.0296	
12545619	12547036	1417	0.5427	0.1687	0.1651	
12690944	12691201	257	0.9377	0.0	0.0	
12793713	12794651	938	0.6077	0.0096	0.3113	
128036406	128038880	2474	0.2692	0.0432	0.656	
12806904	12807768	864	0.8241	0.1053	0.0313	
129139954	129140594	640	0.7672	0.0156	0.0719	
129152217	129153200	983	0.6277	0.1831	0.0987	
129770623	129771514	891	0.6689	0.0864	0.1672	
130014595	130015344	749	0.2377	0.1842	0.5527	
130075031	130075519	488	0.7725	0.1311	0.0164	
13033638	13034943	1305	0.8881	0.013	0.0199	
130735492	130735787	295	0.7932	0.078	0.0407	
13110470	13110807	337	0.9674	0.0089	0.003	
131246402	131247220	818	0.6381	0.0587	0.2066	
131253391	131254451	1060	0.4453	0.1679	0.3189	
131272864	131273478	614	0.6205	0.0456	0.2769	
131276806	131277610	804	0.954	0.0025	0.0	
131299090	131299719	629	0.7663	0.0731	0.0922	
131478245	131478557	312	0.8814	0.0192	0.0	
131479131	131479558	427	0.5597	0.103	0.267	
13150310	13152571	2261	0.7983	0.0425	0.1053	
13161980	13162147	167	0.9222	0.0	0.0659	
131626905	131627703	798	0.6479	0.2744	0.0201	
13163044	13163807	763	0.7654	0.0236	0.1376	
131631770	131632159	389	0.8483	0.0257	0.0103	
131635048	131636816	1768	0.9321	0.0079	0.013	
131650457	131650944	487	0.7844	0.0698	0.0349	
131677138	131677675	537	0.7281	0.0335	0.1322	
131759256	131760965	1709	0.715	0.055	0.1691	
131809631	131810447	816	0.8444	0.0208	0.0809	
131826331	131826778	447	0.5817	0.2953	0.0694	
131827222	131829317	2095	0.4282	0.1437	0.3351	
132204933	132205804	871	0.5235	0.0953	0.2974	
132216640	132217354	714	0.8137	0.0196	0.091	
132435366	132435979	613	0.5971	0.0718	0.2692	
13260571	13260952	381	0.7192	0.0341	0.1706	
132794708	132795919	1211	0.7159	0.0933	0.0677	
133572929	133573692	763	0.7536	0.0249	0.0406	
134151049	134151463	414	0.9082	0.0048	0.0217	
134263634	134264238	604	0.803	0.0281	0.1391	
134286811	134287149	338	0.7751	0.0414	0.0769	
135119470	135120844	1374	0.3333	0.2234	0.3908	
136348313	136348841	528	0.6023	0.2386	0.0303	
136371699	136372764	1065	0.5315	0.0714	0.261	
138538596	138539299	703	0.7724	0.0156	0.1124	
138725517	138726017	500	0.956	0.024	0.0	
138733766	138736313	2547	0.7169	0.1763	0.0495	
138900745	138901272	527	0.7268	0.0512	0.0683	
139196520	139196956	436	0.961	0.0115	0.0023	
139440218	139440747	529	0.7958	0.0718	0.0321	
139563797	139564040	243	0.8971	0.0	0.037	
139605358	139605712	354	0.8362	0.0085	0.0565	
139785393	139785890	497	0.9416	0.002	0.0141	
139948662	139949894	1232	0.5146	0.2873	0.1339	
140055311	140055585	274	0.8978	0.0036	0.0073	
14007505	14009719	2214	0.5059	0.1287	0.2931	
140286120	140286301	181	0.9282	0.0276	0.0166	
140348346	140350000	1654	0.7878	0.006	0.1282	
140491255	140492010	755	0.5987	0.2199	0.094	
140529089	140530113	1024	0.5449	0.1084	0.2725	
14073777	14074172	395	0.838	0.0481	0.0127	
141371775	141372486	711	0.4529	0.1322	0.353	
142252583	142252985	402	0.8159	0.0323	0.0473	
142489762	142490138	376	0.9495	0.0213	0.0	
144069762	144070640	878	0.9146	0.0068	0.0159	
144071479	144072356	877	0.8917	0.0034	0.0536	
144249139	144249604	465	0.9183	0.0	0.0129	
144250059	144251078	1019	0.8508	0.0167	0.0579	
144332491	144333865	1374	0.6463	0.0961	0.1536	
14464979	14467992	3013	0.8487	0.0398	0.0372	
144796121	144796532	411	0.5474	0.3674	0.0243	
144911042	144911463	421	0.8337	0.0356	0.019	
144960427	144960709	282	0.8404	0.0	0.0567	
145062142	145063421	1279	0.5786	0.0547	0.3112	
145954521	145955107	586	0.8396	0.0188	0.0171	
145981721	145982695	974	0.6499	0.0339	0.1971	
146162611	146163263	652	0.7439	0.0552	0.0966	
146251059	146251277	218	0.8028	0.0	0.0642	
146428756	146429122	366	0.8743	0.0082	0.0137	
146442703	146443214	511	0.9139	0.0059	0.0098	
146469005	146470208	1203	0.6625	0.059	0.1804	
146537483	146537828	345	0.9565	0.0	0.0232	
146731003	146731471	468	0.7436	0.0256	0.094	
146738123	146738804	681	0.8767	0.0426	0.0206	
146740107	146740632	525	0.88	0.0057	0.0438	
146747033	146747512	479	0.9269	0.0251	0.0084	
146858477	146859283	806	0.8995	0.0149	0.0062	
146917566	146918303	737	0.8507	0.0204	0.0855	
146930430	146930967	537	0.8622	0.0056	0.0335	
146941569	146942149	580	0.7293	0.0448	0.1293	
146967349	146968450	1101	0.743	0.0599	0.0845	
14697097	14698113	1016	0.8583	0.0138	0.0443	
146985458	146987020	1562	0.8214	0.0109	0.1044	
148503783	148504065	282	0.9681	0.0	0.0	
148775453	148776353	900	0.7711	0.0756	0.0644	
148877782	148878321	539	0.6642	0.1725	0.1243	
148891145	148891638	493	0.8499	0.0243	0.0223	
148913314	148914000	686	0.7813	0.1152	0.0306	
148967962	148969329	1367	0.9151	0.011	0.0366	
148983794	148984169	375	0.9547	0.0	0.0053	
148994079	148995480	1401	0.4739	0.0971	0.3769	
149018006	149019235	1229	0.7209	0.1229	0.0545	
149025219	149027018	1799	0.2768	0.2651	0.3991	
149133423	149134348	925	0.6757	0.0897	0.1103	
149173060	149173663	603	0.6202	0.0829	0.1708	
149259716	149260243	527	0.7078	0.0949	0.112	
149318784	149319661	877	0.4755	0.1836	0.1688	
149332284	149333206	922	0.6345	0.077	0.2299	
150980266	150980534	268	0.9403	0.0	0.0149	
151016422	151017351	929	0.6803	0.0118	0.225	
151017989	151018419	430	0.8349	0.0093	0.0744	
151051523	151052445	922	0.602	0.1269	0.2028	
151056991	151057437	446	0.8587	0.0	0.0919	
151058798	151059821	1023	0.348	0.3148	0.2903	
151392349	151393254	905	0.5436	0.1459	0.1912	
151432752	151433724	972	0.6286	0.0813	0.2109	
151513429	151513980	551	0.9256	0.0127	0.0218	
151813010	151813928	918	0.7658	0.0479	0.0763	
152716090	152716841	751	0.5206	0.1731	0.1758	
15283022	15284074	1052	0.5827	0.0418	0.327	
153562515	153562800	285	0.8772	0.0316	0.0211	
154442129	154442823	694	0.8386	0.0202	0.0274	
155171869	155172275	406	0.8177	0.0049	0.0542	
156442342	156442879	537	0.8492	0.0242	0.0503	
157062778	157063759	981	0.6483	0.0877	0.1529	
15758675	15759252	577	0.4922	0.227	0.2288	
157600972	157601258	286	0.9545	0.014	0.0105	
157634335	157635787	1452	0.8499	0.0193	0.0441	
157775273	157775794	521	0.5931	0.1382	0.1727	
15788888	15789249	361	0.5706	0.241	0.1191	
158534607	158534989	382	0.9372	0.0236	0.0	
159325844	159326533	689	0.8215	0.0305	0.0668	
159327250	159327547	297	0.9259	0.0034	0.0	
159917863	159918434	571	0.8739	0.0088	0.056	
160973373	160974020	647	0.5564	0.1716	0.1808	
161382274	161383170	896	0.4364	0.0156	0.5167	
163169497	163169702	205	0.9415	0.0	0.0	
16342594	16343039	445	0.7461	0.0562	0.0629	
165958285	165959113	828	0.7053	0.0459	0.1727	
166005821	166006144	323	0.6935	0.0774	0.1146	
16604805	16605542	737	0.73	0.0963	0.1085	
166770776	166771223	447	0.8949	0.0089	0.0112	
166853374	166854521	1147	0.4612	0.2694	0.2005	
166892249	166892582	333	0.9489	0.003	0.0	
166910331	166910911	580	0.269	0.1448	0.5431	
167117120	167117591	471	0.7282	0.0531	0.1338	
168336108	168336712	604	0.9288	0.0116	0.0033	
168367502	168368994	1492	0.8009	0.0449	0.071	
168384897	168385439	542	0.8561	0.0129	0.0609	
168386039	168386579	540	0.8759	0.0204	0.0074	
168389479	168389834	355	0.9239	0.0	0.0	
168469708	168470451	743	0.8183	0.0713	0.0188	
168546836	168547204	368	0.8995	0.019	0.0082	
168683411	168683879	468	0.8846	0.0128	0.0406	
169028375	169029199	824	0.8859	0.0024	0.017	
171240429	171241341	912	0.8092	0.0537	0.0329	
171822082	171822491	409	0.6968	0.0489	0.1516	
172115379	172115877	498	0.4116	0.2149	0.3153	
172281708	172281945	237	0.8397	0.0127	0.0549	
172282559	172283033	474	0.8776	0.0148	0.0253	
17245729	17246314	585	0.506	0.3419	0.1179	
17259869	17260932	1063	0.7592	0.0546	0.1326	
17266176	17266508	332	0.9307	0.0	0.0	
172699103	172699386	283	0.8516	0.0318	0.0212	
17272191	17272553	362	0.8923	0.0387	0.0055	
172944711	172946008	1297	0.6623	0.0262	0.2159	
17298326	17298618	292	0.7808	0.0342	0.1096	
173188107	173188484	377	0.8515	0.0398	0.0106	
173868901	173869398	497	0.8813	0.008	0.0181	
173870250	173870447	197	0.9188	0.0	0.0305	
174203608	174204077	469	0.7356	0.0768	0.0277	
174786717	174787238	521	0.8695	0.0134	0.0307	
174800216	174800640	424	0.842	0.0236	0.0236	
174821416	174821666	250	0.844	0.0	0.072	
174853308	174854243	935	0.8471	0.0342	0.0545	
174944930	174946128	1198	0.5058	0.2129	0.2245	
175190585	175191002	417	0.5372	0.2038	0.1655	
175416819	175417446	627	0.8198	0.0032	0.0797	
175588544	175589016	472	0.8581	0.0042	0.0424	
175599693	175600283	590	0.4746	0.0542	0.4102	
175634784	175636083	1299	0.5928	0.1778	0.1647	
175659345	175660568	1223	0.5683	0.1218	0.215	
175748785	175749975	1190	0.6689	0.0782	0.1479	
175963403	175964188	785	0.5732	0.3312	0.0293	
175993776	175994280	504	0.7956	0.0159	0.0813	
176592221	176593545	1324	0.6103	0.0332	0.2727	
176920075	176921096	1021	0.3448	0.1352	0.4868	
177827022	177827485	463	0.6307	0.2505	0.0302	
177952784	177953324	540	0.5426	0.1074	0.287	
177962543	177963194	651	0.7727	0.0077	0.1352	
179286878	179287309	431	0.6427	0.0278	0.2042	
179385443	179386009	566	0.2032	0.3392	0.4329	
180097160	180097895	735	0.6789	0.0286	0.2054	
18108561	18109382	821	0.8758	0.0256	0.0085	
181248401	181249976	1575	0.593	0.127	0.2089	
18134258	18135124	866	0.7748	0.0427	0.06	
181859777	181860845	1068	0.2509	0.4148	0.2978	
18206022	18207155	1133	0.9726	0.0018	0.0	
182478875	182479264	389	0.7224	0.054	0.0771	
1827048	1827718	670	0.5164	0.1582	0.2239	
182864075	182864415	340	0.7118	0.1235	0.0618	
1859729	1861396	1667	0.6395	0.1488	0.1326	
186616827	186617689	862	0.7332	0.0186	0.094	
186677504	186678587	1083	0.2789	0.4321	0.2475	
186715681	186717262	1581	0.5908	0.105	0.2106	
187951873	187954091	2218	0.6398	0.1393	0.1204	
188594034	188595045	1011	0.817	0.0435	0.0643	
188690336	188692122	1786	0.6288	0.0515	0.1898	
189899338	189899658	320	0.8719	0.0	0.0406	
189911898	189912099	201	0.9851	0.0	0.0	
190023123	190023376	253	0.9091	0.0	0.0277	
190912321	190912570	249	0.9719	0.0	0.0	
192060135	192061227	1092	0.7958	0.0476	0.0321	
192382128	192382466	338	0.8935	0.0207	0.003	
192404906	192405398	492	0.9024	0.0081	0.0427	
194306886	194308039	1153	0.4727	0.1015	0.3374	
19455395	19455635	240	0.9375	0.0	0.0292	
19460393	19461182	789	0.9278	0.0076	0.0127	
195032508	195033416	908	0.554	0.1145	0.2379	
19826101	19826531	430	0.9209	0.0558	0.0093	
199958709	199960651	1942	0.4104	0.2817	0.2441	
199986094	199987088	994	0.5493	0.3078	0.0412	
200028003	200029420	1417	0.8829	0.0254	0.0113	
200045994	200047750	1756	0.4755	0.3007	0.1492	
200068469	200069317	848	0.7382	0.0342	0.1415	
200541985	200543941	1956	0.3768	0.3067	0.2699	
201517666	201518052	386	0.7202	0.0207	0.1425	
201530753	201531020	267	0.9588	0.0	0.0	
201536216	201536661	445	0.618	0.0404	0.2831	
201716066	201716271	205	0.9463	0.0	0.0	
202218475	202219033	558	0.4588	0.2545	0.2348	
202230445	202231003	558	0.6971	0.0968	0.1595	
202253464	202253780	316	0.8608	0.0127	0.057	
202264199	202264432	233	0.9099	0.0343	0.0	
202336424	202337140	716	0.6662	0.0964	0.1592	
203494251	203494721	470	0.6447	0.283	0.0277	
203501572	203502143	571	0.9527	0.0053	0.0053	
203506995	203507330	335	0.8925	0.0119	0.0299	
203656330	203657667	1337	0.8796	0.0322	0.0082	
204296545	204297820	1275	0.4675	0.1224	0.3639	
204473724	204474352	628	0.7946	0.086	0.0318	
204784590	204785918	1328	0.9074	0.0256	0.0075	
20480650	20482153	1503	0.6873	0.1823	0.0552	
204910237	204911086	849	0.6066	0.0966	0.2214	
204916924	204917597	673	0.8722	0.0223	0.0059	
204943111	204944221	1110	0.6595	0.064	0.2054	
205033925	205034968	1043	0.7143	0.0221	0.1659	
205057847	205058780	933	0.6056	0.1972	0.0654	
205182219	205182852	633	0.8815	0.0237	0.019	
205184582	205185583	1001	0.5714	0.039	0.3427	
205318474	205318960	486	0.893	0.0226	0.037	
205499447	205500306	859	0.5704	0.0664	0.2841	
205821635	205822302	667	0.8246	0.003	0.0825	
206211233	206212208	975	0.8174	0.0738	0.0205	
206218286	206218537	251	0.9602	0.004	0.012	
206346344	206347485	1141	0.7204	0.1288	0.0868	
206649129	206650504	1375	0.7273	0.128	0.0429	
206747285	206747944	659	0.9347	0.0061	0.0015	
206785400	206786042	642	0.6931	0.0561	0.1168	
207031665	207032067	402	0.8383	0.0522	0.0348	
207069217	207069878	661	0.9546	0.0015	0.0015	
207077783	207078628	845	0.9574	0.0	0.0189	
208207114	208207383	269	0.9591	0.0074	0.0	
208219087	208219554	467	0.8822	0.0193	0.0193	
208241140	208241871	731	0.9234	0.0055	0.0096	
208414660	208415623	963	0.2066	0.4258	0.3427	
209180986	209182086	1100	0.7991	0.0227	0.0882	
209271947	209272630	683	0.8009	0.0542	0.0483	
209275146	209275550	404	0.8861	0.0	0.0322	
209328893	209329208	315	0.8984	0.0063	0.0063	
20944348	20944703	355	0.6338	0.2704	0.0873	
209481780	209482249	469	0.7207	0.1365	0.0832	
209761603	209762677	1074	0.6052	0.0335	0.3073	
20988964	20989238	274	0.9562	0.0	0.0401	
210043296	210043824	528	0.8769	0.0095	0.0284	
210062495	210062775	280	0.875	0.025	0.0	
210075773	210076688	915	0.7268	0.0601	0.1388	
21010507	21011094	587	0.9131	0.0136	0.017	
21011860	21013636	1776	0.7646	0.0788	0.0878	
21015085	21015425	340	0.8735	0.0147	0.0265	
210334130	210334610	480	0.8729	0.0375	0.0208	
210560648	210560952	304	0.9375	0.0	0.0	
210569170	210570534	1364	0.7786	0.0455	0.0667	
210730468	210730796	328	0.939	0.0	0.0183	
210895840	210896362	522	0.8908	0.0134	0.0249	
210912298	210913445	1147	0.7454	0.0166	0.1656	
210981698	210981899	201	0.9552	0.0	0.0	
211077229	211077518	289	0.9377	0.0	0.0138	
211079650	211081240	1590	0.8868	0.0371	0.0283	
211727667	211728387	720	0.7264	0.1597	0.0486	
211736801	211737386	585	0.8991	0.0171	0.0462	
211786793	211787297	504	0.8948	0.0198	0.004	
211830190	211831081	891	0.5455	0.22	0.1796	
212065671	212065887	216	0.875	0.0463	0.0	
212157070	212158535	1465	0.798	0.0259	0.0765	
212331008	212333950	2942	0.1666	0.2784	0.5235	
212558414	212558910	496	0.8508	0.0444	0.0242	
212801063	212803014	1951	0.8242	0.0354	0.0815	
212807171	212807642	471	0.9045	0.0106	0.0021	
213009250	213010546	1296	0.8318	0.0309	0.017	
213020811	213021909	1098	0.8051	0.0993	0.0237	
213142428	213143377	949	0.4837	0.1644	0.2297	
213156351	213158107	1756	0.2688	0.6093	0.0723	
213189438	213190942	1504	0.5213	0.0838	0.3358	
213302568	213304194	1626	0.7263	0.0701	0.1181	
213871598	213872441	843	0.8078	0.0071	0.0937	
214438844	214440007	1163	0.9261	0.0198	0.0086	
214453468	214454039	571	0.7758	0.1243	0.0315	
214910116	214911188	1072	0.542	0.209	0.1521	
214914889	214915168	279	0.8996	0.0	0.0108	
214933656	214935230	1574	0.4466	0.1734	0.3151	
215173068	215173644	576	0.7986	0.0938	0.0208	
215738610	215740084	1474	0.4722	0.2395	0.2259	
217297142	217297778	636	0.9245	0.0094	0.0283	
217297916	217298151	235	0.9532	0.0	0.0	
217307898	217308180	282	0.8652	0.0177	0.0674	
217321101	217322110	1009	0.4618	0.2151	0.2349	
217338946	217339911	965	0.7575	0.0663	0.113	
217360551	217361213	662	0.5181	0.1858	0.1752	
21796237	21796893	656	0.7607	0.1006	0.0732	
220243561	220245068	1507	0.5441	0.2449	0.1659	
2202812	2205001	2189	0.3102	0.3271	0.3106	
22095835	22097323	1488	0.3636	0.3515	0.2332	
22173663	22173929	266	0.9474	0.0	0.0038	
22204818	22206130	1312	0.827	0.0274	0.0785	
22227765	22228454	689	0.9318	0.0174	0.0218	
222456771	222456978	207	0.8116	0.0242	0.0435	
222474660	222475175	515	0.6777	0.0485	0.1573	
222544637	222545329	692	0.4133	0.3251	0.1705	
22328122	22328466	344	0.9157	0.0087	0.0087	
223954753	223955191	438	0.8333	0.0205	0.0571	
224010862	224011143	281	0.8648	0.0214	0.0285	
224041461	224041708	247	0.7166	0.0648	0.1377	
224057923	224058212	289	0.7889	0.0208	0.0277	
224156523	224157477	954	0.8616	0.0577	0.0241	
224670430	224671419	989	0.5258	0.2032	0.2002	
224671916	224672479	563	0.6039	0.1776	0.1545	
224758151	224758942	791	0.6941	0.0834	0.0898	
225004140	225004860	720	0.7431	0.0472	0.15	
22520335	22520659	324	0.9012	0.0093	0.0309	
22521355	22521768	413	0.9346	0.0048	0.0121	
22527385	22527914	529	0.8658	0.0302	0.0189	
22535793	22536251	458	0.8253	0.0131	0.1004	
225485926	225486255	329	0.7903	0.0547	0.1033	
225523970	225524494	524	0.9485	0.0	0.0057	
225563461	225563844	383	0.8773	0.0392	0.0078	
22565061	22566253	1192	0.7433	0.1594	0.0696	
225840115	225840996	881	0.7276	0.067	0.0885	
226220225	226220917	692	0.841	0.0217	0.0275	
226557252	226558383	1131	0.42	0.3121	0.2184	
226569523	226570367	844	0.5142	0.16	0.1789	
227708838	227709677	839	0.7366	0.0834	0.0906	
2283174	2283701	527	0.7552	0.0209	0.093	
22837735	22838422	687	0.6623	0.0116	0.2693	
228396434	228396714	280	0.8321	0.0	0.1107	
228408226	228408410	184	0.9565	0.0	0.0	
228815221	228815590	369	0.8509	0.0163	0.0786	
228832625	228833593	968	0.5072	0.2076	0.2138	
230077005	230077439	434	0.7488	0.0806	0.0276	
230142730	230143570	840	0.6798	0.0238	0.1821	
23053373	23054288	915	0.8689	0.0087	0.0579	
23057053	23057847	794	0.6524	0.17	0.1184	
231174943	231175575	632	0.6677	0.1218	0.1345	
23150349	23151541	1192	0.9421	0.0017	0.0327	
231526236	231527518	1282	0.7098	0.0725	0.0991	
231558102	231558485	383	0.8381	0.0052	0.0601	
231612827	231614085	1258	0.8188	0.0262	0.0692	
23163696	23164255	559	0.9606	0.0036	0.0	
2316476	2317245	769	0.4707	0.2705	0.2016	
23216237	23216453	216	0.9769	0.0	0.0	
232498832	232499392	560	0.7429	0.0643	0.0875	
2325442	2326499	1057	0.6197	0.2384	0.0672	
233121924	233122315	391	0.7903	0.1125	0.0026	
233304197	233305346	1149	0.3734	0.1845	0.4134	
233818839	233820269	1430	0.6517	0.0685	0.1476	
233919996	233920606	610	0.618	0.082	0.1984	
23441894	23442488	594	0.9192	0.0017	0.0	
23459508	23459947	439	0.7677	0.1162	0.0273	
234654382	234655175	793	0.7692	0.0971	0.0694	
234658978	234659738	760	0.7263	0.0539	0.1039	
234686020	234686696	676	0.7234	0.1391	0.068	
234747001	234747899	898	0.3575	0.1459	0.4465	
235211784	235212805	1021	0.4486	0.2762	0.1861	
235219740	235220240	500	0.62	0.054	0.234	
23528779	23529069	290	0.9379	0.0	0.0103	
235657851	235658728	877	0.6602	0.0787	0.122	
23619345	23620271	926	0.838	0.0205	0.0302	
236516933	236517379	446	0.8027	0.0022	0.0762	
236610197	236611413	1216	0.5181	0.1143	0.3109	
236708776	236709034	258	0.5504	0.0155	0.3682	
23769723	23770349	626	0.8914	0.0623	0.0112	
238584801	238585867	1066	0.5197	0.106	0.3161	
238592028	238592371	343	0.8309	0.0787	0.035	
239261317	239263076	1759	0.4702	0.05	0.4235	
239290776	239291534	758	0.558	0.0224	0.3496	
239552138	239552883	745	0.5195	0.0617	0.3785	
239563502	239563886	384	0.9401	0.013	0.0104	
241158021	241159009	988	0.5547	0.0719	0.2794	
241164490	241165226	736	0.8601	0.0231	0.0435	
241230108	241230866	758	0.504	0.0923	0.3417	
241249751	241250030	279	0.8638	0.0036	0.0394	
241285627	241287162	1535	0.4717	0.0938	0.3765	
241368350	241368636	286	0.958	0.0035	0.0	
241787895	241788852	957	0.8788	0.0104	0.0324	
241801004	241802892	1888	0.8713	0.0424	0.0297	
241828655	241830404	1749	0.6564	0.1624	0.0852	
241868661	241869026	365	0.9315	0.0164	0.0082	
241951087	241951284	197	0.9848	0.0051	0.0	
241998453	241999721	1268	0.638	0.1372	0.1333	
242192813	242193031	218	0.9266	0.0	0.0138	
242887617	242889017	1400	0.9029	0.0136	0.0171	
242898328	242899213	885	0.6994	0.0576	0.1288	
242914035	242914688	653	0.8346	0.0214	0.0628	
243036051	243037117	1066	0.7017	0.0835	0.1098	
24318979	24319479	500	0.724	0.122	0.016	
243328996	243329914	918	0.5904	0.1754	0.171	
243337122	243338840	1718	0.3015	0.358	0.2608	
24349789	24350384	595	0.6336	0.0504	0.2	
243519952	243520150	198	0.9444	0.0	0.0	
243729759	243730336	577	0.5702	0.1976	0.1144	
244123735	244124990	1255	0.3681	0.2526	0.3084	
244127574	244128642	1068	0.5412	0.1891	0.1751	
244335406	244335741	335	0.7791	0.0955	0.009	
244525985	244526642	657	0.4947	0.2998	0.1096	
24492617	24492915	298	0.9295	0.0067	0.0101	
245986375	245986918	543	0.7035	0.1418	0.0387	
246334480	246334848	368	0.8451	0.0245	0.0054	
247826478	247826896	418	0.8708	0.012	0.0455	
248162626	248163356	730	0.589	0.2055	0.1219	
248318084	248319170	1086	0.4576	0.163	0.3471	
24832594	24833452	858	0.4965	0.0361	0.3881	
24840336	24840859	523	0.6004	0.0382	0.2581	
24866925	24867583	658	0.7158	0.1125	0.0775	
24869510	24870187	677	0.6942	0.1846	0.0783	
248790631	248791987	1356	0.5981	0.1121	0.2058	
248915848	248916107	259	0.9382	0.0193	0.0039	
24894114	24894469	355	0.7324	0.0225	0.1915	
250871051	250871687	636	0.8491	0.0173	0.033	
250876841	250877089	248	0.8306	0.0	0.0444	
251567778	251568312	534	0.6423	0.1124	0.2135	
25214853	25215097	244	0.7049	0.1393	0.082	
252874092	252874287	195	0.8923	0.0051	0.0359	
253251949	253252842	893	0.7279	0.0784	0.0426	
253389059	253390089	1030	0.4951	0.2942	0.1272	
253421117	253421580	463	0.6134	0.121	0.1901	
253426224	253426975	751	0.6072	0.1651	0.1478	
253434003	253435315	1312	0.7919	0.0351	0.0854	
253435408	253436600	1192	0.932	0.0193	0.0143	
254574617	254576652	2035	0.8015	0.0762	0.0516	
255260271	255260567	296	0.9122	0.0068	0.0068	
25533370	25534475	1105	0.829	0.0199	0.0652	
25554993	25555410	417	0.7722	0.0312	0.1199	
25570652	25570984	332	0.9367	0.003	0.0	
255773691	255774141	450	0.9333	0.0022	0.0067	
255775488	255775736	248	0.9234	0.0	0.004	
255789220	255790301	1081	0.8705	0.025	0.0564	
255799242	255799651	409	0.9071	0.0073	0.0318	
256786823	256787311	488	0.5799	0.2193	0.1619	
257239940	257240676	736	0.7826	0.0313	0.0883	
257266522	257266823	301	0.9103	0.0066	0.0066	
257661777	257662540	763	0.7916	0.0288	0.0747	
257699957	257700424	467	0.8544	0.0171	0.0278	
257882276	257882497	221	0.9412	0.0	0.0	
2579265	2580005	740	0.6568	0.0432	0.2095	
257946082	257946427	345	0.9275	0.0116	0.0058	
257954441	257955087	646	0.7152	0.0681	0.1471	
257971319	257971817	498	0.5683	0.01	0.3454	
258240406	258240937	531	0.7966	0.049	0.0546	
258256086	258257061	975	0.6103	0.0062	0.3067	
258483484	258484767	1283	0.8745	0.0343	0.0483	
258503818	258505542	1724	0.8521	0.0261	0.022	
258521277	258521603	326	0.6933	0.138	0.0583	
258755643	258755962	319	0.8589	0.0031	0.0596	
259356013	259357196	1183	0.8681	0.0397	0.0228	
25960303	25961467	1164	0.701	0.1246	0.0885	
25962692	25963008	316	0.7785	0.1076	0.0475	
259649166	259650312	1146	0.6588	0.082	0.1606	
259942295	259943301	1006	0.4483	0.0815	0.4125	
259969700	259970181	481	0.8129	0.0541	0.0291	
259978431	259978980	549	0.4153	0.4572	0.0801	
260094801	260095384	583	0.6792	0.0978	0.1424	
260137987	260138608	621	0.8889	0.0016	0.029	
260521805	260522924	1119	0.6077	0.0161	0.311	
260732306	260733583	1277	0.7565	0.0626	0.0799	
261091207	261091560	353	0.4703	0.2465	0.2323	
261128497	261128756	259	0.8571	0.0	0.0618	
261940928	261941911	983	0.7294	0.1119	0.0732	
26196050	26196739	689	0.8824	0.0334	0.0073	
262339110	262339528	418	0.5383	0.1986	0.177	
262736444	262738400	1956	0.4381	0.2643	0.2157	
262780451	262780690	239	0.8787	0.0042	0.0084	
262919906	262920693	787	0.5426	0.1055	0.23	
263100490	263100695	205	0.9463	0.0	0.0	
263454049	263454311	262	0.729	0.0267	0.1641	
263974157	263975134	977	0.5159	0.1372	0.2692	
263981006	263982678	1672	0.6627	0.2081	0.0562	
263991258	263991744	486	0.7078	0.1111	0.1111	
263992316	263993568	1252	0.6198	0.0727	0.2077	
264008069	264008335	266	0.9737	0.0075	0.0	
264016711	264017195	484	0.7273	0.1446	0.0579	
264024497	264025433	936	0.9551	0.0032	0.0	
264100682	264101288	606	0.9802	0.0	0.0	
264104748	264105998	1250	0.892	0.028	0.0088	
264109702	264110008	306	0.9314	0.0033	0.0098	
264131272	264131685	413	0.8935	0.0097	0.0315	
264145841	264146305	464	0.431	0.0409	0.4397	
264158226	264159658	1432	0.9211	0.0147	0.0384	
264160888	264161299	411	0.9854	0.0	0.0	
264732546	264733313	767	0.8422	0.0261	0.0613	
265866560	265867086	526	0.9278	0.0076	0.0019	
26598176	26598893	717	0.9066	0.0	0.0	
266216943	266217679	736	0.4158	0.3438	0.1929	
266740148	266740606	458	0.8712	0.0328	0.0218	
267313925	267314502	577	0.5338	0.0451	0.3258	
268216417	268216622	205	0.9415	0.0098	0.0293	
268491946	268492439	493	0.929	0.0101	0.0041	
268535080	268535320	240	0.975	0.0	0.0083	
268642391	268642707	316	0.8228	0.0918	0.019	
268794668	268795365	697	0.594	0.3042	0.0402	
268874437	268874762	325	0.9015	0.04	0.0246	
269423754	269424620	866	0.6074	0.0589	0.224	
269481477	269482254	777	0.7761	0.0245	0.1133	
269964734	269965093	359	0.8134	0.0056	0.0919	
270619322	270619666	344	0.7936	0.0901	0.0843	
270621563	270622963	1400	0.8236	0.04	0.0371	
270623544	270623946	402	0.8308	0.0299	0.0473	
270757007	270757650	643	0.9082	0.0	0.0264	
270845253	270845577	324	0.9568	0.0	0.0093	
271354935	271355282	347	0.415	0.3314	0.2392	
272194066	272195343	1277	0.8684	0.0313	0.0219	
272401764	272403091	1327	0.7084	0.1093	0.0859	
272576655	272577504	849	0.5277	0.0118	0.3852	
273340460	273341879	1419	0.5891	0.1586	0.1832	
273408017	273408670	653	0.4625	0.0766	0.3461	
273765187	273765714	527	0.7306	0.0171	0.1689	
273773394	273773978	584	0.911	0.012	0.012	
273793707	273794649	942	0.8079	0.0754	0.0297	
274276662	274278060	1398	0.8219	0.0515	0.0544	
274312187	274312451	264	0.803	0.125	0.0227	
274504345	274505248	903	0.5825	0.1141	0.2337	
274801526	274802071	545	0.8037	0.055	0.0404	
274809030	274809504	474	0.884	0.0042	0.0148	
274873585	274874110	525	0.6305	0.2686	0.0267	
276154465	276155016	551	0.7459	0.0145	0.1815	
277571534	277572445	911	0.753	0.0889	0.0966	
277819715	277820563	848	0.5896	0.2842	0.0896	
279313265	279313642	377	0.8064	0.0159	0.0769	
280193085	280193607	522	0.6456	0.0077	0.2739	
280243678	280244139	461	0.6963	0.013	0.2364	
282445649	282446962	1313	0.5682	0.15	0.2087	
282576740	282577967	1227	0.361	0.1361	0.4409	
282797509	282797711	202	0.9554	0.0	0.0	
282838552	282838882	330	0.9697	0.0	0.0	
282934895	282935154	259	0.9614	0.0	0.0	
283005585	283006336	751	0.5593	0.1704	0.1718	
283106082	283106460	378	0.754	0.0556	0.037	
283201713	283202078	365	0.9644	0.0	0.0164	
283268693	283269340	647	0.5116	0.2643	0.1546	
283459141	283459577	436	0.867	0.0183	0.0711	
283918475	283918818	343	0.9708	0.0117	0.0029	
284040873	284041140	267	0.8614	0.0337	0.0112	
284064824	284065118	294	0.8503	0.0	0.0272	
284356420	284357650	1230	0.3154	0.1276	0.4894	
285088324	285088790	466	0.7232	0.1674	0.0236	
285270543	285270919	376	0.6755	0.0053	0.2314	
285474740	285475067	327	0.9174	0.0061	0.0	
286249157	286249550	393	0.888	0.0254	0.0102	
286375451	286375962	511	0.7515	0.0352	0.1155	
286702201	286703001	800	0.7262	0.045	0.1462	
286868252	286868798	546	0.7234	0.1703	0.0238	
287066232	287066907	675	0.963	0.0059	0.003	
287130330	287131484	1154	0.5711	0.2409	0.1135	
287213244	287213899	655	0.8611	0.026	0.0321	
287240316	287241229	913	0.8357	0.034	0.0088	
287284028	287284294	266	0.9511	0.0	0.0	
287659692	287659965	273	0.9084	0.0256	0.0	
287667012	287668364	1352	0.4859	0.1561	0.2936	
287677900	287678152	252	0.8611	0.004	0.0794	
288328623	288329002	379	0.9288	0.0237	0.0106	
288411137	288411479	342	0.8684	0.0234	0.0322	
288459211	288459400	189	0.9312	0.0317	0.0	
288480874	288481265	391	0.9284	0.0051	0.0051	
289097278	289097617	339	0.823	0.0236	0.0619	
289537591	289538335	744	0.711	0.1048	0.0565	
289689566	289690220	654	0.8624	0.0199	0.0398	
289704303	289705889	1586	0.476	0.1828	0.2863	
289837684	289838048	364	0.8516	0.0027	0.044	
289839204	289839354	150	0.9067	0.0	0.0	
289944998	289945498	500	0.838	0.018	0.044	
289988961	289990104	1143	0.9081	0.0122	0.0332	
290070320	290070568	248	0.9395	0.0121	0.0	
290373353	290373630	277	0.9206	0.0181	0.0181	
290452001	290452292	291	0.9347	0.0034	0.0103	
290557315	290557640	325	0.8708	0.0277	0.0308	
290584637	290585397	760	0.7447	0.0671	0.0868	
290809957	290811011	1054	0.6774	0.0465	0.2154	
290938101	290939113	1012	0.6927	0.0711	0.1601	
291802332	291803683	1351	0.4893	0.188	0.2724	
291809220	291809847	627	0.7943	0.0239	0.0861	
291824362	291825261	899	0.9344	0.0133	0.0	
291897683	291898233	550	0.7782	0.0636	0.0527	
292320995	292321834	839	0.8355	0.031	0.0358	
292331274	292332363	1089	0.8182	0.034	0.068	
292946967	292947261	294	0.8741	0.0	0.0238	
29358305	29359425	1120	0.9652	0.0045	0.0071	
294259688	294259996	308	0.8929	0.0	0.0195	
294532837	294533541	704	0.6662	0.1648	0.1037	
297214413	297214995	582	0.5086	0.268	0.1495	
297373804	297374375	571	0.7373	0.1821	0.056	
297376451	297376894	443	0.465	0.0858	0.3499	
297506557	297506928	371	0.8221	0.0054	0.062	
298128730	298129530	800	0.4475	0.0925	0.385	
298185646	298185967	321	0.6916	0.028	0.1963	
298361918	298362591	673	0.63	0.1768	0.1114	
298651708	298652694	986	0.6105	0.2079	0.0933	
299508587	299509699	1112	0.8543	0.0108	0.0629	
299586367	299586963	596	0.8876	0.0067	0.0235	
299836860	299837274	414	0.8792	0.0242	0.0169	
30054440	30055072	632	0.6661	0.1187	0.1139	
300662653	300663625	972	0.8889	0.0329	0.0257	
300759814	300760310	496	0.7802	0.0504	0.0847	
302504323	302504656	333	0.6997	0.0	0.2523	
302514371	302515169	798	0.8697	0.0238	0.0251	
303822039	303822751	712	0.8652	0.0126	0.0	
303863962	303864417	455	0.7868	0.0396	0.0857	
306552713	306553389	676	0.4675	0.0178	0.4734	
306771134	306771416	282	0.8227	0.0461	0.0532	
307374543	307375337	794	0.869	0.0378	0.0327	
307871782	307872577	795	0.4151	0.244	0.2717	
30905201	30906066	865	0.7665	0.0335	0.0763	
30928359	30928524	165	0.8121	0.0303	0.0667	
309592417	309593421	1004	0.8855	0.002	0.0359	
309772017	309772553	536	0.7407	0.056	0.0672	
310512064	310512587	523	0.2409	0.6845	0.0478	
311188233	311188595	362	0.895	0.0138	0.0193	
311656148	311656922	774	0.6124	0.0943	0.1305	
312785867	312786794	927	0.7152	0.1208	0.0615	
312911649	312911993	344	0.8547	0.061	0.0	
313092580	313093783	1203	0.5561	0.1771	0.1712	
314986983	314988864	1881	0.7693	0.0601	0.0898	
315103503	315104865	1362	0.3231	0.3781	0.2482	
315355905	315356386	481	0.6549	0.0748	0.1788	
315366663	315367166	503	0.7018	0.0954	0.0616	
317306920	317308838	1918	0.2659	0.2789	0.4025	
317446710	317447125	415	0.9133	0.0	0.0217	
317447922	317449380	1458	0.5981	0.0569	0.2366	
317792838	317793132	294	0.8946	0.0374	0.0102	
318149380	318150529	1149	0.4787	0.2289	0.1923	
319325286	319325508	222	0.8964	0.0541	0.0	
319337793	319340155	2362	0.5838	0.1689	0.1414	
320768426	320768990	564	0.4858	0.0745	0.3865	
321444658	321445576	918	0.8322	0.0283	0.024	
321465736	321466579	843	0.3737	0.0973	0.4757	
321535989	321536452	463	0.7365	0.0173	0.1188	
322957814	322958729	915	0.7191	0.0634	0.1191	
322963663	322964131	468	0.5235	0.2201	0.1282	
325101726	325103429	1703	0.586	0.0816	0.2613	
325110501	325111327	826	0.7676	0.023	0.0617	
326883408	326883649	241	0.8133	0.0	0.1079	
327604153	327604749	596	0.6544	0.0906	0.1779	
327627685	327628907	1222	0.6088	0.1669	0.1072	
327673979	327675392	1413	0.4933	0.2633	0.184	
327678183	327678467	284	0.6796	0.1866	0.0387	
327681852	327682646	794	0.6196	0.0806	0.2229	
327699236	327699564	328	0.9512	0.0	0.0	
328849939	328850167	228	0.8202	0.0263	0.0351	
329909564	329910352	788	0.6739	0.132	0.1091	
330333037	330333234	197	0.868	0.0203	0.0203	
330925153	330926333	1180	0.35	0.5381	0.0492	
330994752	330994991	239	0.8619	0.0126	0.0335	
334978492	334978762	270	0.9296	0.0	0.0148	
335090652	335092858	2206	0.5426	0.121	0.2575	
335145541	335146972	1431	0.6129	0.0552	0.2159	
335654012	335654764	752	0.8604	0.012	0.0412	
337967283	337968075	792	0.4722	0.1629	0.25	
340267520	340267881	361	0.7091	0.1385	0.0305	
340461578	340462127	549	0.7778	0.0	0.1566	
340630517	340631171	654	0.8578	0.0107	0.0612	
340826817	340828664	1847	0.281	0.2788	0.4006	
342063828	342064520	692	0.7514	0.0231	0.1228	
342071820	342072694	874	0.5446	0.0378	0.3638	
34305981	34306663	682	0.5689	0.1672	0.1217	
343445428	343446072	644	0.6786	0.0683	0.1615	
343452388	343452746	358	0.8939	0.0	0.0	
344220513	344220884	371	0.9299	0.0	0.0	
344758896	344759841	945	0.5048	0.0349	0.4074	
345257507	345257706	199	0.8492	0.0905	0.0	
345326467	345327119	652	0.865	0.0337	0.0169	
345462680	345463080	400	0.81	0.01	0.05	
345489644	345489947	303	0.7789	0.0	0.0462	
345493366	345493512	146	0.9178	0.0068	0.0137	
345546123	345546812	689	0.8026	0.0145	0.0392	
345661212	345662207	995	0.5688	0.0864	0.2291	
345687657	345688131	474	0.9177	0.0148	0.0	
345751311	345751706	395	0.8127	0.0127	0.0962	
345904218	345904513	295	0.8305	0.0305	0.0203	
346021122	346021975	853	0.8933	0.0152	0.0082	
346579109	346579756	647	0.8624	0.0371	0.0185	
346783308	346783912	604	0.8808	0.0099	0.0315	
346784281	346785036	755	0.8742	0.0013	0.0358	
347066720	347067750	1030	0.8816	0.0107	0.0107	
347117311	347117976	665	0.8346	0.0286	0.0286	
34716727	34717033	306	0.7843	0.0458	0.0425	
347169836	347170242	406	0.8547	0.0099	0.0296	
34731894	34732493	599	0.2053	0.5342	0.2104	
347603007	347603941	934	0.8041	0.0557	0.0375	
348236468	348238883	2415	0.3888	0.1756	0.3669	
348778034	348778692	658	0.7964	0.0638	0.0441	
348911934	348913214	1280	0.7711	0.0516	0.082	
348913768	348914595	827	0.7594	0.0181	0.1318	
348944267	348944870	603	0.7065	0.1327	0.0763	
349344401	349344971	570	0.5789	0.0298	0.3018	
350143438	350143991	553	0.7559	0.0759	0.1013	
350396320	350396542	222	0.9369	0.0	0.0	
35043968	35044257	289	0.872	0.0277	0.0208	
350930763	350931388	625	0.5056	0.0288	0.3456	
35174728	35174971	243	0.9095	0.0	0.0123	
351912066	351912461	395	0.5595	0.1241	0.2101	
352291655	352292187	532	0.4643	0.282	0.1805	
352375107	352375546	439	0.8155	0.0592	0.0228	
352561150	352562146	996	0.3815	0.3052	0.24	
353299524	353301067	1543	0.2502	0.1737	0.5366	
354309474	354310155	681	0.8003	0.0264	0.0881	
354330646	354332314	1668	0.4826	0.1451	0.3106	
355068463	355068888	425	0.8235	0.0047	0.0894	
355176444	355177201	757	0.7464	0.0251	0.1202	
355361813	355362227	414	0.9879	0.0	0.0	
355367517	355368151	634	0.8091	0.0	0.1088	
357406254	357406623	369	0.9106	0.0379	0.0054	
359001982	359003444	1462	0.4309	0.3276	0.1854	
359008774	359009140	366	0.8306	0.0301	0.0301	
359012617	359013001	384	0.7552	0.0964	0.0547	
359214379	359214948	569	0.9192	0.007	0.0158	
360051313	360051693	380	0.7947	0.0237	0.1211	
360681604	360681892	288	0.8264	0.0	0.066	
360712361	360712620	259	0.7915	0.0154	0.1429	
360713506	360714147	641	0.9017	0.0109	0.0234	
360727559	360727911	352	0.8835	0.0284	0.054	
360770231	360770732	501	0.8084	0.0379	0.0519	
361191485	361191783	298	0.9195	0.0034	0.0	
361286902	361287140	238	0.9328	0.0168	0.0168	
361404668	361405264	596	0.3993	0.1007	0.448	
361557576	361558277	701	0.7076	0.0185	0.2083	
361613179	361613632	453	0.5408	0.0419	0.3974	
361850985	361851291	306	0.9739	0.0	0.0163	
361851925	361853101	1176	0.9107	0.0111	0.0196	
361859961	361861505	1544	0.8452	0.0227	0.0421	
361916340	361917736	1396	0.6805	0.0401	0.2443	
362390056	362390503	447	0.8009	0.0403	0.0917	
363153789	363154809	1020	0.8412	0.0108	0.0922	
363929969	363930263	294	0.8197	0.0476	0.0068	
363931674	363931924	250	0.964	0.0	0.0	
364715685	364716309	624	0.9375	0.008	0.0096	
364821921	364822240	319	0.9028	0.0	0.0	
364822879	364823307	428	0.8505	0.0023	0.0701	
365363966	365364505	539	0.6456	0.013	0.3061	
365834828	365835599	771	0.7562	0.0454	0.1064	
365844396	365845092	696	0.4856	0.056	0.398	
365900419	365900787	368	0.9728	0.0082	0.0054	
366364078	366364448	370	0.9432	0.0	0.0135	
366969295	366969549	254	0.9055	0.0	0.0079	
367026372	367026748	376	0.8723	0.0452	0.0426	
367223337	367223501	164	0.9329	0.0	0.0	
368277735	368279032	1297	0.6785	0.0771	0.1604	
369114114	369114822	708	0.5085	0.4534	0.0071	
369548791	369550096	1305	0.833	0.0337	0.0307	
369565444	369565923	479	0.8831	0.0125	0.0376	
369601104	369602207	1103	0.8196	0.0281	0.087	
369619690	369620174	484	0.8926	0.0165	0.0083	
369686593	369686993	400	0.7325	0.0275	0.13	
370073941	370074987	1046	0.8815	0.0134	0.043	
370301674	370302391	717	0.4365	0.1241	0.3026	
370368654	370369292	638	0.7696	0.0313	0.0925	
370486830	370487426	596	0.4077	0.0067	0.4849	
37079683	37080301	618	0.856	0.0453	0.0469	
371554139	371555362	1223	0.1905	0.2756	0.5004	
371556132	371556935	803	0.7235	0.0523	0.0897	
371851667	371851926	259	0.9151	0.0077	0.0232	
3726758	3727051	293	0.8089	0.0683	0.0478	
373102516	373102825	309	0.8673	0.0	0.0712	
373409527	373411504	1977	0.6849	0.1689	0.0622	
374612359	374612615	256	0.9492	0.0234	0.0	
375493728	375494539	811	0.3132	0.4661	0.1813	
377385735	377387852	2117	0.3722	0.2938	0.2518	
381488645	381489126	481	0.7339	0.0852	0.0977	
382154959	382155614	655	0.6947	0.0672	0.1053	
382524358	382524977	619	0.7706	0.021	0.1163	
383186240	383186678	438	0.8311	0.0228	0.0297	
383265252	383265552	300	0.72	0.0367	0.12	
383368794	383369409	615	0.5317	0.3984	0.0098	
383487211	383488368	1157	0.5402	0.1271	0.2584	
383525011	383525356	345	0.9101	0.0319	0.0087	
383622943	383623988	1045	0.5866	0.2383	0.1359	
384019667	384020079	412	0.8786	0.0024	0.0194	
384336246	384336485	239	0.8828	0.0	0.0	
384633324	384634522	1198	0.7646	0.0434	0.1419	
384679148	384679431	283	0.9329	0.0283	0.0	
385026684	385027217	533	0.925	0.0169	0.0113	
385028007	385028892	885	0.9412	0.009	0.0023	
385035794	385036537	743	0.9166	0.004	0.0162	
385066656	385066944	288	0.8715	0.0	0.066	
385067782	385068885	1103	0.7942	0.0363	0.0752	
385107348	385108588	1240	0.6798	0.079	0.1347	
385301932	385302677	745	0.4591	0.3248	0.1691	
385320990	385322586	1596	0.7118	0.0689	0.1209	
385718888	385720054	1166	0.7967	0.0798	0.0523	
385724675	385725744	1069	0.8428	0.0552	0.0309	
386908423	386909014	591	0.8528	0.0034	0.0525	
386956610	386957409	799	0.8486	0.0488	0.0188	
387525317	387526446	1129	0.7954	0.0523	0.0673	
387536944	387537519	575	0.7409	0.0626	0.0957	
387538507	387538735	228	0.8947	0.0044	0.0044	
387541487	387542026	539	0.8071	0.0297	0.0742	
387612485	387613093	608	0.6201	0.0954	0.1727	
387661852	387662629	777	0.4981	0.018	0.4376	
3895287	3895831	544	0.5882	0.1581	0.1507	
389701036	389701428	392	0.7296	0.1454	0.0612	
389777842	389778742	900	0.7222	0.0222	0.1944	
389860089	389861156	1067	0.7769	0.0366	0.1321	
389922556	389923009	453	0.8278	0.0706	0.011	
389925464	389925975	511	0.681	0.1526	0.1194	
390007765	390008237	472	0.9428	0.0	0.0169	
390085457	390086184	727	0.9395	0.0014	0.0083	
390097013	390098230	1217	0.9359	0.023	0.0066	
390132453	390132916	463	0.7991	0.0821	0.0346	
390175251	390176286	1035	0.8522	0.0087	0.0464	
390224276	390224596	320	0.9469	0.0125	0.0	
390287430	390287824	394	0.9467	0.0	0.0051	
390328511	390328822	311	0.91	0.0	0.0096	
390392917	390393435	518	0.6931	0.0019	0.2413	
3906164	3906569	405	0.7951	0.0395	0.079	
390621778	390623014	1236	0.6489	0.0146	0.2816	
390662429	390663228	799	0.5019	0.1477	0.3166	
390742169	390742771	602	0.5664	0.098	0.2924	
390773150	390774006	856	0.6963	0.2395	0.0093	
390788651	390789632	981	0.8818	0.0367	0.0133	
390892541	390893137	596	0.8674	0.0252	0.0201	
390967334	390967694	360	0.9222	0.0	0.025	
391070709	391071564	855	0.7216	0.076	0.1099	
391087006	391087366	360	0.9111	0.0028	0.0083	
391090339	391091578	1239	0.7304	0.05	0.1469	
391096344	391097047	703	0.8848	0.0284	0.0413	
391103323	391103650	327	0.9664	0.0061	0.0031	
391105686	391106034	348	0.796	0.0086	0.0747	
391155843	391156092	249	0.9157	0.0241	0.0	
391216897	391217470	573	0.911	0.0052	0.0471	
391613896	391614322	426	0.8638	0.0094	0.0587	
391683196	391683484	288	0.8889	0.0	0.0694	
391733068	391734705	1637	0.9029	0.0195	0.0122	
391972932	391973494	562	0.4609	0.0214	0.4466	
392387186	392387738	552	0.8478	0.0308	0.0199	
393607265	393607675	410	0.8829	0.0024	0.0512	
394457225	394457889	664	0.8404	0.0	0.0557	
394461557	394462725	1168	0.7654	0.0462	0.1045	
394505369	394505722	353	0.898	0.0	0.0453	
394552500	394553552	1052	0.6702	0.0903	0.1625	
394607799	394608134	335	0.797	0.0478	0.0269	
394993965	394994311	346	0.6358	0.1098	0.1618	
396446084	396447171	1087	0.6026	0.08	0.2033	
398467397	398467647	250	0.88	0.012	0.008	
398955527	398956135	608	0.7878	0.0609	0.028	
399033541	399033877	336	0.8958	0.0089	0.0476	
399677027	399678574	1547	0.4874	0.1635	0.3006	
399717373	399717702	329	0.8176	0.0182	0.0426	
399799574	399799965	391	0.844	0.0026	0.0435	
399847075	399847628	553	0.7848	0.0561	0.0434	
400224151	400225398	1247	0.9166	0.0104	0.0088	
400320114	400320626	512	0.7676	0.0684	0.0449	
400768825	400769939	1114	0.9551	0.0162	0.0126	
400822436	400822956	520	0.7865	0.1423	0.0154	
401035139	401036213	1074	0.9376	0.0084	0.014	
401039765	401039942	177	0.9718	0.0	0.0056	
401077099	401078989	1890	0.9063	0.0106	0.0233	
401095165	401095396	231	0.9784	0.0	0.0	
401467562	401469694	2132	0.6351	0.0797	0.2148	
401727831	401729153	1322	0.8775	0.028	0.0242	
401762582	401762898	316	0.8987	0.0285	0.0	
401784523	401786184	1661	0.7616	0.0771	0.0747	
401820888	401821495	607	0.9127	0.0016	0.0346	
402442317	402443199	882	0.6587	0.1236	0.1088	
402488548	402489001	453	0.8786	0.0022	0.053	
402723681	402723983	302	0.9338	0.0	0.0099	
402877020	402878198	1178	0.7233	0.0323	0.1418	
403307338	403307699	361	0.9335	0.0	0.0166	
403350752	403351299	547	0.841	0.0366	0.0274	
403403444	403403993	549	0.5228	0.0291	0.377	
403471746	403472082	336	0.9554	0.0	0.0	
404024755	404025118	363	0.8264	0.0	0.0744	
404372046	404372629	583	0.6055	0.1835	0.1355	
404667049	404668070	1021	0.9706	0.0	0.001	
404688241	404688484	243	0.9424	0.0	0.0288	
405020281	405021147	866	0.627	0.1998	0.0485	
405022666	405025794	3128	0.6992	0.1097	0.1132	
405225223	405226676	1453	0.543	0.1046	0.2464	
405444781	405445372	591	0.868	0.0508	0.0051	
406241867	406242326	459	0.6885	0.1242	0.0436	
409353796	409354154	358	0.6844	0.0363	0.2067	
409885947	409887149	1202	0.6955	0.1564	0.0632	
410348510	410348960	450	0.9089	0.0022	0.0	
410844431	410844756	325	0.8308	0.0369	0.0492	
410864789	410865950	1161	0.7812	0.0586	0.0715	
410866946	410867438	492	0.9146	0.0122	0.0163	
410868782	410870101	1319	0.8772	0.0136	0.0152	
410878346	410878922	576	0.691	0.1059	0.0764	
410884927	410885297	370	0.9676	0.0	0.0	
410943496	410943871	375	0.9307	0.0133	0.0027	
411041553	411041852	299	0.913	0.0033	0.0033	
411093550	411095471	1921	0.1583	0.5929	0.228	
411122134	411122671	537	0.7393	0.013	0.0633	
411206339	411207044	705	0.5773	0.1489	0.166	
412009328	412009825	497	0.7827	0.0624	0.0201	
413107202	413107722	520	0.9058	0.0365	0.0077	
413108127	413108609	482	0.8651	0.0249	0.029	
413848838	413849487	649	0.9307	0.0123	0.0092	
413851231	413851762	531	0.742	0.0151	0.1959	
413916379	413918078	1699	0.8858	0.0424	0.023	
413964973	413965988	1015	0.6552	0.197	0.0502	
414129948	414130821	873	0.764	0.0241	0.0756	
415546043	415547119	1076	0.8922	0.0474	0.013	
415672479	415673055	576	0.9531	0.0017	0.0069	
415839580	415839948	368	0.9511	0.0054	0.0	
416129341	416130820	1479	0.355	0.5017	0.0913	
416340467	416342137	1670	0.4838	0.1162	0.3305	
416435492	416436234	742	0.8167	0.0418	0.0283	
416466947	416467357	410	0.8439	0.0146	0.0317	
416647080	416647981	901	0.97	0.0011	0.0022	
416658885	416659751	866	0.6316	0.0785	0.1986	
416670395	416670991	596	0.9748	0.0034	0.0017	
416671959	416672461	502	0.9303	0.0	0.0	
418444802	418445375	573	0.7661	0.0035	0.1606	
419668560	419669074	514	0.8132	0.0136	0.0409	
419680165	419680812	647	0.7419	0.0896	0.0618	
419816006	419816299	293	0.942	0.0	0.0341	
419825023	419825414	391	0.9361	0.0358	0.0026	
420633457	420634362	905	0.3878	0.2564	0.2807	
421866559	421866875	316	0.9462	0.0	0.0032	
422003324	422003895	571	0.7391	0.1804	0.0088	
424349468	424349769	301	0.7641	0.0598	0.1395	
424362732	424363024	292	0.9623	0.0	0.0	
424404714	424405133	419	0.9021	0.0	0.0692	
424522615	424523291	676	0.9009	0.0133	0.0192	
424529974	424530304	330	0.903	0.0	0.0242	
425333895	425334763	868	0.6244	0.1037	0.1866	
425427762	425428154	392	0.949	0.0179	0.0026	
425464451	425465017	566	0.8799	0.0477	0.0018	
425839465	425840478	1013	0.8588	0.0188	0.0217	
425842183	425842686	503	0.9423	0.0	0.008	
427507364	427507730	366	0.9426	0.0027	0.0027	
427514782	427515088	306	0.8856	0.0	0.0065	
427746116	427746552	436	0.8257	0.0367	0.0252	
427863951	427865061	1110	0.8414	0.0072	0.0667	
427867451	427867684	233	0.9657	0.0043	0.0	
427890974	427892006	1032	0.8508	0.0019	0.0746	
428112852	428113103	251	0.9522	0.0	0.0	
429265134	429266221	1087	0.2079	0.2401	0.5032	
429354193	429354520	327	0.9755	0.0	0.0	
429603493	429604646	1153	0.3651	0.2853	0.2628	
429851004	429852880	1876	0.807	0.0384	0.0704	
430307500	430307723	223	0.861	0.0762	0.0	
432984317	432985320	1003	0.2443	0.1625	0.5553	
433083738	433085018	1280	0.4406	0.2938	0.2133	
433125380	433126573	1193	0.4862	0.3353	0.1157	
433132316	433132886	570	0.7035	0.1193	0.0474	
433626331	433627678	1347	0.9228	0.0067	0.023	
433632562	433632760	198	0.9545	0.0	0.0101	
434132515	434132965	450	0.9	0.0067	0.0356	
435942610	435943803	1193	0.7058	0.1073	0.1207	
436488452	436489968	1516	0.6319	0.1135	0.1702	
436720606	436721288	682	0.6877	0.0792	0.1188	
437009418	437010323	905	0.3691	0.2287	0.3613	
437138578	437139036	458	0.7205	0.0524	0.1376	
437258600	437260600	2000	0.9165	0.017	0.0135	
437760482	437760741	259	0.8919	0.0	0.0502	
437827799	437828306	507	0.8323	0.0217	0.0237	
438173207	438173555	348	0.9167	0.0	0.0201	
438192326	438193131	805	0.4186	0.2758	0.246	
438223218	438223986	768	0.7982	0.0326	0.1094	
438253611	438253981	370	0.9405	0.0243	0.0054	
438414294	438415066	772	0.6153	0.1956	0.1516	
438415557	438415936	379	0.9604	0.0	0.0	
438419145	438419763	618	0.7524	0.0129	0.0971	
438681731	438682289	558	0.7849	0.0448	0.1075	
438699568	438700599	1031	0.6605	0.1979	0.0951	
438781461	438782008	547	0.4625	0.1609	0.3144	
43944314	43944702	388	0.634	0.0902	0.1804	
439868582	439869211	629	0.531	0.1224	0.2051	
440396171	440396929	758	0.843	0.0145	0.0607	
440399641	440400818	1177	0.7409	0.0952	0.0493	
440665960	440666919	959	0.5454	0.1835	0.1429	
441070388	441070735	347	0.7349	0.0836	0.0519	
442012971	442013296	325	0.7569	0.0462	0.0431	
442107588	442108686	1098	0.7277	0.0929	0.1029	
442140369	442140753	384	0.5677	0.0	0.3802	
442185696	442186687	991	0.8486	0.0111	0.0656	
442318886	442319288	402	0.8483	0.0	0.0672	
442376505	442377683	1178	0.8812	0.0263	0.0085	
442934679	442935464	785	0.8599	0.0089	0.0395	
44351953	44353034	1081	0.9186	0.012	0.012	
443739088	443739643	555	0.4937	0.0288	0.4234	
443898266	443898875	609	0.67	0.2233	0.0575	
443922223	443923159	936	0.7639	0.1079	0.0556	
443943209	443943433	224	0.875	0.0045	0.0536	
443961444	443961970	526	0.8802	0.0019	0.0665	
444250699	444251001	302	0.8742	0.0298	0.053	
444305317	444305686	369	0.9133	0.0	0.0352	
444309067	444309336	269	0.8662	0.0223	0.0112	
444603085	444603281	196	0.9847	0.0	0.0	
445054367	445055092	725	0.8703	0.0124	0.0607	
445548091	445548458	367	0.9428	0.0191	0.0082	
446454746	446454973	227	0.9251	0.0	0.0	
446457095	446458405	1310	0.8015	0.0214	0.0733	
446458830	446460688	1858	0.8369	0.0393	0.0635	
446465134	446466085	951	0.5131	0.2471	0.2029	
446466334	446466877	543	0.7772	0.1123	0.0534	
446533589	446533936	347	0.8386	0.0086	0.049	
44653932	44654367	435	0.8368	0.0276	0.0322	
446559424	446560803	1379	0.7549	0.0268	0.074	
446657600	446658028	428	0.8972	0.028	0.0164	
44691531	44692191	660	0.7879	0.0424	0.0667	
447825196	447826018	822	0.6071	0.1582	0.1448	
447849237	447849643	406	0.7808	0.0246	0.064	
448074187	448074736	549	0.8506	0.0182	0.0437	
449192383	449192758	375	0.8667	0.024	0.0027	
450001020	450003215	2195	0.8811	0.0141	0.0369	
450005418	450005715	297	0.9259	0.0	0.0202	
450167460	450168558	1098	0.9117	0.0291	0.01	
450188328	450189037	709	0.5543	0.2764	0.1044	
450212201	450213116	915	0.8361	0.0481	0.0372	
450251395	450252283	888	0.5563	0.1306	0.2793	
450268287	450269711	1424	0.2809	0.2156	0.4656	
450328952	450330459	1507	0.3968	0.2462	0.2873	
450393115	450394273	1158	0.399	0.2668	0.2453	
450418617	450419273	656	0.7774	0.0366	0.0579	
450835151	450836491	1340	0.8104	0.0493	0.1022	
452206442	452206946	504	0.9127	0.0218	0.006	
453416252	453417831	1579	0.387	0.2597	0.3243	
453577975	453578411	436	0.8303	0.0183	0.0642	
453849019	453849639	620	0.8242	0.0145	0.0452	
454666681	454667004	323	0.8328	0.0495	0.0062	
455026076	455026692	616	0.6429	0.0682	0.2224	
455113639	455114341	702	0.3177	0.3618	0.235	
455233244	455233636	392	0.9745	0.0051	0.0051	
456668278	456670431	2153	0.3758	0.2675	0.3107	
457447940	457449037	1097	0.8496	0.0146	0.0292	
457699878	457700558	680	0.7559	0.0985	0.0721	
458596169	458596549	380	0.5316	0.1474	0.2132	
459031377	459031811	434	0.7903	0.0507	0.0876	
460796355	460796917	562	0.3203	0.105	0.5071	
461674156	461674340	184	0.962	0.0	0.0	
461685098	461685821	723	0.4633	0.1148	0.3762	
461703130	461704079	949	0.5311	0.2107	0.177	
462946742	462947067	325	0.7846	0.0523	0.0769	
463243799	463245193	1394	0.6966	0.0151	0.208	
46362978	46363208	230	0.9304	0.0	0.0087	
464131210	464132392	1182	0.4247	0.302	0.1701	
464252806	464254183	1377	0.5962	0.1118	0.2041	
464264759	464266259	1500	0.4687	0.1847	0.274	
46469151	46470322	1171	0.7523	0.0213	0.1332	
465619380	465619914	534	0.8258	0.0337	0.0431	
465757446	465757968	522	0.9655	0.0038	0.0057	
46592405	46593624	1219	0.3519	0.1977	0.379	
466247013	466248024	1011	0.7547	0.09	0.0544	
466317952	466318388	436	0.7775	0.039	0.1032	
466653096	466653629	533	0.8049	0.0244	0.075	
466843930	466844581	651	0.9201	0.0	0.0	
46713623	46714062	439	0.6629	0.0729	0.139	
467304957	467305399	442	0.5724	0.224	0.0905	
46752374	46753137	763	0.7877	0.017	0.1048	
468227644	468227971	327	0.9602	0.0	0.0031	
468795688	468796972	1284	0.898	0.0125	0.028	
469678511	469679605	1094	0.4899	0.2066	0.2532	
470099799	470100230	431	0.877	0.0348	0.0186	
470104150	470104956	806	0.7779	0.0347	0.0583	
470243404	470243604	200	0.94	0.0	0.0	
471420690	471420941	251	0.9243	0.004	0.0	
472037744	472038112	368	0.8533	0.0598	0.0489	
472164098	472164841	743	0.8843	0.0323	0.0296	
474685332	474686017	685	0.9066	0.0175	0.0336	
475954469	475955367	898	0.5802	0.2216	0.1448	
476028610	476029897	1287	0.4211	0.1127	0.3838	
476505176	476505531	355	0.6676	0.0423	0.1549	
479112676	479113491	815	0.508	0.1141	0.2785	
479521264	479521780	516	0.6977	0.0543	0.1744	
480652929	480653386	457	0.8206	0.0503	0.0263	
482202581	482203481	900	0.6833	0.0444	0.1511	
49407039	49407846	807	0.5527	0.3519	0.0173	
49534673	49535273	600	0.58	0.205	0.12	
49540828	49542257	1429	0.6564	0.0266	0.2442	
49553888	49554155	267	0.8801	0.0	0.0674	
49556984	49558762	1778	0.3622	0.1873	0.3926	
49677426	49677685	259	0.8456	0.027	0.0579	
49729168	49729862	694	0.8314	0.0274	0.0634	
49752252	49752793	541	0.8872	0.0037	0.0148	
49798919	49799619	700	0.7271	0.1114	0.0943	
49818016	49818754	738	0.8035	0.0407	0.0759	
49840318	49840583	265	0.8792	0.0264	0.0189	
49849586	49850167	581	0.8296	0.0155	0.0706	
49890103	49890320	217	0.8065	0.0876	0.0369	
5088425	5089155	730	0.6205	0.0205	0.2507	
5127930	5128183	253	0.8656	0.0	0.0632	
51398727	51399527	800	0.82	0.025	0.025	
51456302	51456541	239	0.8536	0.0293	0.0377	
51544713	51545028	315	0.854	0.0222	0.0508	
5164926	5165251	325	0.9385	0.0	0.0092	
5223149	5223605	456	0.7829	0.0395	0.0482	
53447798	53448036	238	0.9202	0.0	0.0042	
53493646	53493852	206	0.8592	0.0049	0.034	
53504914	53506511	1597	0.3995	0.3131	0.2367	
5405661	5405975	314	0.7643	0.0127	0.0987	
5407590	5407986	396	0.8939	0.0253	0.0025	
55154603	55155465	862	0.3631	0.145	0.4142	
55293148	55293518	370	0.727	0.0135	0.2108	
55406267	55406927	660	0.8652	0.0318	0.0212	
55544631	55545695	1064	0.6823	0.0169	0.2406	
57109517	57110511	994	0.7183	0.0191	0.17	
57213510	57214203	693	0.8196	0.0693	0.0188	
57248316	57248951	635	0.852	0.0157	0.0205	
57585877	57586705	828	0.8901	0.006	0.0217	
58188129	58188485	356	0.736	0.1404	0.0393	
58238041	58238772	731	0.4378	0.2585	0.2435	
5839143	5839486	343	0.828	0.0583	0.0233	
58580008	58580420	412	0.767	0.1044	0.0607	
58611499	58611845	346	0.8208	0.0318	0.0347	
58688221	58688485	264	0.8712	0.0303	0.0114	
59234796	59235097	301	0.8738	0.0	0.0498	
59248391	59248918	527	0.7571	0.0455	0.093	
59273338	59273618	280	0.9571	0.0	0.0	
59361219	59362417	1198	0.7387	0.0735	0.121	
59399216	59399702	486	0.8333	0.07	0.0144	
59400155	59400322	167	0.8743	0.006	0.018	
59403953	59404582	629	0.9173	0.0079	0.0127	
59495693	59495947	254	0.8898	0.0118	0.0	
59561424	59561687	263	0.9468	0.0	0.0076	
59740922	59741261	339	0.9145	0.0029	0.0324	
59742554	59742984	430	0.8651	0.0395	0.0093	
59932209	59932568	359	0.9053	0.0	0.0279	
60099195	60099798	603	0.8491	0.0481	0.0182	
60500366	60501325	959	0.5255	0.2492	0.1543	
60531321	60532292	971	0.4428	0.1885	0.3316	
61028467	61028814	347	0.879	0.0231	0.0432	
62081353	62083113	1760	0.6017	0.0875	0.2028	
63556366	63557378	1012	0.3696	0.1245	0.4457	
65480187	65481147	960	0.7479	0.1031	0.0896	
65595557	65596373	816	0.7745	0.0306	0.1348	
68186822	68187761	939	0.6262	0.1906	0.0596	
68769072	68771020	1948	0.4209	0.3393	0.1478	
68884219	68885126	907	0.4553	0.086	0.3528	
69234012	69234247	235	0.9489	0.0	0.0	
70508044	70508337	293	0.7031	0.0444	0.2082	
70535130	70535408	278	0.8705	0.018	0.0288	
71086492	71087314	822	0.646	0.0438	0.2579	
72025894	72026197	303	0.7459	0.0825	0.0264	
7247985	7248219	234	0.9744	0.0	0.0	
7496119	7496441	322	0.7453	0.0311	0.0807	
75075234	75075881	647	0.5641	0.0278	0.2952	
75131261	75131899	638	0.8119	0.0282	0.0909	
75334140	75334598	458	0.8515	0.0153	0.048	
75338549	75339160	611	0.82	0.0065	0.0638	
75429390	75429836	446	0.4058	0.0	0.5359	
77178791	77179683	892	0.5874	0.1043	0.2175	
77179888	77180451	563	0.7531	0.0782	0.0924	
7803759	7804089	330	0.9303	0.0	0.0242	
7849893	7850515	622	0.5209	0.2074	0.1913	
7920469	7921721	1252	0.3722	0.4105	0.1366	
79420026	79420570	544	0.8603	0.0165	0.0423	
79654324	79654776	452	0.8341	0.0376	0.0221	
79794888	79795156	268	0.8507	0.0075	0.0224	
80258549	80259153	604	0.793	0.0877	0.0348	
80571510	80571956	446	0.8363	0.0359	0.0135	
80993915	80994301	386	0.8497	0.0337	0.0104	
85440556	85440815	259	0.8263	0.0232	0.0077	
86365528	86366128	600	0.6383	0.015	0.1917	
86558403	86558886	483	0.6522	0.0186	0.1884	
87133472	87133753	281	0.8185	0.032	0.0605	
87176247	87176852	605	0.881	0.0248	0.0364	
88207391	88207623	232	0.9009	0.0388	0.0216	
89173933	89176159	2226	0.2965	0.0606	0.5858	
89451538	89452734	1196	0.6263	0.1254	0.1798	
89459780	89460691	911	0.7838	0.0703	0.0724	
89871196	89871429	233	0.9056	0.0043	0.0386	
90627714	90628188	474	0.9051	0.0	0.019	
90673371	90673687	316	0.7405	0.0348	0.0665	
90831150	90832136	986	0.9249	0.001	0.0122	
9158988	9159797	809	0.5402	0.1743	0.2176	
91635949	91637098	1149	0.8372	0.0113	0.0696	
9181645	9182542	897	0.6912	0.0613	0.1449	
9192691	9193745	1054	0.8112	0.0484	0.0588	
91950310	91950776	466	0.809	0.03	0.0236	
92134802	92135136	334	0.7725	0.0778	0.003	
92355697	92355927	230	0.8696	0.0348	0.0	
92402220	92403340	1120	0.8009	0.0518	0.0402	
92934801	92936481	1680	0.6173	0.0554	0.2435	
92992633	92993897	1264	0.6867	0.1408	0.0862	
93125808	93126388	580	0.8155	0.0172	0.081	
93143930	93144505	575	0.487	0.0191	0.4383	
93149380	93149996	616	0.2338	0.013	0.711	
93150429	93151367	938	0.4275	0.323	0.1983	
93606918	93607522	604	0.7781	0.0149	0.0795	
93968202	93968705	503	0.6899	0.002	0.2604	
93990251	93991083	832	0.756	0.0048	0.0793	
94072705	94073332	627	0.9027	0.0239	0.0239	
94303465	94304260	795	0.4453	0.0327	0.4164	
94534002	94534979	977	0.5363	0.0716	0.2753	
95163255	95163534	279	0.8459	0.0179	0.043	
95186190	95186547	357	0.8683	0.0224	0.0112	
95572727	95574074	1347	0.6377	0.0616	0.1685	
95640380	95640978	598	0.7742	0.0819	0.0268	
95651243	95651912	669	0.861	0.0299	0.0164	
95764598	95765274	676	0.6553	0.0592	0.1893	
95771410	95771863	453	0.8786	0.0132	0.0265	
95814050	95814509	459	0.8453	0.0065	0.037	
95818889	95819528	639	0.6698	0.0595	0.1706	
95852916	95853506	590	0.8458	0.0034	0.039	
95854166	95854442	276	0.8116	0.0362	0.0181	
95875006	95876792	1786	0.5342	0.056	0.3606	
95877955	95878252	297	0.8384	0.0505	0.0168	
96018166	96018573	407	0.7862	0.0418	0.0762	
96061715	96062469	754	0.5849	0.187	0.1751	
96265695	96266320	625	0.8	0.0256	0.0592	
96269973	96270959	986	0.7323	0.1501	0.0598	
96376535	96377683	1148	0.3545	0.4721	0.115	
96503137	96503687	550	0.76	0.0055	0.1509	
97251027	97251896	869	0.6559	0.0253	0.2301	
97478224	97479231	1007	0.852	0.0506	0.0308	
97501749	97502620	871	0.8955	0.0103	0.039	
97542969	97543202	233	0.867	0.0129	0.0172	
97561882	97562269	387	0.8424	0.0026	0.0879	
97770884	97772170	1286	0.3398	0.1065	0.5016	
97802173	97802884	711	0.609	0.1153	0.1646	
98005271	98005816	545	0.756	0.0275	0.0936	
98566615	98566840	225	0.9956	0.0	0.0	
98624307	98624895	588	0.8384	0.0051	0.034	
98878079	98878949	870	0.6287	0.0161	0.3046	
