start	end	length	IDY	missing1	missing2	
100797236	100797561	325	0.5692	0.1262	0.1846	
105485487	105485876	389	0.6555	0.1388	0.0874	
107517863	107518348	485	0.7959	0.0124	0.1175	
107578216	107578855	639	0.7793	0.0438	0.0923	
10971521	10972543	1022	0.5753	0.1027	0.2476	
109716967	109719431	2464	0.737	0.1112	0.0617	
109730607	109731284	677	0.8168	0.0561	0.0768	
111716454	111716864	410	0.8341	0.0293	0.0244	
113314726	113315271	545	0.8606	0.0018	0.0202	
114290845	114291251	406	0.8744	0.0172	0.0099	
114535768	114536188	420	0.8357	0.0786	0.0071	
115885611	115885882	271	0.9114	0.0	0.0332	
116393546	116393875	329	0.9422	0.0061	0.0091	
116504477	116505070	593	0.8128	0.0708	0.0472	
117094659	117095463	804	0.5286	0.1692	0.2276	
117386941	117387534	593	0.7555	0.0944	0.0607	
11901963	11902513	550	0.8127	0.0218	0.0236	
120104593	120104926	333	0.973	0.0	0.003	
120170662	120171504	842	0.7007	0.0808	0.0689	
121195319	121196202	883	0.7078	0.0883	0.0781	
125709714	125711231	1517	0.5504	0.0844	0.2802	
128543401	128543708	307	0.873	0.0	0.0228	
128621400	128622042	642	0.2928	0.2072	0.4548	
129747709	129748775	1066	0.5113	0.3133	0.0675	
129897106	129897467	361	0.9391	0.0	0.0028	
12998142	12999475	1333	0.5319	0.2033	0.1913	
130147362	130149171	1809	0.5146	0.0978	0.3118	
13111617	13111876	259	0.9691	0.0039	0.0	
131948775	131949989	1214	0.6194	0.0956	0.1787	
132432258	132432785	527	0.8482	0.0076	0.0304	
132845746	132846014	268	0.9366	0.0149	0.0075	
134201487	134202847	1360	0.7721	0.086	0.0706	
134390648	134390834	186	0.8978	0.0	0.0538	
137044134	137045183	1049	0.5968	0.0724	0.2297	
137126844	137127325	481	0.5322	0.2121	0.1892	
138619315	138619665	350	0.8657	0.04	0.0229	
138642512	138643212	700	0.8657	0.03	0.0043	
138675665	138676130	465	0.7226	0.0516	0.1054	
138679884	138680565	681	0.4273	0.4758	0.0367	
139266917	139268348	1431	0.3459	0.1978	0.3906	
139383857	139384193	336	0.9137	0.0327	0.0	
139443298	139443661	363	0.8843	0.0138	0.0303	
139500402	139501393	991	0.5288	0.0343	0.3491	
139669619	139670798	1179	0.6514	0.1077	0.1467	
140487972	140489456	1484	0.4394	0.0916	0.407	
14059454	14059861	407	0.7862	0.1179	0.0098	
140879388	140880299	911	0.4621	0.1976	0.2141	
141086642	141086834	192	0.9271	0.0156	0.0208	
141096022	141098027	2005	0.2673	0.2424	0.4534	
141369955	141370698	743	0.4522	0.4361	0.074	
142017804	142018103	299	0.9264	0.0	0.01	
142280304	142280901	597	0.5963	0.1575	0.1809	
144060216	144060577	361	0.9058	0.0055	0.0055	
144171077	144171575	498	0.2711	0.5221	0.1506	
144319735	144319958	223	0.9013	0.0269	0.0045	
144323639	144324011	372	0.8737	0.0242	0.0457	
144355782	144356009	227	0.8811	0.0396	0.0088	
144896469	144896895	426	0.8404	0.0117	0.0211	
146847809	146848076	267	0.8577	0.0337	0.0262	
146939416	146940608	1192	0.3876	0.1728	0.3507	
148689722	148690002	280	0.8893	0.0036	0.0321	
148887305	148888876	1571	0.3959	0.1897	0.3724	
148966947	148967569	622	0.8505	0.0225	0.0804	
149210859	149211116	257	0.8677	0.0428	0.0	
149375838	149375998	160	0.9437	0.0	0.0	
14950134	14950786	652	0.8221	0.0138	0.0322	
151124738	151125623	885	0.6893	0.1864	0.052	
154906362	154908779	2417	0.6794	0.0463	0.1713	
157599034	157600000	966	0.8489	0.0248	0.0321	
157802099	157802743	644	0.5963	0.146	0.132	
15786325	15786617	292	0.8836	0.0068	0.0719	
158524257	158524549	292	0.8801	0.0	0.024	
158542735	158543243	508	0.7106	0.0846	0.1083	
160344960	160345334	374	0.8289	0.0107	0.0882	
161351652	161352009	357	0.7367	0.1232	0.0616	
161391450	161391700	250	0.88	0.024	0.008	
165683158	165683570	412	0.7257	0.1165	0.0461	
16749690	16750121	431	0.9188	0.0	0.0394	
16756261	16757267	1006	0.8042	0.0199	0.1083	
16770783	16772113	1330	0.8165	0.0429	0.0759	
168215904	168216136	232	0.931	0.0302	0.0	
168344996	168345517	521	0.8503	0.0211	0.0288	
170538515	170539048	533	0.8668	0.0432	0.0019	
172433115	172433274	159	0.8805	0.0126	0.0063	
17276578	17276864	286	0.7587	0.1329	0.0734	
172912352	172912641	289	0.9412	0.0	0.0277	
175313285	175313846	561	0.4848	0.0267	0.4011	
175663097	175663429	332	0.7741	0.0271	0.1295	
175726701	175727458	757	0.8996	0.0145	0.0238	
18080661	18080974	313	0.8946	0.0064	0.0032	
18152768	18153914	1146	0.7565	0.0829	0.0628	
18174642	18174950	308	0.8604	0.0	0.0584	
18493039	18493448	409	0.7751	0.0342	0.11	
185251658	185252034	376	0.4761	0.2473	0.1729	
189804837	189806045	1208	0.8104	0.053	0.0414	
192367248	192367437	189	0.8942	0.0582	0.0	
192490674	192491060	386	0.8446	0.0155	0.0518	
192588049	192588830	781	0.9449	0.0192	0.0077	
193580539	193581239	700	0.8371	0.0214	0.0314	
193597419	193598478	1059	0.6232	0.1294	0.1794	
197749298	197749785	487	0.922	0.0144	0.0	
199205101	199206041	940	0.5319	0.2436	0.1277	
200626039	200626370	331	0.7764	0.1269	0.0574	
201302119	201302265	146	0.9384	0.0137	0.0	
202938023	202939328	1305	0.6467	0.0414	0.2261	
203285054	203285597	543	0.9263	0.0	0.0221	
203340176	203340660	484	0.9566	0.0	0.0	
204035658	204036994	1336	0.8361	0.0644	0.0254	
204102438	204103325	887	0.7486	0.0733	0.0496	
204380179	204380441	262	0.9198	0.0229	0.0	
204799533	204800434	901	0.3629	0.4661	0.1487	
205045504	205047200	1696	0.9245	0.0094	0.0254	
205400322	205401174	852	0.8439	0.034	0.0258	
206752496	206752948	452	0.8164	0.0022	0.0996	
207036831	207037750	919	0.8868	0.0261	0.0098	
207062516	207063691	1175	0.8911	0.0162	0.0068	
207696540	207697386	846	0.3132	0.3924	0.247	
210343378	210343990	612	0.9052	0.0147	0.0359	
210892104	210892540	436	0.7179	0.0069	0.2087	
211095081	211095314	233	0.9657	0.0	0.0	
211142380	211142845	465	0.7892	0.0946	0.0323	
211154532	211155260	728	0.4657	0.0481	0.4121	
211521270	211522849	1579	0.6441	0.0247	0.2552	
211644685	211645951	1266	0.6864	0.0806	0.1295	
211796202	211796666	464	0.8987	0.0259	0.028	
211976637	211977200	563	0.5009	0.0142	0.4014	
212098890	212099356	466	0.5215	0.0472	0.3863	
212168656	212168959	303	0.934	0.0	0.0198	
212723278	212724388	1110	0.8649	0.0117	0.0541	
212861945	212866491	4546	0.3905	0.2547	0.3126	
213049785	213050601	816	0.9032	0.0123	0.0306	
213813534	213814001	467	0.8737	0.015	0.0257	
213829144	213829962	818	0.8655	0.0196	0.0232	
214431421	214433839	2418	0.7324	0.0513	0.1092	
220274583	220275908	1325	0.3713	0.3826	0.1872	
22183607	22183871	264	0.9015	0.0189	0.0038	
222263509	222264068	559	0.9034	0.0197	0.0233	
22251917	22252618	701	0.6776	0.2111	0.0599	
22317060	22318412	1352	0.5303	0.1509	0.2382	
223561424	223561677	253	0.8458	0.0237	0.0395	
22369722	22370026	304	0.8553	0.0559	0.0	
224286422	224288015	1593	0.4193	0.1425	0.349	
224585350	224585967	617	0.8331	0.0276	0.0292	
224612176	224612862	686	0.4752	0.2143	0.223	
225063155	225063993	838	0.9189	0.0215	0.0143	
226551952	226553095	1143	0.4427	0.2275	0.266	
226597807	226598988	1181	0.6528	0.1075	0.1296	
228821583	228821817	234	0.641	0.0128	0.2521	
229185271	229186756	1485	0.6875	0.0747	0.1596	
22949427	22950274	847	0.8312	0.0153	0.046	
23035441	23035857	416	0.774	0.0361	0.1298	
230883065	230883563	498	0.8173	0.0341	0.0683	
231011077	231011389	312	0.8782	0.0128	0.0128	
231168672	231168969	297	0.8519	0.0539	0.0101	
232657607	232658163	556	0.7608	0.0414	0.0773	
232666702	232666884	182	0.9341	0.0	0.0275	
232738160	232738561	401	0.616	0.1322	0.1247	
232746413	232747103	690	0.9217	0.0275	0.0174	
233701485	233701934	449	0.4543	0.0512	0.4165	
234465269	234465458	189	0.8624	0.0159	0.0476	
234743264	234744124	860	0.5826	0.1058	0.2488	
234869948	234870507	559	0.8193	0.0322	0.034	
234872442	234872782	340	0.9059	0.0088	0.0147	
234878446	234878877	431	0.6914	0.1647	0.0673	
23503008	23503272	264	0.8523	0.0	0.0758	
235187901	235188775	874	0.8844	0.0286	0.0172	
235210650	235211258	608	0.8701	0.0197	0.0099	
235221244	235222779	1535	0.4072	0.245	0.2756	
236582520	236582949	429	0.9254	0.0047	0.0117	
236622730	236623084	354	0.9435	0.0424	0.0	
23743989	23747061	3072	0.9508	0.0059	0.0062	
23756243	23756560	317	0.9401	0.0063	0.0158	
241647337	241647595	258	0.8643	0.0194	0.0736	
241657161	241657605	444	0.723	0.0563	0.1239	
241664141	241664432	291	0.8522	0.0722	0.0034	
241864548	241865552	1004	0.6195	0.1833	0.1275	
242932145	242932561	416	0.8245	0.012	0.0313	
243063621	243063875	254	0.937	0.0	0.0	
243284547	243284990	443	0.8149	0.0113	0.0181	
243531190	243532247	1057	0.6377	0.0227	0.2895	
243793483	243794212	729	0.8752	0.0384	0.0384	
243855252	243856637	1385	0.4585	0.1466	0.296	
245215023	245215420	397	0.8866	0.0025	0.0277	
245730772	245731520	748	0.6898	0.0722	0.1217	
246007919	246008333	414	0.785	0.0242	0.099	
24756647	24757048	401	0.8204	0.0025	0.0723	
24822514	24823637	1123	0.8112	0.0151	0.0695	
248397711	248398096	385	0.7065	0.0442	0.1455	
250886774	250887117	343	0.8367	0.0	0.0379	
251282802	251283153	351	0.7835	0.0484	0.0342	
251302792	251303948	1156	0.4697	0.1791	0.2846	
252481656	252482273	617	0.7844	0.0243	0.0989	
253657026	253657384	358	0.9106	0.0112	0.0363	
253665076	253665486	410	0.8976	0.0341	0.0049	
253690796	253691600	804	0.602	0.0522	0.2463	
253801815	253802772	957	0.4431	0.2142	0.2581	
253812996	253813300	304	0.9868	0.0	0.0	
254465229	254465508	279	0.8065	0.0717	0.0609	
254854507	254854939	432	0.8148	0.0532	0.0509	
25500713	25501700	987	0.5887	0.08	0.2644	
255772557	255773024	467	0.9208	0.0043	0.0128	
256250405	256250703	298	0.8154	0.0101	0.0537	
258165072	258165513	441	0.7959	0.1134	0.0113	
258238596	258238945	349	0.7163	0.0602	0.1576	
258266754	258267089	335	0.8209	0.0836	0.003	
258887223	258887931	708	0.7528	0.1017	0.0381	
258906815	258907060	245	0.8735	0.0735	0.0082	
260448518	260450138	1620	0.8056	0.0191	0.1025	
26069296	26070045	749	0.8158	0.0561	0.0534	
263362490	263363171	681	0.6755	0.1307	0.0896	
263444715	263444916	201	0.9104	0.0199	0.0249	
264555650	264556084	434	0.894	0.0138	0.0069	
265709497	265709868	371	0.6846	0.0485	0.1402	
266756901	266757426	525	0.8343	0.0267	0.0267	
266887069	266888043	974	0.9559	0.0	0.0	
267470479	267470867	388	0.8995	0.0	0.0258	
268136932	268137484	552	0.5978	0.0507	0.2736	
268371791	268373073	1282	0.7559	0.0335	0.0944	
268534543	268534865	322	0.8665	0.0248	0.0124	
270698139	270698556	417	0.8225	0.0647	0.012	
270930166	270930877	711	0.5823	0.173	0.0985	
271413042	271413301	259	0.668	0.2124	0.0772	
271730522	271730946	424	0.9481	0.0	0.0	
272275030	272276428	1398	0.6445	0.1237	0.1474	
272408876	272409639	763	0.751	0.0747	0.0931	
273333481	273334323	842	0.6568	0.0499	0.1888	
276256768	276257206	438	0.6507	0.2169	0.0753	
277330625	277331280	655	0.8229	0.0382	0.0611	
278665773	278666194	421	0.5226	0.209	0.1971	
279320086	279320502	416	0.863	0.0216	0.012	
280451847	280452680	833	0.8824	0.0372	0.012	
282817783	282818291	508	0.6457	0.1535	0.126	
282965775	282966571	796	0.7274	0.0327	0.0842	
282967288	282968752	1464	0.4317	0.2131	0.3087	
283013062	283013284	222	0.9189	0.0	0.0405	
283221271	283221823	552	0.8641	0.0217	0.0254	
283328377	283329747	1370	0.6591	0.1664	0.0861	
283338705	283341061	2356	0.149	0.5883	0.2368	
283562425	283562664	239	0.9163	0.0	0.046	
283615940	283617472	1532	0.6756	0.0953	0.1462	
283854788	283855646	858	0.824	0.0478	0.0303	
284061431	284062037	606	0.604	0.1617	0.1254	
284070916	284073741	2825	0.4485	0.1533	0.308	
284091935	284093321	1386	0.5548	0.1905	0.1696	
284093561	284093803	242	0.9091	0.0041	0.0248	
284102482	284102730	248	0.9355	0.0484	0.0	
287081075	287082276	1201	0.4438	0.2573	0.2498	
287135747	287136139	392	0.8724	0.0689	0.0026	
287139070	287139413	343	0.8397	0.07	0.0146	
288293640	288294139	499	0.8818	0.0301	0.01	
288494063	288494875	812	0.7956	0.0172	0.0924	
289652289	289654167	1878	0.9201	0.008	0.0325	
289937279	289937565	286	0.8986	0.0035	0.0245	
289962764	289963627	863	0.657	0.0776	0.1472	
290019463	290020224	761	0.4757	0.3233	0.1432	
290025707	290025926	219	0.9406	0.0	0.0046	
290355663	290355987	324	0.8148	0.0247	0.0802	
292349234	292349499	265	0.8868	0.0038	0.0038	
292931776	292932534	758	0.4894	0.1939	0.2282	
29362914	29364317	1403	0.8781	0.0364	0.0385	
29462526	29463274	748	0.9158	0.004	0.0147	
295692085	295692838	753	0.749	0.085	0.0863	
297153590	297154470	880	0.5727	0.1636	0.1864	
297299306	297300429	1123	0.4221	0.1318	0.4132	
297340609	297341950	1341	0.349	0.1081	0.484	
300717572	300718134	562	0.7883	0.0819	0.0107	
301761766	301762433	667	0.8921	0.003	0.03	
305024766	305024978	212	0.7547	0.0566	0.033	
305637200	305637595	395	0.9165	0.0025	0.0203	
307501774	307502176	402	0.6915	0.0697	0.1368	
309301499	309302739	1240	0.221	0.2863	0.4468	
30970076	30972056	1980	0.4278	0.2273	0.2596	
316351450	316352485	1035	0.2841	0.6367	0.0271	
316391649	316392220	571	0.6848	0.0946	0.1261	
316644359	316644803	444	0.7365	0.0225	0.1802	
316658783	316659055	272	0.7022	0.0882	0.1287	
317598716	317599574	858	0.6014	0.1457	0.141	
323222852	323225291	2439	0.9098	0.007	0.0217	
323227459	323227709	250	0.92	0.0	0.0	
324493484	324493817	333	0.7658	0.1802	0.003	
325082627	325083955	1328	0.6393	0.0986	0.1596	
325225874	325227282	1408	0.598	0.1548	0.1527	
326760206	326762069	1863	0.3586	0.2786	0.3231	
327688439	327689421	982	0.7454	0.0377	0.1334	
328511393	328511911	518	0.6795	0.083	0.1737	
329061080	329061391	311	0.8842	0.0161	0.0579	
329127546	329128001	455	0.7604	0.0593	0.0703	
330225796	330226223	427	0.8197	0.0	0.1171	
330302216	330302477	261	0.931	0.0038	0.0038	
335322766	335322921	155	0.7613	0.0194	0.0581	
335579730	335580806	1076	0.2528	0.4619	0.2546	
340169548	340170094	546	0.6484	0.0458	0.1648	
340217479	340217705	226	0.6726	0.0177	0.2699	
340663692	340664079	387	0.7106	0.0724	0.1447	
343114361	343114831	470	0.6745	0.0532	0.1638	
343136122	343136858	736	0.7554	0.0476	0.0639	
344829267	344830047	780	0.4782	0.0397	0.4141	
346099273	346099530	257	0.8521	0.0	0.0584	
346609538	346611395	1857	0.5283	0.2316	0.1939	
346907752	346908488	736	0.731	0.0938	0.0448	
347191319	347191977	658	0.7948	0.0122	0.0912	
348204232	348204802	570	0.9228	0.0246	0.0018	
348553102	348553254	152	0.9803	0.0	0.0	
348570600	348571093	493	0.9047	0.002	0.0101	
348961257	348962641	1384	0.5397	0.1582	0.2435	
350283083	350283342	259	0.9189	0.0232	0.0077	
350543095	350544410	1315	0.3688	0.2068	0.3658	
35089603	35089741	138	0.9855	0.0	0.0	
352449444	352450871	1427	0.5396	0.1626	0.1913	
352477050	352477909	859	0.4424	0.0163	0.4738	
352776351	352776705	354	0.822	0.0226	0.0282	
355310391	355310702	311	0.9325	0.0322	0.0	
355311789	355312210	421	0.7696	0.0285	0.1045	
355616691	355616961	270	0.8667	0.0148	0.0296	
35719124	35719525	401	0.6658	0.0249	0.1671	
35723067	35723947	880	0.4966	0.2125	0.2386	
358986688	358986901	213	0.7606	0.0423	0.0939	
360331481	360331784	303	0.8284	0.0231	0.0693	
360640846	360641340	494	0.919	0.0263	0.0	
360641938	360643648	1710	0.8754	0.0105	0.0298	
360668093	360669298	1205	0.8257	0.0373	0.0539	
360669635	360670091	456	0.8026	0.0702	0.0395	
360741504	360742706	1202	0.9018	0.0166	0.0175	
360749658	360749919	261	0.8736	0.023	0.0536	
360767178	360768374	1196	0.7467	0.0393	0.1413	
360853458	360854655	1197	0.8881	0.0359	0.01	
361195076	361195468	392	0.7832	0.0408	0.0587	
361528042	361528260	218	0.9725	0.0	0.0	
361552295	361552912	617	0.6759	0.0405	0.1848	
361922783	361923007	224	0.9777	0.0	0.0	
362388141	362388754	613	0.9331	0.0098	0.0065	
363742259	363742475	216	0.8796	0.0	0.0602	
363836449	363837173	724	0.7597	0.1077	0.0663	
364075859	364076333	474	0.7869	0.0591	0.0359	
364261383	364261870	487	0.6715	0.2628	0.0308	
364768541	364768959	418	0.878	0.0191	0.0048	
365703401	365703953	552	0.9746	0.0	0.0	
365911113	365911741	628	0.8965	0.0159	0.0111	
365931135	365932474	1339	0.8559	0.0687	0.0119	
366893213	366894615	1402	0.291	0.2739	0.3845	
369042090	369043052	962	0.8222	0.0198	0.0634	
369364632	369365296	664	0.5617	0.0075	0.3554	
370071206	370071509	303	0.8713	0.0	0.0561	
37104947	37105362	415	0.6	0.1687	0.1373	
37180101	37180641	540	0.75	0.0741	0.0593	
37222531	37223079	548	0.5785	0.1113	0.177	
373119000	373119370	370	0.8324	0.0	0.0676	
373632120	373632795	675	0.2919	0.6756	0.0133	
374269757	374270641	884	0.8654	0.0158	0.0249	
376605424	376606159	735	0.7429	0.0626	0.0816	
382231981	382232545	564	0.7926	0.0124	0.094	
382522346	382522697	351	0.8746	0.0028	0.0285	
383539607	383540994	1387	0.819	0.0685	0.0512	
384867804	384868255	451	0.6497	0.0466	0.1707	
385024290	385025096	806	0.8524	0.0459	0.0447	
385091595	385091817	222	0.6802	0.036	0.2117	
385143290	385144422	1132	0.6564	0.1731	0.0928	
385190324	385190664	340	0.8882	0.0294	0.0235	
387260659	387261219	560	0.9054	0.0089	0.0161	
387537746	387537863	117	0.9915	0.0	0.0	
387786171	387786558	387	0.8501	0.0698	0.0	
387828226	387828897	671	0.775	0.1088	0.0373	
388489702	388490031	329	0.924	0.0213	0.0091	
389746210	389747017	807	0.943	0.0062	0.0099	
389802937	389803951	1014	0.7742	0.0542	0.0927	
389881994	389882488	494	0.8077	0.1032	0.0466	
389954518	389954785	267	0.8652	0.0375	0.0524	
390159754	390160094	340	0.9471	0.0059	0.0	
390507933	390508443	510	0.9157	0.0	0.0176	
390751816	390752619	803	0.2267	0.5355	0.2229	
391189645	391190221	576	0.9253	0.0017	0.0122	
391224437	391224814	377	0.9125	0.0053	0.0027	
391226291	391226969	678	0.91	0.0015	0.028	
391770504	391770861	357	0.7815	0.0336	0.1289	
391932046	391933151	1105	0.581	0.1774	0.1457	
391934033	391935056	1023	0.7664	0.0528	0.1124	
392718074	392719426	1352	0.3402	0.2611	0.3536	
393820829	393821406	577	0.8562	0.0173	0.026	
394562026	394563082	1056	0.8144	0.018	0.0587	
394663066	394663560	494	0.9069	0.0162	0.0142	
394707985	394709214	1229	0.4931	0.1945	0.2335	
394709611	394710401	790	0.5177	0.2696	0.157	
397583258	397583956	698	0.7307	0.0874	0.0817	
398692705	398692867	162	0.8951	0.0	0.0247	
398890198	398890614	416	0.875	0.0096	0.0096	
400490501	400491792	1291	0.8125	0.0968	0.0364	
400744985	400746296	1311	0.9123	0.0107	0.0313	
400789979	400791624	1645	0.8875	0.0383	0.0249	
400805884	400806258	374	0.738	0.0588	0.0535	
401072924	401073211	287	0.8711	0.0	0.0383	
401075736	401076101	365	0.9288	0.0438	0.0027	
40156547	40157933	1386	0.3766	0.1126	0.4423	
401742252	401742708	456	0.7895	0.0526	0.068	
402632186	402633777	1591	0.5154	0.2898	0.1081	
402948798	402949358	560	0.9411	0.0143	0.0018	
403302290	403303518	1228	0.6938	0.0684	0.1034	
403357624	403357875	251	0.9721	0.0	0.004	
404160571	404160822	251	0.9721	0.0	0.004	
404638913	404640193	1280	0.8453	0.0625	0.0391	
405628816	405630247	1431	0.9126	0.0189	0.0028	
409779465	409779827	362	0.7569	0.0442	0.0497	
409862003	409863397	1394	0.6779	0.1026	0.1585	
413140847	413141122	275	0.92	0.0109	0.0218	
413301317	413302102	785	0.8675	0.0102	0.0038	
413576212	413576510	298	0.8893	0.0168	0.0403	
413889832	413890111	279	0.8459	0.0036	0.0717	
414013302	414013708	406	0.9581	0.0025	0.0	
414225321	414225527	206	0.9175	0.0	0.0049	
415539778	415540279	501	0.9661	0.002	0.01	
415611278	415611535	257	0.8755	0.0078	0.0311	
415679309	415680077	768	0.668	0.1094	0.1628	
415844436	415845160	724	0.913	0.0262	0.011	
416395239	416396549	1310	0.5679	0.1695	0.1733	
416545947	416546251	304	0.9441	0.0	0.0033	
418282474	418282942	468	0.8184	0.0192	0.0812	
418454290	418454558	268	0.694	0.0187	0.1903	
418470299	418470621	322	0.8509	0.0062	0.0062	
418471821	418472005	184	0.7609	0.0761	0.0	
418540434	418540722	288	0.9444	0.0139	0.0	
418636663	418637091	428	0.743	0.0	0.229	
418638351	418638626	275	0.9164	0.0327	0.0	
419595974	419596680	706	0.915	0.0184	0.0156	
419720777	419721702	925	0.6897	0.1535	0.0681	
420568243	420569243	1000	0.554	0.165	0.194	
420827752	420828085	333	0.6426	0.2583	0.0661	
420828877	420829072	195	0.9077	0.0051	0.0154	
421052666	421052884	218	0.8761	0.0046	0.0505	
421077548	421078045	497	0.5573	0.0865	0.2958	
423520122	423520895	773	0.7995	0.0582	0.0349	
424083450	424083762	312	0.9423	0.0	0.0064	
424086268	424086611	343	0.8776	0.0146	0.0466	
424484115	424484538	423	0.766	0.0307	0.1277	
424711783	424712895	1112	0.5441	0.196	0.1951	
424944312	424944771	459	0.8954	0.0218	0.0131	
425652376	425653239	863	0.8204	0.022	0.1205	
425665342	425666652	1310	0.8282	0.0282	0.0702	
426027170	426027956	786	0.57	0.0305	0.3321	
427298050	427298477	427	0.7822	0.0703	0.0375	
427298928	427300028	1100	0.3318	0.3755	0.2491	
427874907	427875246	339	0.9115	0.0236	0.0	
427982095	427982454	359	0.8858	0.0362	0.0028	
432721290	432722683	1393	0.5219	0.0826	0.2857	
432772520	432772993	473	0.7801	0.0444	0.0486	
432814605	432815154	549	0.7304	0.0	0.2168	
43622593	43623697	1104	0.5969	0.1033	0.1649	
436929183	436929639	456	0.9057	0.0	0.0329	
436986219	436986492	273	0.8645	0.0037	0.0806	
438180207	438181238	1031	0.8118	0.0281	0.0126	
438648111	438648268	157	0.8726	0.0	0.0255	
438728594	438729019	425	0.8894	0.0141	0.0282	
439832339	439832571	232	0.8621	0.0216	0.0172	
439879165	439880176	1011	0.7933	0.0574	0.0297	
439944218	439945293	1075	0.5377	0.3005	0.0791	
441730151	441731222	1071	0.8497	0.0131	0.0626	
442274546	442275420	874	0.9027	0.0092	0.04	
442277127	442277798	671	0.9285	0.0164	0.0104	
442279083	442279715	632	0.9589	0.0	0.0047	
442288981	442289945	964	0.3683	0.2116	0.3786	
442306212	442307061	849	0.894	0.0024	0.0448	
443867152	443867467	315	0.8889	0.0381	0.0063	
443886103	443886287	184	0.9022	0.0	0.0435	
443995176	443995551	375	0.7707	0.0613	0.1333	
444058653	444059118	465	0.8516	0.0409	0.0301	
444153345	444154575	1230	0.8325	0.0667	0.0423	
444210922	444212667	1745	0.8774	0.0143	0.0332	
444818400	444818977	577	0.8232	0.0884	0.026	
445776894	445777850	956	0.8828	0.0293	0.0188	
44626049	44627498	1449	0.421	0.1353	0.3478	
446471537	446471998	461	0.5965	0.1085	0.2104	
446482613	446482927	314	0.8599	0.0318	0.0064	
446811765	446812267	502	0.8566	0.0139	0.0199	
448389726	448390448	722	0.9183	0.018	0.0042	
449074440	449074792	352	0.892	0.0	0.0085	
449915553	449916020	467	0.8779	0.0193	0.0193	
450012968	450014345	1377	0.6957	0.1089	0.1474	
450173448	450173671	223	0.9238	0.0	0.0269	
451065153	451065991	838	0.5	0.0119	0.4547	
451316820	451317251	431	0.7401	0.123	0.0441	
455100996	455102159	1163	0.3783	0.2898	0.2674	
456825693	456826014	321	0.8536	0.0374	0.0218	
458671246	458672495	1249	0.9319	0.0008	0.0112	
460973067	460973716	649	0.5624	0.1464	0.1849	
461133964	461134388	424	0.8255	0.0024	0.0731	
461137128	461138419	1291	0.4562	0.1967	0.2781	
461141475	461142131	656	0.8399	0.0091	0.0427	
462335427	462335688	261	0.5594	0.092	0.2222	
463811919	463812212	293	0.8908	0.0375	0.0034	
464861225	464862303	1078	0.4629	0.1466	0.3108	
466499033	466499789	756	0.3399	0.2156	0.4061	
466753862	466754239	377	0.7905	0.0265	0.0822	
468075160	468075389	229	0.738	0.0524	0.0961	
468401856	468402980	1124	0.806	0.0347	0.0489	
470471807	470472155	348	0.8649	0.0029	0.0316	
470784357	470786073	1716	0.1416	0.5303	0.3054	
470864504	470865870	1366	0.8419	0.0527	0.0264	
471886336	471887301	965	0.7389	0.0788	0.0487	
472016548	472016704	156	0.9423	0.0	0.0192	
472056958	472057339	381	0.8058	0.0367	0.0131	
472194101	472194665	564	0.8794	0.0337	0.0071	
472234733	472236849	2116	0.5756	0.1427	0.2287	
474155535	474156156	621	0.9002	0.0097	0.0113	
474506695	474507135	440	0.85	0.0023	0.0773	
474691537	474691854	317	0.6656	0.0221	0.2744	
474745044	474745539	495	0.7455	0.0586	0.1232	
474808461	474808808	347	0.8703	0.0173	0.0461	
474903632	474904089	457	0.8031	0.0372	0.035	
476026180	476027113	933	0.7824	0.0622	0.03	
479770685	479771471	786	0.7875	0.0573	0.0394	
480751782	480752385	603	0.8524	0.01	0.0514	
49815934	49816365	431	0.7332	0.0418	0.1578	
49832781	49833087	306	0.8431	0.0523	0.0261	
55238205	55239605	1400	0.7793	0.0414	0.1107	
55387990	55388339	349	0.8223	0.0688	0.0201	
57078327	57078546	219	0.9041	0.0274	0.0046	
57565175	57565687	512	0.5293	0.3496	0.0352	
57583329	57584308	979	0.8846	0.0174	0.0143	
58634794	58635575	781	0.8297	0.0691	0.0128	
59311306	59312353	1047	0.8176	0.0411	0.0659	
59424609	59425233	624	0.9327	0.0016	0.0064	
59591761	59592122	361	0.7978	0.1163	0.0111	
59614535	59615277	742	0.876	0.0216	0.0202	
59787148	59787577	429	0.9534	0.0	0.0023	
607986	608992	1006	0.4553	0.2942	0.2137	
62022214	62023245	1031	0.7886	0.0359	0.0863	
63092604	63093231	627	0.8533	0.0447	0.0175	
64517829	64518717	888	0.6002	0.1025	0.1858	
65603621	65604798	1177	0.5616	0.2328	0.158	
65894704	65896357	1653	0.5487	0.0853	0.2656	
68208721	68209441	720	0.5847	0.1264	0.1986	
68278945	68279443	498	0.8072	0.0582	0.0602	
68497061	68497903	842	0.6865	0.0653	0.1425	
68498529	68499361	832	0.8618	0.0132	0.0325	
68594425	68594889	464	0.8858	0.0065	0.0453	
68630069	68631323	1254	0.8732	0.0088	0.051	
71677175	71681221	4046	0.5934	0.1611	0.1557	
7275107	7275322	215	0.9721	0.0	0.0047	
73188939	73189608	669	0.8206	0.0583	0.009	
75072103	75072931	828	0.7476	0.0556	0.0652	
75336821	75337279	458	0.9192	0.0153	0.024	
75585349	75586222	873	0.7583	0.1203	0.0389	
79630184	79630684	500	0.54	0.152	0.162	
86880093	86881460	1367	0.4623	0.1426	0.3116	
88484312	88485248	936	0.3429	0.3259	0.2639	
88538701	88541099	2398	0.5133	0.118	0.2781	
89100921	89101120	199	0.9598	0.0	0.0251	
89103500	89103673	173	0.9595	0.0231	0.0	
8957077	8959925	2848	0.3596	0.1513	0.4435	
9027136	9027759	623	0.7592	0.0401	0.0482	
90424884	90425897	1013	0.3366	0.3238	0.2764	
91528806	91529554	748	0.754	0.0602	0.0735	
92203451	92203897	446	0.8722	0.0045	0.0135	
93092245	93093206	961	0.2653	0.2539	0.4547	
9311367	9312453	1086	0.7744	0.0479	0.105	
93164711	93165752	1041	0.4899	0.1134	0.3045	
93414566	93414797	231	0.8182	0.0043	0.0563	
95823582	95825018	1436	0.6748	0.0501	0.2068	
96865015	96865614	599	0.4758	0.3606	0.1169	
97487801	97488095	294	0.8061	0.0306	0.0374	
97493364	97493993	629	0.9746	0.0	0.0032	
97653386	97655854	2468	0.9015	0.0053	0.0267	
98476734	98476965	231	0.8225	0.0	0.1299	
98603119	98603264	145	0.8759	0.0	0.0069	
99734823	99737139	2316	0.6844	0.1313	0.0959	
