start	end	length	IDY	missing1	missing2	
388449	389394	945	0.4963	0.1249	0.2698	
907236	908612	1376	0.4702	0.0988	0.3241	
1164739	1168020	3281	0.0899	0.335	0.559	
1667812	1668817	1005	0.4318	0.1383	0.3502	
1786476	1786647	171	0.7836	0.152	0.0351	
2005072	2005840	768	0.6836	0.1042	0.0924	
2062205	2062696	491	0.7515	0.0204	0.1303	
2218344	2219811	1467	0.4751	0.122	0.3292	
2220037	2220387	350	0.5543	0.4086	0.0	
2273272	2273432	160	0.8187	0.1187	0.0	
2419822	2420594	772	0.7163	0.0557	0.0855	
2590859	2591006	147	0.9796	0.0068	0.0	
2652497	2653123	626	0.5607	0.1901	0.1677	
2664566	2665020	454	0.7555	0.0176	0.1806	
2678640	2678972	332	0.5633	0.3886	0.009	
2896062	2897752	1690	0.4343	0.1231	0.3663	
3180319	3180822	503	0.0	1.0	0.0	
3378709	3379152	443	0.1806	0.7381	0.0023	
3687544	3688658	1114	0.6921	0.0637	0.1275	
3717316	3717796	480	0.7562	0.0813	0.0917	
3774904	3775130	226	0.8717	0.0531	0.0221	
3871193	3871752	559	0.7209	0.1646	0.025	
4310159	4311679	1520	0.3901	0.0908	0.4303	
4417723	4418564	841	0.4078	0.0892	0.4376	
4471796	4474273	2477	0.2644	0.2087	0.4719	
4474994	4475851	857	0.042	0.1995	0.7386	
4671943	4672258	315	0.5905	0.1873	0.0762	
4723001	4723351	350	0.46	0.4771	0.0029	
5148137	5148424	287	0.5436	0.4007	0.0	
5245271	5245748	477	0.7778	0.0482	0.0294	
5297848	5297993	145	0.9241	0.0276	0.0	
5719381	5720315	934	0.4004	0.0428	0.5075	
6241145	6242654	1509	0.393	0.175	0.3824	
7155743	7156276	533	0.3433	0.1614	0.4559	
7302008	7303569	1561	0.1666	0.0647	0.7527	
7621640	7621926	286	0.0	1.0	0.0	
7626629	7626868	239	0.9163	0.0	0.0209	
7870816	7871025	209	0.488	0.3493	0.0766	
8233402	8234681	1279	0.62	0.122	0.154	
8478874	8480143	1269	0.5524	0.0898	0.3042	
8501139	8501562	423	0.6123	0.0969	0.2482	
8852472	8855079	2607	0.2754	0.2417	0.4534	
9214732	9214924	192	0.8698	0.0208	0.0	
10562159	10563483	1324	0.2009	0.1458	0.6231	
10786763	10791141	4378	0.1448	0.2266	0.6085	
11063820	11065898	2078	0.6386	0.0977	0.1877	
11122531	11127349	4818	0.0548	0.0376	0.9058	
11127789	11127940	151	0.8742	0.053	0.0	
11596087	11596234	147	0.7891	0.034	0.0068	
12658462	12659679	1217	0.355	0.1331	0.4782	
12864286	12865085	799	0.7134	0.1402	0.025	
13284466	13285757	1291	0.4214	0.1464	0.3718	
13287582	13288011	429	0.7786	0.0163	0.1096	
13681102	13681368	266	0.8835	0.0113	0.015	
14062887	14063127	240	0.9667	0.0	0.0	
14324383	14327572	3189	0.3728	0.3308	0.2446	
14328003	14328322	319	0.8182	0.0219	0.0502	
14348342	14348631	289	0.8789	0.0692	0.0	
14893807	14894070	263	0.943	0.0152	0.0076	
15117708	15118348	640	0.4984	0.0344	0.4391	
15251126	15251681	555	0.4919	0.2937	0.1153	
15276151	15277322	1171	0.3988	0.1033	0.4637	
15495971	15496769	798	0.6855	0.0576	0.1516	
16071841	16072865	1024	0.4717	0.0361	0.4531	
16325615	16325810	195	0.9333	0.0	0.0	
16379950	16380115	165	0.7455	0.0485	0.0424	
16601826	16602107	281	0.9395	0.0	0.0	
16628316	16628470	154	0.8961	0.0	0.0195	
16763906	16764219	313	0.9425	0.0032	0.0096	
16765688	16767526	1838	0.6349	0.0424	0.278	
16781619	16781861	242	0.9669	0.0	0.0041	
16787684	16788115	431	0.5731	0.0882	0.2483	
16788969	16789491	522	0.4713	0.2299	0.2126	
17275502	17276060	558	0.7563	0.1398	0.0753	
17676390	17676886	496	0.5444	0.3266	0.0706	
17940283	17940755	472	0.3644	0.5572	0.0339	
17953847	17955677	1830	0.4585	0.094	0.3858	
17994470	17994715	245	0.9347	0.0	0.0286	
18256038	18256623	585	0.788	0.0803	0.053	
18553795	18553981	186	0.7688	0.1613	0.0215	
18833013	18833338	325	0.7723	0.0215	0.0646	
19280800	19282032	1232	0.6453	0.0252	0.2719	
19297490	19298658	1168	0.1943	0.0976	0.7046	
19559885	19560302	417	0.0	1.0	0.0	
19985293	19985990	697	0.3874	0.089	0.4706	
20174529	20175050	521	0.7965	0.0077	0.0345	
20529224	20529476	252	0.5	0.3294	0.0794	
21059164	21059415	251	0.0	1.0	0.0	
21381057	21382065	1008	0.6498	0.0804	0.1776	
21391139	21392429	1290	0.2333	0.0775	0.6612	
21708504	21709553	1049	0.8084	0.0477	0.0515	
21712109	21712302	193	0.5648	0.3161	0.0259	
21784332	21784495	163	0.908	0.0	0.0123	
21812829	21813198	369	0.8509	0.0488	0.0298	
22024716	22025215	499	0.0701	0.6653	0.2485	
22082340	22082929	589	0.0	1.0	0.0	
22221000	22221135	135	0.9259	0.0148	0.0	
22255371	22256838	1467	0.4813	0.1629	0.2434	
22808778	22810386	1608	0.4409	0.069	0.4335	
23107107	23107475	368	0.356	0.1549	0.413	
23140011	23140405	394	0.0	1.0	0.0	
23235712	23236226	514	0.4883	0.4455	0.0097	
23474689	23475061	372	0.8011	0.0161	0.0538	
23550063	23550907	844	0.2464	0.0415	0.6919	
23554642	23555374	732	0.8552	0.0656	0.0178	
23771226	23771379	153	0.9869	0.0	0.0	
23883137	23883330	193	0.8394	0.0207	0.0052	
24752684	24752903	219	0.8721	0.0046	0.0365	
24793870	24794996	1126	0.2682	0.1998	0.5098	
24817054	24817251	197	0.9137	0.0254	0.0051	
25102651	25104806	2155	0.2817	0.097	0.5893	
25285298	25285905	607	0.2982	0.0988	0.5618	
25311684	25313939	2255	0.1486	0.141	0.6918	
25470509	25470784	275	0.8727	0.08	0.0218	
25583670	25584086	416	0.9543	0.0	0.0096	
26067851	26068622	771	0.2646	0.1401	0.5694	
26659524	26660071	547	0.5064	0.0567	0.3583	
26834079	26834442	363	0.9008	0.0028	0.0028	
27170949	27171345	396	0.0	1.0	0.0	
30839708	30842264	2556	0.1025	0.1577	0.7238	
30969098	30969506	408	0.5809	0.1691	0.1863	
30997287	31001396	4109	0.0312	0.0163	0.9472	
33742022	33747513	5491	0.0162	0.1253	0.8563	
34090007	34090639	632	0.0	1.0	0.0	
34791038	34793809	2771	0.175	0.1923	0.6009	
34946392	34947004	612	0.5752	0.3186	0.0507	
35219382	35220313	931	0.4629	0.3255	0.1622	
35311468	35312844	1376	0.8488	0.0262	0.0567	
36756044	36758988	2944	0.2228	0.1773	0.57	
36762671	36763952	1281	0.21	0.2553	0.4762	
36949332	36953099	3767	0.1386	0.1333	0.6976	
37030856	37031165	309	0.5437	0.2783	0.0388	
37108386	37109529	1143	0.1741	0.1391	0.6527	
37163714	37163878	164	0.9329	0.0	0.0061	
37176311	37176474	163	0.9202	0.0368	0.0061	
37225623	37225955	332	0.3373	0.5994	0.012	
39213196	39213316	120	0.0	1.0	0.0	
39431452	39437975	6523	0.0475	0.0796	0.8669	
40169120	40170553	1433	0.3196	0.1703	0.462	
40314343	40314564	221	0.267	0.5792	0.0498	
40732899	40735534	2635	0.0634	0.0482	0.8748	
41537118	41541576	4458	0.1254	0.074	0.7764	
42102514	42102973	459	0.0	1.0	0.0	
43009594	43009986	392	0.2857	0.1301	0.5408	
43337895	43338175	280	0.7643	0.0893	0.0107	
43529817	43530378	561	0.2941	0.4563	0.2014	
43590316	43590589	273	0.0	1.0	0.0	
43595456	43595612	156	0.0	1.0	0.0	
43600143	43600530	387	0.0	1.0	0.0	
43620285	43620570	285	0.0	1.0	0.0	
43833997	43834238	241	0.8921	0.0539	0.0	
44100139	44100781	642	0.0	1.0	0.0	
44102555	44106940	4385	0.109	0.1111	0.7672	
44573661	44574359	698	0.0	1.0	0.0	
44598959	44600684	1725	0.2388	0.0962	0.6272	
44698993	44699417	424	0.7689	0.0071	0.1014	
44926204	44927742	1538	0.2042	0.1099	0.6229	
45337833	45339923	2090	0.167	0.0938	0.6919	
45789685	45790360	675	0.163	0.2637	0.5659	
46700490	46700750	260	0.0	1.0	0.0	
46709433	46710974	1541	0.3108	0.0928	0.5321	
47070949	47072752	1803	0.3871	0.3111	0.2091	
47872794	47873119	325	0.2031	0.7846	0.0	
48169153	48169872	719	0.3143	0.1488	0.4409	
49577936	49578143	207	0.8454	0.0097	0.0338	
49690299	49690553	254	0.3898	0.3976	0.1732	
51490811	51490958	147	0.9252	0.0	0.0272	
51556213	51556608	395	0.7924	0.0456	0.0405	
53452686	53453451	765	0.6562	0.0627	0.149	
53474318	53475508	1190	0.579	0.1227	0.2227	
53547050	53547726	676	0.2811	0.0399	0.642	
54957241	54959981	2740	0.0719	0.2036	0.708	
55287660	55289315	1655	0.1565	0.0858	0.7372	
55320078	55320638	560	0.4089	0.0196	0.5411	
55534175	55535219	1044	0.568	0.0182	0.3582	
57026964	57027728	764	0.4961	0.2147	0.233	
57254503	57256296	1793	0.5661	0.222	0.106	
57580699	57581291	592	0.4358	0.3986	0.125	
57581729	57582804	1075	0.2828	0.0028	0.6847	
57764815	57765017	202	0.9653	0.0	0.0	
58450101	58451556	1455	0.0488	0.3505	0.5622	
58939344	58939609	265	0.7962	0.0	0.1019	
59302202	59302831	629	0.3768	0.0143	0.5771	
59481445	59482919	1474	0.3948	0.2293	0.325	
59638194	59639176	982	0.5937	0.0326	0.2739	
59640817	59640974	157	0.949	0.0	0.0	
59670618	59671700	1082	0.0	1.0	0.0	
59676818	59677661	843	0.0	1.0	0.0	
60508752	60509009	257	0.0778	0.4008	0.4786	
60556998	60557247	249	0.7349	0.1165	0.0161	
62523182	62523860	678	0.3024	0.0442	0.6003	
63805622	63810602	4980	0.0341	0.0384	0.9207	
64293617	64296474	2857	0.3665	0.0763	0.4974	
64297263	64298075	812	0.3732	0.1219	0.4409	
64300711	64301128	417	0.6571	0.1703	0.0288	
64970248	64973520	3272	0.3866	0.2378	0.305	
65056869	65059982	3113	0.2962	0.1446	0.5011	
65477792	65479591	1799	0.3168	0.0951	0.5459	
65607493	65607656	163	0.0	1.0	0.0	
65874254	65877673	3419	0.3343	0.1927	0.418	
66052302	66052548	246	0.0	1.0	0.0	
67598969	67600204	1235	0.2607	0.1644	0.5279	
68401310	68401862	552	0.183	0.1993	0.587	
68513852	68514177	325	0.8954	0.0	0.0308	
68515925	68516073	148	0.9122	0.0541	0.0135	
68563687	68564741	1054	0.7543	0.1385	0.0588	
68584012	68584739	727	0.0	1.0	0.0	
68604833	68605450	617	0.4684	0.1572	0.3193	
68607155	68608656	1501	0.8341	0.016	0.068	
68812742	68813177	435	0.2529	0.4943	0.2184	
68898915	68899548	633	0.2796	0.0695	0.594	
70090233	70090519	286	0.7692	0.0105	0.0944	
70578599	70584359	5760	0.1069	0.0594	0.8139	
70832775	70833076	301	0.8638	0.0266	0.0066	
70868161	70869660	1499	0.449	0.1134	0.3863	
70921273	70922078	805	0.3354	0.036	0.5876	
71216969	71217431	462	0.368	0.3766	0.2121	
71371329	71371492	163	0.7607	0.0123	0.1043	
71603930	71604355	425	0.3388	0.6024	0.0071	
71625538	71625735	197	0.8782	0.0203	0.0	
73210875	73211392	517	0.0	1.0	0.0	
73298251	73298806	555	0.1117	0.8432	0.0324	
73299877	73300191	314	0.0	1.0	0.0	
73300552	73301307	755	0.0874	0.449	0.449	
74768760	74769018	258	0.9031	0.0	0.0194	
75066623	75067991	1368	0.7639	0.0475	0.0965	
75100991	75101275	284	0.9014	0.007	0.0458	
75215084	75215461	377	0.3501	0.2255	0.3528	
75385815	75386018	203	0.9212	0.0049	0.0148	
75553485	75553823	338	0.6834	0.0533	0.1361	
76002420	76002992	572	0.6329	0.0175	0.229	
76382821	76383128	307	0.0	1.0	0.0	
76388768	76389106	338	0.7633	0.0118	0.0888	
76400185	76401037	852	0.0	1.0	0.0	
77028880	77030491	1611	0.1918	0.1055	0.6872	
77190581	77190959	378	0.8836	0.0079	0.0079	
77254231	77257290	3059	0.273	0.2409	0.4456	
77260436	77260690	254	0.7913	0.0551	0.0669	
78168460	78169490	1030	0.334	0.1291	0.4893	
78261001	78261928	927	0.5642	0.0345	0.3301	
78358353	78359911	1558	0.4641	0.07	0.4012	
78373196	78373509	313	0.7284	0.0383	0.2077	
78374106	78374398	292	0.8562	0.0582	0.0103	
78383409	78383859	450	0.9111	0.0311	0.0222	
78658426	78658591	165	0.0	1.0	0.0	
79438405	79438795	390	0.9051	0.0077	0.0103	
79601834	79602090	256	0.668	0.0508	0.1719	
79628270	79629123	853	0.4689	0.0586	0.4174	
80203069	80203928	859	0.2596	0.1048	0.5995	
80369787	80370559	772	0.6308	0.1231	0.0881	
80387107	80388182	1075	0.3312	0.014	0.5926	
80618076	80619548	1472	0.5476	0.0632	0.3207	
81835929	81836817	888	0.1182	0.5113	0.2883	
83395958	83396165	207	0.0	1.0	0.0	
84201206	84201394	188	0.6277	0.0319	0.133	
84838752	84839438	686	0.1895	0.0875	0.7085	
86181526	86182989	1463	0.4334	0.257	0.2269	
86621481	86624750	3269	0.1627	0.019	0.7901	
86710856	86711256	400	0.5975	0.1575	0.19	
86719004	86719163	159	0.7547	0.1006	0.0063	
87192985	87193517	532	0.4455	0.3816	0.1165	
87222918	87224832	1914	0.4039	0.1432	0.3762	
87678818	87679195	377	0.0	1.0	0.0	
88152868	88153696	828	0.4251	0.0652	0.4662	
88527782	88528426	644	0.354	0.0528	0.5311	
88529076	88531319	2243	0.1248	0.132	0.7307	
88532129	88532276	147	0.0	1.0	0.0	
88536245	88537081	836	0.2895	0.1184	0.5431	
88779622	88779812	190	0.8	0.0	0.0895	
88866427	88869812	3385	0.2062	0.1019	0.6771	
89113759	89115316	1557	0.3687	0.1477	0.4188	
89173084	89173271	187	0.8556	0.0214	0.0321	
89615481	89615903	422	0.5308	0.1588	0.2654	
90057924	90058345	421	0.3729	0.1615	0.3563	
90063258	90063622	364	0.4753	0.4286	0.0165	
90384724	90385087	363	0.6584	0.0523	0.1019	
90416858	90417513	655	0.7893	0.0168	0.0779	
90431274	90431685	411	0.7543	0.0073	0.0925	
90590551	90592040	1489	0.55	0.0087	0.3606	
90625543	90625765	222	0.9279	0.0045	0.0	
92075593	92075835	242	0.8554	0.0041	0.0248	
92167008	92167579	571	0.7618	0.021	0.1541	
92490794	92491004	210	0.8	0.0333	0.0571	
93169176	93169766	590	0.8068	0.0203	0.0373	
93423995	93424356	361	0.5845	0.133	0.1828	
93581992	93582720	728	0.2102	0.5316	0.2431	
93769437	93770257	820	0.3854	0.0183	0.55	
93849907	93850550	643	0.5816	0.1104	0.2177	
94344334	94349747	5413	0.1461	0.1517	0.6747	
94350100	94350634	534	0.309	0.2172	0.4101	
94399906	94400180	274	0.8467	0.0109	0.0182	
94680302	94683087	2785	0.079	0.1655	0.7422	
95160671	95161539	868	0.5161	0.0357	0.3756	
95320605	95321914	1309	0.1299	0.7166	0.1184	
95797715	95799928	2213	0.6141	0.0398	0.258	
95826579	95827181	602	0.2791	0.0266	0.6678	
95834487	95835322	835	0.4144	0.2144	0.3425	
95870367	95870624	257	0.8093	0.0156	0.0584	
95998751	95999488	737	0.6811	0.1045	0.0814	
96101272	96102197	925	0.2422	0.0454	0.6746	
96232508	96232659	151	0.9007	0.0464	0.0132	
96322931	96323087	156	0.8654	0.0	0.0256	
97634986	97635211	225	0.9022	0.0089	0.0267	
97734367	97735258	891	0.3591	0.3311	0.2503	
98607425	98607575	150	0.7133	0.0467	0.0467	
99681699	99681874	175	0.9029	0.0171	0.0	
99699033	99700413	1380	0.513	0.1029	0.3341	
99733391	99734295	904	0.4502	0.1527	0.3142	
99776389	99776724	335	0.8806	0.006	0.0119	
99863759	99864044	285	0.414	0.3368	0.193	
99865571	99868102	2531	0.3343	0.1604	0.4429	
100514313	100515522	1209	0.1249	0.0066	0.8553	
100520551	100520805	254	0.8583	0.0236	0.0394	
101226780	101226944	164	0.8902	0.0	0.0488	
102549955	102550394	439	0.0	1.0	0.0	
104726018	104729561	3543	0.1922	0.1654	0.6178	
104780516	104780727	211	0.9763	0.0	0.0	
104839865	104840999	1134	0.3959	0.1182	0.4295	
104967580	104969344	1764	0.3537	0.0856	0.4915	
105054213	105054403	190	0.6368	0.2368	0.0526	
105192785	105192993	208	0.8221	0.0529	0.0433	
105216979	105217267	288	0.0	1.0	0.0	
105513913	105514383	470	0.6766	0.0681	0.1936	
105626715	105626870	155	0.2645	0.5871	0.0387	
105634794	105635210	416	0.6322	0.1851	0.0601	
107170872	107171513	641	0.7239	0.0468	0.0952	
107437665	107438887	1222	0.4452	0.2234	0.266	
107482629	107485959	3330	0.3309	0.2141	0.3919	
107488300	107488811	511	0.7573	0.045	0.0313	
107506856	107508718	1862	0.3851	0.0553	0.5183	
107514945	107515331	386	0.7124	0.1425	0.0725	
107547650	107548653	1003	0.2742	0.013	0.6849	
107575237	107575628	391	0.5908	0.1253	0.1611	
108512029	108512224	195	0.0	1.0	0.0	
109162920	109165309	2389	0.1026	0.1105	0.7622	
109640743	109642812	2069	0.1305	0.2015	0.6346	
109729934	109730294	360	0.8833	0.0167	0.0167	
109734042	109737370	3328	0.2933	0.0841	0.5727	
109740026	109740226	200	0.965	0.005	0.0	
110318623	110319022	399	0.6842	0.2155	0.0201	
110694187	110694411	224	0.0	1.0	0.0	
111836514	111838323	1809	0.2875	0.1321	0.5484	
112110093	112110548	455	0.7978	0.0264	0.0703	
112285718	112285870	152	0.8224	0.0132	0.0592	
112435119	112435544	425	0.5694	0.2494	0.0588	
112829035	112829216	181	0.884	0.0	0.011	
113329591	113330348	757	0.4901	0.0291	0.4412	
113581027	113582996	1969	0.421	0.2453	0.2712	
113675300	113675925	625	0.1888	0.1584	0.624	
113777522	113780448	2926	0.1073	0.0017	0.88	
114458757	114459105	348	0.7816	0.0201	0.0287	
114460484	114460718	234	0.812	0.0299	0.0214	
114616783	114619162	2379	0.3031	0.042	0.6175	
114658350	114658489	139	0.8849	0.0863	0.0	
114688596	114689740	1144	0.2867	0.0734	0.6058	
114694872	114695911	1039	0.5534	0.129	0.2243	
115195874	115196283	409	0.8778	0.0024	0.0391	
115437607	115439304	1697	0.4001	0.1933	0.3388	
115939475	115939960	485	0.8144	0.0165	0.0309	
116078743	116079442	699	0.6452	0.1516	0.1574	
116080942	116081506	564	0.5089	0.1844	0.1879	
116301043	116301432	389	0.8612	0.0231	0.0257	
116452857	116453608	751	0.3236	0.4594	0.1664	
116469014	116469444	430	0.4302	0.0558	0.4907	
116502937	116503582	645	0.7426	0.1023	0.0186	
116828190	116829245	1055	0.528	0.1564	0.254	
117008374	117008669	295	0.8102	0.0644	0.0102	
117099572	117099788	216	0.8472	0.0046	0.0231	
117104334	117104545	211	0.7346	0.019	0.1137	
117115248	117116128	880	0.3523	0.3773	0.2227	
117377065	117377918	853	0.3892	0.1794	0.3927	
117532918	117533279	361	0.8393	0.0222	0.0443	
119091482	119092738	1256	0.2062	0.0247	0.7444	
119110262	119110727	465	0.6237	0.0688	0.1892	
119433543	119434800	1257	0.2379	0.2243	0.5115	
120108512	120108686	174	0.8621	0.0402	0.023	
120201977	120202292	315	0.6317	0.0794	0.1587	
120458782	120458932	150	0.7733	0.0067	0.0867	
120522385	120522574	189	0.7302	0.1587	0.0529	
120625371	120626491	1120	0.2714	0.2313	0.4482	
121037667	121038106	439	0.2574	0.4169	0.3075	
121086586	121087205	619	0.4216	0.2423	0.2698	
121185106	121185266	160	0.775	0.0063	0.0875	
121206760	121207045	285	0.7158	0.2	0.0351	
121207934	121209509	1575	0.6457	0.1092	0.1606	
121465531	121465785	254	0.9134	0.0157	0.0039	
121650852	121651072	220	0.8864	0.05	0.0227	
121700223	121700606	383	0.7911	0.0836	0.0078	
121705572	121705863	291	0.7869	0.0997	0.0309	
122949878	122956394	6516	0.0952	0.0405	0.8498	
123531280	123531515	235	0.7277	0.1702	0.0213	
124664065	124664584	519	0.2524	0.1002	0.5896	
124847407	124848058	651	0.4962	0.2028	0.2058	
124851542	124852261	719	0.5299	0.0821	0.2698	
124862627	124864782	2155	0.0636	0.0812	0.8422	
124869530	124871239	1709	0.0708	0.1258	0.7841	
124923630	124924671	1041	0.0	1.0	0.0	
125555847	125556085	238	0.7017	0.0336	0.1429	
125580774	125581099	325	0.6923	0.2	0.0	
126129572	126130100	528	0.0	1.0	0.0	
126597609	126597802	193	0.0	1.0	0.0	
127030735	127034332	3597	0.1624	0.0762	0.7289	
128714996	128715229	233	0.8112	0.0258	0.0987	
128935927	128937601	1674	0.193	0.0627	0.7168	
128955734	128957037	1303	0.2026	0.1282	0.6608	
128957580	128957765	185	0.9514	0.0054	0.0	
128960308	128962686	2378	0.217	0.0576	0.7069	
128969860	128972813	2953	0.3305	0.1351	0.4802	
129572399	129577179	4780	0.1559	0.0416	0.7808	
129731060	129731241	181	0.9006	0.0442	0.0	
129757713	129758555	842	0.4667	0.0261	0.4667	
130019536	130021733	2197	0.2558	0.2594	0.4333	
130134634	130136843	2209	0.2852	0.0715	0.6157	
130143678	130144159	481	0.5884	0.1227	0.1684	
130169948	130170594	646	0.0	1.0	0.0	
130679567	130679857	290	0.9345	0.0	0.0414	
130702854	130703183	329	0.9787	0.0	0.0	
131104110	131105119	1009	0.56	0.1685	0.1606	
131786200	131786843	643	0.4261	0.1089	0.4386	
131796532	131797248	716	0.8408	0.0517	0.0237	
132090430	132091840	1410	0.3553	0.1035	0.4645	
132116277	132117414	1137	0.2542	0.0431	0.65	
132437944	132438955	1011	0.5153	0.0979	0.2839	
132465659	132465800	141	0.9716	0.0	0.0	
132572191	132572686	495	0.7717	0.0242	0.0505	
132586362	132588189	1827	0.2956	0.1002	0.5567	
132731980	132734641	2661	0.3754	0.103	0.4551	
132900711	132901599	888	0.2725	0.0462	0.6284	
132902405	132903923	1518	0.4137	0.2167	0.3155	
132938958	132940433	1475	0.1464	0.0054	0.8386	
133414957	133415243	286	0.7692	0.0175	0.1329	
133496078	133496319	241	0.5892	0.3651	0.0041	
133508447	133511052	2605	0.2871	0.0365	0.6184	
133576323	133578333	2010	0.3139	0.1244	0.5164	
133662230	133662812	582	0.4897	0.4192	0.0052	
133663129	133664477	1348	0.2062	0.1016	0.6677	
134045963	134047005	1042	0.1363	0.1727	0.6708	
134164079	134165084	1005	0.4169	0.2119	0.2746	
134212563	134213040	477	0.5639	0.1216	0.2767	
134262457	134262753	296	0.9223	0.0236	0.0034	
134361903	134364433	2530	0.1154	0.0312	0.83	
134891488	134893836	2348	0.3343	0.0728	0.5434	
135170082	135170553	471	0.7219	0.1507	0.0382	
135429382	135429819	437	0.6224	0.1098	0.1602	
135521017	135521215	198	0.8535	0.0202	0.0	
135723719	135724512	793	0.6696	0.0202	0.1538	
135998488	136001713	3225	0.0267	0.1411	0.8233	
136440755	136442047	1292	0.4907	0.0751	0.3452	
136556226	136556387	161	0.913	0.0	0.0	
136558465	136559763	1298	0.5855	0.0686	0.2565	
136606924	136608152	1228	0.579	0.1474	0.1213	
136611486	136612208	722	0.4792	0.2078	0.1939	
136662673	136663676	1003	0.2911	0.5244	0.1316	
137073496	137073699	203	0.867	0.0099	0.0197	
138095570	138095844	274	0.5073	0.1314	0.2774	
138111469	138112545	1076	0.4749	0.1738	0.2742	
138489832	138491485	1653	0.5136	0.0883	0.291	
138518433	138519109	676	0.1923	0.1509	0.642	
138570443	138571101	658	0.6565	0.2492	0.0274	
138591239	138592925	1686	0.5071	0.1358	0.2841	
138871214	138871495	281	0.605	0.2349	0.0819	
138894540	138894750	210	0.8714	0.0	0.0048	
138929666	138930364	698	0.0	1.0	0.0	
139017330	139018365	1035	0.5923	0.1488	0.1575	
139051565	139051837	272	0.7794	0.0588	0.0478	
139079332	139079792	460	0.487	0.0239	0.4435	
139194044	139194823	779	0.5777	0.1117	0.2208	
139290182	139290450	268	0.9254	0.0037	0.0373	
139346049	139347470	1421	0.3568	0.145	0.4708	
139465899	139466480	581	0.3253	0.6506	0.0034	
139495616	139495951	335	0.7821	0.1463	0.003	
139572459	139572789	330	0.8091	0.0545	0.003	
139584421	139585997	1576	0.165	0.1383	0.6796	
139747651	139749265	1614	0.4151	0.1276	0.3978	
139796638	139800472	3834	0.3641	0.0438	0.5436	
140341722	140342765	1043	0.1774	0.0709	0.7258	
140530597	140531429	832	0.2957	0.1418	0.5337	
140536208	140536883	675	0.3304	0.0074	0.6237	
140561600	140563176	1576	0.3299	0.1694	0.448	
140657129	140658569	1440	0.5021	0.1306	0.2972	
141021119	141021705	586	0.0324	0.8481	0.116	
141066961	141067573	612	0.3023	0.1324	0.5392	
141091282	141093108	1826	0.1084	0.0613	0.8165	
141097788	141098104	316	0.7532	0.0696	0.0538	
141106141	141106358	217	0.8571	0.0737	0.023	
141218524	141219029	505	0.7168	0.1327	0.0158	
141219917	141221032	1115	0.6673	0.1139	0.1552	
141230301	141230770	469	0.3966	0.3966	0.1578	
141486164	141487199	1035	0.3536	0.2464	0.3594	
141491894	141493268	1374	0.532	0.0895	0.2678	
141552789	141553039	250	0.86	0.044	0.028	
141873441	141875454	2013	0.4272	0.1863	0.305	
141973351	141973620	269	0.855	0.0149	0.026	
141973840	141974643	803	0.4782	0.0299	0.3998	
142185702	142186231	529	0.8374	0.0265	0.0132	
142274518	142274859	341	0.7801	0.0616	0.0557	
142398091	142398672	581	0.6988	0.1377	0.043	
142413261	142413415	154	0.961	0.0	0.0	
142413598	142414009	411	0.4672	0.0024	0.4793	
142458402	142458629	227	0.0	1.0	0.0	
142663532	142663738	206	0.6748	0.2282	0.0097	
142986424	142986680	256	0.8828	0.0	0.0586	
143044645	143045232	587	0.7819	0.0409	0.0307	
143593726	143594012	286	0.7168	0.0804	0.0385	
143697817	143698059	242	0.8636	0.0124	0.0207	
143984583	143985174	591	0.6007	0.1624	0.1641	
144083298	144085098	1800	0.4056	0.14	0.395	
144767688	144769582	1894	0.378	0.1352	0.4329	
145015973	145016208	235	0.8894	0.0255	0.0213	
145279378	145279935	557	0.0	1.0	0.0	
145829820	145830020	200	0.895	0.02	0.0	
145872886	145873337	451	0.0	1.0	0.0	
145908423	145909550	1127	0.354	0.0923	0.504	
146191688	146192148	460	0.8391	0.0304	0.0326	
146196981	146197717	736	0.1875	0.769	0.0231	
146229138	146229393	255	0.1059	0.8627	0.0	
146460218	146460960	742	0.4933	0.0216	0.434	
146560858	146561142	284	0.6937	0.2324	0.0	
146841286	146842622	1336	0.8308	0.0374	0.0621	
147102188	147103864	1676	0.2124	0.0758	0.6909	
147702529	147703040	511	0.0939	0.4423	0.4462	
148964816	148965018	202	0.9307	0.0	0.0	
149175917	149177263	1346	0.2526	0.0921	0.604	
149207933	149208221	288	0.5938	0.3958	0.0	
149353431	149353834	403	0.8387	0.0273	0.0571	
149355729	149356023	294	0.7347	0.1633	0.0272	
149373121	149375677	2556	0.4284	0.1193	0.3912	
149376454	149376854	400	0.775	0.07	0.045	
149555812	149556511	699	0.4049	0.2532	0.2132	
150355684	150356796	1112	0.2824	0.0324	0.6421	
151033535	151033864	329	0.7964	0.0942	0.0213	
151720735	151723706	2971	0.1575	0.1229	0.688	
151856119	151857736	1617	0.4768	0.1911	0.2381	
152605314	152606606	1292	0.4265	0.1486	0.3661	
152717262	152720253	2991	0.2414	0.0799	0.6349	
152860571	152860771	200	0.765	0.025	0.03	
152862002	152862304	302	0.755	0.0464	0.096	
154912627	154913231	604	0.0	1.0	0.0	
154920503	154921145	642	0.3224	0.2025	0.4206	
154922541	154925822	3281	0.2746	0.1091	0.5629	
154928539	154930449	1910	0.1911	0.1173	0.6681	
154951278	154953562	2284	0.3678	0.074	0.5153	
156070667	156071740	1073	0.2218	0.0624	0.6859	
156180078	156181228	1150	0.1226	0.1417	0.7191	
157318663	157319678	1015	0.2148	0.0325	0.7438	
157445949	157447329	1380	0.6116	0.0333	0.2667	
157449664	157450035	371	0.7574	0.0863	0.0566	
157641912	157642113	201	0.791	0.1095	0.005	
157714944	157716715	1771	0.2643	0.0813	0.5951	
157744337	157744603	266	0.5038	0.0301	0.4173	
157744803	157745799	996	0.489	0.0964	0.2892	
157752439	157752662	223	0.435	0.278	0.1794	
157753845	157754036	191	0.6335	0.2199	0.0052	
157779807	157781082	1275	0.4659	0.0486	0.4314	
157796744	157797341	597	0.7504	0.0888	0.0402	
157934039	157935015	976	0.3566	0.2213	0.3832	
157940871	157941571	700	0.6129	0.1571	0.12	
158001259	158001457	198	0.8384	0.0657	0.0202	
158105054	158105777	723	0.3721	0.0996	0.4827	
158451089	158451273	184	0.9076	0.0	0.0435	
158589569	158589710	141	0.8652	0.0213	0.0142	
159260041	159260503	462	0.6082	0.0303	0.2662	
159328673	159329352	679	0.3785	0.0928	0.5052	
159392600	159393173	573	0.5428	0.2129	0.2164	
159859194	159859453	259	0.8456	0.0386	0.0425	
159979686	159982861	3175	0.0602	0.0047	0.9301	
159986021	159988660	2639	0.5858	0.0947	0.2387	
160350596	160351424	828	0.7222	0.0374	0.0894	
160369778	160370245	467	0.5782	0.1071	0.2206	
160623563	160625311	1748	0.246	0.0555	0.647	
160982297	160982753	456	0.0	1.0	0.0	
161228348	161228480	132	0.9621	0.0	0.0	
161336246	161336951	705	0.5362	0.1702	0.2397	
161350083	161350418	335	0.7194	0.0627	0.0806	
161350722	161350923	201	0.7313	0.01	0.1294	
161385689	161386174	485	0.5732	0.2722	0.0557	
162614871	162617302	2431	0.2217	0.0683	0.6754	
162699277	162702600	3323	0.3828	0.1041	0.4493	
163531859	163532681	822	0.3406	0.1873	0.4075	
163570697	163572872	2175	0.1205	0.2395	0.6221	
163762988	163764126	1138	0.094	0.3058	0.5975	
165942036	165943773	1737	0.4329	0.1963	0.3172	
165952372	165953747	1375	0.6378	0.0902	0.1273	
166061423	166062134	711	0.384	0.0661	0.5288	
166062667	166062920	253	0.8458	0.0474	0.004	
166093160	166093393	233	0.7511	0.03	0.0858	
166633212	166633800	588	0.3231	0.0102	0.6293	
168010595	168010902	307	0.5603	0.0098	0.3844	
168242441	168242622	181	0.7569	0.1215	0.0166	
168343828	168343995	167	0.9162	0.018	0.0	
168366440	168366635	195	0.959	0.0	0.0	
168386845	168387337	492	0.3232	0.2154	0.3679	
168423751	168424305	554	0.7671	0.0199	0.083	
168424671	168425317	646	0.7337	0.1146	0.0464	
168983595	168983768	173	0.9538	0.0058	0.0	
169427424	169427576	152	0.9211	0.0	0.0	
169443488	169443733	245	0.8694	0.0204	0.0245	
169501239	169501735	496	0.1472	0.6593	0.123	
170566541	170567733	1192	0.3037	0.3104	0.375	
170884028	170889290	5262	0.0768	0.0376	0.8685	
170939828	170940371	543	0.6225	0.1584	0.1215	
171147466	171148078	612	0.598	0.1552	0.1209	
172071313	172071509	196	0.8112	0.0153	0.0408	
172109346	172111844	2498	0.2398	0.1485	0.5629	
172533127	172533518	391	0.4731	0.3708	0.0588	
173755816	173757507	1691	0.3288	0.2383	0.385	
173766256	173767750	1494	0.2048	0.2744	0.4967	
173880592	173881792	1200	0.2683	0.1625	0.5183	
173992736	173994803	2067	0.1359	0.2346	0.6038	
174005702	174006529	827	0.1245	0.1487	0.7025	
174073797	174074576	779	0.5006	0.1155	0.3017	
174108507	174111414	2907	0.4723	0.1851	0.2473	
174134100	174134425	325	0.8431	0.0062	0.0554	
174142144	174142721	577	0.3865	0.0312	0.5182	
174231217	174232183	966	0.2754	0.265	0.4089	
174289996	174290292	296	0.4764	0.348	0.0473	
174297832	174298387	555	0.6432	0.0523	0.1009	
174465621	174465770	149	0.0	1.0	0.0	
174630821	174633536	2715	0.2147	0.0416	0.7153	
174649894	174650183	289	0.737	0.083	0.045	
174823718	174824260	542	0.4336	0.0295	0.4889	
174877507	174879797	2290	0.317	0.1581	0.4502	
174880623	174880807	184	0.5435	0.3533	0.0054	
174890361	174892304	1943	0.3093	0.0355	0.6161	
174948816	174950279	1463	0.3103	0.1203	0.5304	
175185895	175186843	948	0.4852	0.0359	0.3882	
175216769	175219027	2258	0.1488	0.0337	0.8056	
175227996	175228834	838	0.4773	0.0955	0.3305	
175495393	175496854	1461	0.4011	0.13	0.4319	
175735331	175736079	748	0.7928	0.0307	0.0816	
176256468	176256989	521	0.3743	0.3512	0.1919	
176412285	176413892	1607	0.3908	0.0853	0.4617	
176529560	176530949	1389	0.3571	0.2102	0.3686	
177302470	177302614	144	0.875	0.0278	0.0	
177767193	177767600	407	0.7887	0.145	0.0025	
179601979	179602431	452	0.4801	0.0863	0.3872	
180085495	180085663	168	0.7619	0.1071	0.0655	
180892247	180892531	284	0.7641	0.0282	0.1268	
180968318	180968916	598	0.5602	0.1505	0.1355	
180981963	180982177	214	0.5514	0.2897	0.0981	
181018441	181018585	144	0.8194	0.0278	0.1042	
181076260	181077792	1532	0.3714	0.2598	0.3133	
181100175	181100449	274	0.7591	0.0766	0.0255	
181131849	181132041	192	0.9219	0.0	0.0	
181233815	181235843	2028	0.0769	0.0828	0.8353	
181284494	181284650	156	0.8462	0.0833	0.0	
181312629	181313055	426	0.73	0.0634	0.0469	
181317978	181319528	1550	0.4794	0.1548	0.2929	
181892811	181892981	170	0.9235	0.0118	0.0118	
183037975	183038327	352	0.0	1.0	0.0	
183310375	183311139	764	0.2696	0.144	0.5118	
183357415	183358042	627	0.386	0.5247	0.0191	
183371433	183372802	1369	0.615	0.1256	0.141	
183373530	183373742	212	0.3821	0.4009	0.0755	
184020573	184020757	184	0.913	0.0109	0.0054	
184219729	184221284	1555	0.2598	0.1704	0.5543	
184407238	184409501	2263	0.0	1.0	0.0	
184693114	184693674	560	0.1554	0.8196	0.0	
184714332	184714543	211	0.9573	0.0047	0.0	
184725212	184726262	1050	0.5352	0.2171	0.1467	
184767598	184767926	328	0.0061	0.8415	0.1524	
185151204	185152079	875	0.3429	0.208	0.3509	
185172487	185173191	704	0.4787	0.1136	0.2898	
185187874	185188920	1046	0.2782	0.0688	0.6119	
185712224	185714260	2036	0.3129	0.1744	0.4357	
185825241	185825639	398	0.309	0.0352	0.6055	
186526127	186526865	738	0.5285	0.0908	0.3076	
186545044	186545216	172	0.4826	0.2849	0.0	
186700285	186701251	966	0.3623	0.1925	0.3965	
187302329	187302527	198	0.7727	0.0707	0.0707	
187305300	187305488	188	0.8777	0.0053	0.0	
187419385	187419701	316	0.9177	0.0	0.0	
187699116	187704564	5448	0.0668	0.0918	0.8234	
188848048	188848321	273	0.7436	0.044	0.0733	
189215704	189218492	2788	0.3899	0.1331	0.4053	
189268704	189268934	230	0.5609	0.387	0.0043	
189276261	189277381	1120	0.5482	0.0393	0.3384	
189567409	189568537	1128	0.4131	0.1879	0.359	
189597556	189599081	1525	0.3161	0.1115	0.522	
189841449	189842244	795	0.2038	0.1459	0.6377	
190183876	190186162	2286	0.1124	0.0792	0.7975	
190379817	190380125	308	0.737	0.1299	0.0325	
190385721	190385926	205	0.8829	0.0	0.0634	
190414243	190415163	920	0.4533	0.125	0.3489	
191327740	191328212	472	0.428	0.2987	0.2479	
192083691	192083995	304	0.0	1.0	0.0	
192085797	192086799	1002	0.489	0.2645	0.1607	
192276937	192278354	1417	0.2442	0.0812	0.6613	
192483468	192484694	1226	0.5555	0.0546	0.3075	
192493630	192495562	1932	0.4508	0.0481	0.4332	
192873618	192873822	204	0.7794	0.1765	0.0	
192874880	192875045	165	0.8667	0.0667	0.0061	
193590388	193591456	1068	0.8127	0.0318	0.1292	
193595663	193595896	233	0.9442	0.0043	0.0	
193613622	193614306	684	0.443	0.193	0.307	
193865520	193866334	814	0.2396	0.1044	0.5381	
195694891	195695981	1090	0.444	0.1073	0.3945	
195824059	195825282	1223	0.52	0.121	0.287	
196280098	196280675	577	0.7938	0.052	0.052	
197598374	197601938	3564	0.0311	0.0561	0.9063	
197656197	197658159	1962	0.5194	0.1448	0.2666	
197765345	197765547	202	0.9653	0.0	0.0	
198620012	198621840	1828	0.4283	0.2123	0.3085	
198821324	198822027	703	0.0	1.0	0.0	
199233767	199234169	402	0.4925	0.4403	0.0124	
199282482	199282998	516	0.5155	0.3333	0.0291	
200070378	200070598	220	0.7909	0.0	0.1045	
200643316	200645587	2271	0.4351	0.1198	0.3888	
200730170	200731031	861	0.5842	0.23	0.0952	
200818523	200820014	1491	0.2012	0.1167	0.6533	
200903909	200905150	1241	0.2828	0.274	0.3916	
200940827	200943402	2575	0.2214	0.1204	0.635	
201215299	201215530	231	0.9394	0.0087	0.0087	
201215948	201216648	700	0.8529	0.0086	0.0586	
201263849	201265982	2133	0.3268	0.0881	0.5607	
201267981	201269475	1494	0.1553	0.1064	0.7216	
201274342	201274508	166	0.8494	0.0542	0.0	
201295947	201296702	755	0.7695	0.0291	0.106	
201329686	201331039	1353	0.4775	0.2121	0.204	
201334314	201335018	704	0.5412	0.0099	0.3991	
201337609	201339018	1409	0.5245	0.1079	0.3073	
201463822	201464431	609	0.3399	0.2447	0.3678	
201480032	201481053	1021	0.4358	0.1254	0.3497	
201491595	201491941	346	0.8931	0.0289	0.0	
201502164	201502321	157	0.949	0.0	0.0	
201567300	201568485	1185	0.7257	0.1241	0.0506	
201803558	201806748	3190	0.5411	0.0972	0.3238	
201807467	201808849	1382	0.8111	0.0557	0.0586	
201877638	201877805	167	0.8084	0.024	0.0778	
202017308	202017776	468	0.7607	0.0983	0.0406	
202024799	202025683	884	0.457	0.1233	0.3756	
202051904	202052160	256	0.8359	0.0625	0.0039	
202083312	202083577	265	0.7358	0.1245	0.034	
202246007	202246211	204	0.9363	0.0	0.0	
202324069	202324593	524	0.6966	0.1508	0.0802	
202517842	202518061	219	0.8767	0.0091	0.032	
202518509	202518787	278	0.8381	0.0072	0.0288	
202632031	202632371	340	0.6059	0.1588	0.1853	
202647105	202647315	210	0.0	1.0	0.0	
203019968	203020550	582	0.5533	0.043	0.2423	
203145350	203146902	1552	0.4298	0.0876	0.4246	
203209441	203210538	1097	0.4294	0.0711	0.4348	
203352721	203353993	1272	0.8664	0.0244	0.0149	
203355377	203356735	1358	0.2872	0.2283	0.4477	
203507773	203508051	278	0.8417	0.0144	0.0647	
203686882	203687679	797	0.2484	0.0276	0.7102	
203797849	203801595	3746	0.1356	0.0347	0.8083	
204036927	204037613	686	0.8717	0.0204	0.0554	
204057836	204058030	194	0.8969	0.0103	0.0	
204099254	204099506	252	0.9048	0.0278	0.0238	
204100013	204100529	516	0.8876	0.031	0.0019	
204104560	204106958	2398	0.2093	0.0847	0.6718	
204413533	204413835	302	0.0	1.0	0.0	
204777085	204778410	1325	0.2604	0.0657	0.6558	
204913287	204914561	1274	0.6554	0.2088	0.0479	
205262600	205263836	1236	0.5688	0.1845	0.1715	
205313289	205313473	184	0.9022	0.0	0.0217	
205332307	205332560	253	0.8933	0.0198	0.0237	
205333828	205334377	549	0.8652	0.0383	0.0255	
205340564	205340732	168	0.9286	0.0238	0.0	
205363364	205363540	176	0.9375	0.0	0.0284	
205369299	205370028	729	0.5789	0.1166	0.2291	
205371859	205373285	1426	0.2314	0.101	0.6508	
205389005	205389185	180	0.0	1.0	0.0	
205432614	205432849	235	0.783	0.0383	0.0468	
205952097	205952322	225	0.36	0.2933	0.2311	
206295306	206295566	260	0.6577	0.1846	0.0692	
206298111	206300111	2000	0.726	0.0445	0.165	
206300935	206301347	412	0.7597	0.1141	0.0801	
206354126	206355095	969	0.4582	0.1238	0.2714	
206358110	206358714	604	0.394	0.2997	0.2748	
206367227	206370356	3129	0.5296	0.1301	0.2793	
206446563	206446855	292	0.9144	0.0103	0.0205	
206460803	206461066	263	0.0	1.0	0.0	
206684474	206687476	3002	0.2219	0.1069	0.6389	
206954008	206954152	144	0.9375	0.0	0.0	
207087557	207088011	454	0.9405	0.0	0.0242	
207098000	207098244	244	0.9672	0.0	0.0	
207540636	207540895	259	0.9228	0.0	0.0386	
207693144	207693406	262	0.9198	0.0	0.0229	
207694215	207696248	2033	0.1303	0.0497	0.7969	
208016782	208017898	1116	0.5914	0.0233	0.2984	
208708159	208710675	2516	0.0807	0.1578	0.7504	
210794171	210794310	139	0.9568	0.0	0.0	
210888541	210889214	673	0.419	0.0535	0.4487	
211069923	211070226	303	0.8416	0.0033	0.1023	
211287616	211288483	867	0.8697	0.0277	0.0046	
211455665	211457402	1737	0.8025	0.0294	0.0691	
211726763	211727395	632	0.8149	0.0285	0.0585	
211808560	211809640	1080	0.2426	0.2204	0.5028	
211815153	211815973	820	0.6585	0.072	0.1549	
211962101	211963115	1014	0.7584	0.1282	0.0493	
212064706	212064868	162	0.9815	0.0	0.0	
212100739	212101719	980	0.2765	0.1173	0.5255	
212166362	212168032	1670	0.7898	0.091	0.0737	
212173090	212173373	283	0.9152	0.0	0.053	
212175426	212176275	849	0.6572	0.0707	0.1684	
212643104	212643603	499	0.9198	0.008	0.002	
212661284	212661660	376	0.8298	0.0585	0.008	
212857361	212859571	2210	0.0742	0.0213	0.8928	
213035727	213036087	360	0.7722	0.1083	0.075	
213164612	213164996	384	0.5964	0.2161	0.0417	
213207447	213208009	562	0.3434	0.5641	0.0374	
213373136	213375354	2218	0.4166	0.0951	0.4184	
213691793	213693309	1516	0.1755	0.1174	0.6761	
213939129	213939770	641	0.2871	0.3619	0.3214	
213953568	213956559	2991	0.1367	0.1093	0.7275	
213958928	213962306	3378	0.3324	0.1898	0.4236	
213964552	213964766	214	0.8785	0.0093	0.0	
213965645	213965898	253	0.253	0.5099	0.0198	
214204954	214207312	2358	0.3511	0.0458	0.5547	
215038214	215038917	703	0.5363	0.3542	0.0697	
215503350	215504156	806	0.3945	0.2556	0.2692	
215547537	215547788	251	0.5737	0.2948	0.0558	
215656173	215657182	1009	0.5243	0.1734	0.2002	
216783407	216783613	206	0.9029	0.0049	0.0194	
216788380	216789156	776	0.6263	0.1224	0.125	
216862233	216862572	339	0.7109	0.1416	0.0619	
217214408	217214753	345	0.8087	0.0957	0.0174	
220270920	220271603	683	0.1903	0.0469	0.7438	
222223605	222225114	1509	0.2757	0.1113	0.55	
222238513	222238830	317	0.8675	0.0158	0.0	
222262464	222262910	446	0.6345	0.2668	0.0269	
222384793	222385071	278	0.036	0.9532	0.0	
222389820	222390707	887	0.4419	0.2638	0.1883	
222391569	222392162	593	0.5919	0.1265	0.1585	
222445846	222446545	699	0.4564	0.1831	0.2847	
222523521	222524711	1190	0.2462	0.337	0.3849	
222593589	222594290	701	0.3552	0.0357	0.5378	
222991612	222991776	164	0.0	1.0	0.0	
223000162	223001398	1236	0.8066	0.0307	0.0793	
223001644	223001916	272	0.8676	0.0184	0.0	
223019026	223019802	776	0.3789	0.1095	0.4278	
223033908	223034234	326	0.6043	0.3098	0.0307	
223078119	223078629	510	0.7569	0.0902	0.0333	
223080969	223082713	1744	0.2231	0.0453	0.6995	
223120460	223120922	462	0.6429	0.1017	0.1861	
223122794	223122948	154	0.9091	0.0	0.0	
223263877	223264179	302	0.1192	0.8576	0.0	
223601549	223601716	167	0.9281	0.006	0.0	
223637521	223637747	226	0.0	1.0	0.0	
223689784	223690296	512	0.7617	0.0352	0.0723	
223913242	223914098	856	0.4871	0.0152	0.4416	
224239081	224239262	181	0.8619	0.0497	0.011	
224253663	224253824	161	0.9317	0.0062	0.0311	
224440233	224440436	203	0.9064	0.0099	0.0493	
224554153	224555067	914	0.4223	0.1433	0.3501	
225120458	225122878	2420	0.1921	0.0467	0.7442	
225791160	225791323	163	0.9509	0.0	0.0	
225880635	225881740	1105	0.3412	0.0724	0.5357	
225895694	225896820	1126	0.4281	0.2602	0.2602	
226046140	226047361	1221	0.2629	0.1097	0.5618	
226094064	226094397	333	0.8679	0.006	0.0571	
226229591	226229906	315	0.8698	0.0	0.0286	
226733403	226734438	1035	0.2599	0.4821	0.2164	
226786860	226787098	238	0.7899	0.0798	0.0168	
227148230	227148527	297	0.367	0.2492	0.2795	
227187153	227187802	649	0.3513	0.2311	0.3606	
227409443	227409934	491	0.8208	0.0407	0.0387	
227678015	227679406	1391	0.0863	0.023	0.8785	
228011042	228011744	702	0.4288	0.0499	0.4316	
228019935	228020147	212	0.8726	0.0236	0.0283	
228039862	228040678	816	0.5784	0.1838	0.1544	
228386168	228386357	189	0.7249	0.0212	0.1746	
228398628	228399715	1087	0.2466	0.3349	0.3818	
228841206	228841432	226	0.7566	0.1372	0.0442	
229066919	229069296	2377	0.4973	0.1313	0.2785	
229140019	229140199	180	0.8667	0.0222	0.05	
229167773	229168268	495	0.3394	0.0384	0.5576	
229202759	229203275	516	0.2965	0.1066	0.5678	
229491320	229492760	1440	0.0958	0.1264	0.7583	
230145788	230145935	147	0.9048	0.0544	0.0	
230146586	230147048	462	0.6991	0.0823	0.1385	
230307358	230311820	4462	0.3593	0.1414	0.4256	
230345303	230347275	1972	0.2211	0.252	0.497	
230351169	230351454	285	0.9263	0.014	0.0035	
230504555	230505305	750	0.136	0.1493	0.6987	
230687047	230687911	864	0.5718	0.2072	0.0926	
231169421	231169633	212	0.9104	0.0	0.0613	
231366840	231370707	3867	0.2633	0.1784	0.5071	
231373942	231374513	571	0.683	0.0683	0.1173	
231597166	231598190	1024	0.3125	0.2529	0.3828	
231643238	231643909	671	0.8823	0.0447	0.0104	
232300969	232301196	227	0.7137	0.0176	0.1366	
232659708	232660502	794	0.3451	0.1763	0.4131	
232684238	232684417	179	0.5531	0.2682	0.0503	
232752299	232752720	421	0.8219	0.0428	0.0238	
232929748	232931035	1287	0.6325	0.0878	0.1888	
232974136	232975065	929	0.0	1.0	0.0	
232988108	232989853	1745	0.5381	0.0613	0.3146	
233007394	233007573	179	0.933	0.0	0.0056	
233107012	233107159	147	0.7687	0.0748	0.0544	
233167156	233168281	1125	0.4276	0.0373	0.4756	
233206284	233206494	210	0.881	0.0333	0.0095	
233322625	233322822	197	0.9188	0.0	0.0	
233874127	233874629	502	0.3367	0.0219	0.6076	
234212942	234213103	161	0.913	0.0	0.0435	
234320376	234320515	139	0.8273	0.0	0.0791	
234364767	234365109	342	0.3158	0.2924	0.3655	
234462450	234464944	2494	0.2634	0.2839	0.4178	
234553823	234557249	3426	0.2744	0.1486	0.5085	
234729400	234731809	2409	0.3259	0.203	0.4276	
234824239	234824579	340	0.5765	0.3265	0.0029	
234845330	234845679	349	0.8825	0.0172	0.0029	
234875392	234876726	1334	0.533	0.0315	0.3921	
234891787	234895873	4086	0.0441	0.2036	0.7394	
234935177	234937309	2132	0.3405	0.083	0.5192	
234976616	234977106	490	0.4469	0.0959	0.3857	
235184026	235184851	825	0.4473	0.0764	0.4279	
235191613	235191799	186	0.9194	0.0	0.0108	
235209683	235210033	350	0.8886	0.0114	0.0086	
235360840	235361509	669	0.5202	0.0972	0.2855	
235629584	235631208	1624	0.8941	0.0308	0.0308	
235670262	235670637	375	0.8	0.0053	0.0747	
235699293	235699441	148	0.4595	0.4459	0.0	
235746510	235747064	554	0.7383	0.0632	0.0325	
235760973	235761233	260	0.7192	0.0423	0.0654	
236004786	236005127	341	0.0	1.0	0.0	
236006336	236008388	2052	0.2305	0.3372	0.3665	
236058274	236058507	233	0.0	1.0	0.0	
236058998	236060577	1579	0.2369	0.1077	0.6181	
236279980	236280396	416	0.2476	0.5673	0.1154	
236339119	236339252	133	0.9398	0.0	0.0	
236345787	236347017	1230	0.2927	0.078	0.6	
236557274	236558003	729	0.0	1.0	0.0	
236559949	236560133	184	0.0	1.0	0.0	
236601803	236602116	313	0.4249	0.4409	0.0128	
236627851	236628767	916	0.6255	0.0917	0.2063	
236632661	236633304	643	0.9456	0.0	0.0156	
236732952	236733230	278	0.7374	0.0432	0.1043	
236764998	236765702	704	0.2457	0.0099	0.7287	
236884870	236885555	685	0.5606	0.0496	0.2876	
237060615	237065194	4579	0.0426	0.0452	0.9033	
238574018	238574723	705	0.5617	0.2199	0.1404	
239227078	239227474	396	0.5884	0.1212	0.2121	
239315491	239315767	276	0.7464	0.1051	0.0217	
239498094	239498982	888	0.2646	0.089	0.5788	
240002361	240002522	161	0.8944	0.0	0.0	
240964788	240965365	577	0.5893	0.0191	0.3258	
241301286	241301543	257	0.8677	0.0467	0.0078	
241302114	241302428	314	0.9013	0.0318	0.0064	
241356291	241357102	811	0.4994	0.1615	0.2441	
241434811	241435954	1143	0.0866	0.0604	0.8276	
241860275	241860899	624	0.8317	0.0304	0.0369	
241957139	241957722	583	0.3688	0.0223	0.5969	
241958217	241958368	151	0.9404	0.0	0.0066	
242249795	242251666	1871	0.1951	0.1117	0.6585	
242252513	242252679	166	0.9277	0.0	0.0	
242540349	242543353	3004	0.1362	0.0479	0.7973	
243100238	243101663	1425	0.5067	0.0989	0.3347	
243164675	243165901	1226	0.0914	0.0889	0.8067	
243207607	243208343	736	0.447	0.1209	0.4144	
243527755	243529093	1338	0.3244	0.2108	0.4208	
243546218	243546654	436	0.7408	0.1399	0.0252	
243705311	243705847	536	0.194	0.5168	0.2313	
243714179	243716065	1886	0.1713	0.096	0.6935	
243847653	243848941	1288	0.3113	0.1328	0.5	
243849233	243849658	425	0.6047	0.0847	0.2353	
243853996	243854464	468	0.6603	0.0855	0.1688	
244066219	244066695	476	0.6324	0.1092	0.1765	
244112041	244112952	911	0.5664	0.0823	0.1537	
244140092	244141170	1078	0.3293	0.1688	0.4508	
244213378	244213655	277	0.7329	0.1986	0.0108	
244319209	244319505	296	0.6622	0.0101	0.2095	
244496538	244498569	2031	0.5775	0.1044	0.2388	
244518555	244519298	743	0.7577	0.0592	0.0659	
244534131	244537596	3465	0.2413	0.0661	0.6545	
245096825	245097611	786	0.2532	0.0458	0.6374	
245195543	245196185	642	0.3037	0.1153	0.567	
245212112	245214060	1948	0.4076	0.1771	0.348	
245216809	245217311	502	0.7351	0.0478	0.1215	
245712817	245713640	823	0.2066	0.13	0.5893	
245731795	245732562	767	0.4472	0.1017	0.3977	
247356701	247356922	221	0.7466	0.0181	0.1584	
248332702	248332826	124	0.9435	0.0081	0.0	
248353791	248354003	212	0.6509	0.1321	0.1698	
248786474	248787206	732	0.4167	0.5164	0.0137	
248792427	248792677	250	0.768	0.064	0.016	
248793123	248793714	591	0.6514	0.1252	0.1201	
248916475	248916692	217	0.5853	0.235	0.0369	
249198453	249201078	2625	0.392	0.1048	0.453	
249319905	249320268	363	0.5427	0.2507	0.0634	
250691225	250692305	1080	0.0954	0.113	0.7593	
251256445	251256814	369	0.5799	0.3686	0.0163	
251265068	251268935	3867	0.4466	0.151	0.331	
251622000	251622179	179	0.9609	0.0	0.0	
252697168	252698620	1452	0.1618	0.2383	0.5523	
252724532	252728025	3493	0.1606	0.093	0.724	
252921517	252922554	1037	0.4609	0.2044	0.269	
253008083	253009120	1037	0.0415	0.5188	0.4291	
253074477	253075999	1522	0.4402	0.115	0.3863	
253371529	253371710	181	0.895	0.0497	0.0	
253601659	253602430	771	0.3437	0.1115	0.4864	
253626739	253627465	726	0.8733	0.0041	0.0592	
253628670	253629463	793	0.5069	0.203	0.2446	
253695153	253695360	207	0.0	1.0	0.0	
253775650	253780032	4382	0.1239	0.1639	0.6732	
253807592	253808517	925	0.4022	0.1081	0.4259	
253811264	253811513	249	0.9518	0.004	0.0	
253917274	253917446	172	0.9128	0.0233	0.0	
254488335	254488520	185	0.9135	0.0054	0.0	
254496938	254497450	512	0.8086	0.0313	0.0566	
255258188	255259370	1182	0.1218	0.0415	0.8257	
255575360	255576974	1614	0.575	0.1084	0.2286	
255617924	255618204	280	0.825	0.1179	0.0	
255803497	255803924	427	0.9321	0.0187	0.0047	
256030098	256031006	908	0.1465	0.6233	0.2269	
256772166	256772379	213	0.9108	0.0282	0.0	
257093894	257094561	667	0.8501	0.03	0.003	
257168593	257169571	978	0.5266	0.1237	0.2178	
257249677	257250190	513	0.4425	0.0585	0.4152	
257473242	257473807	565	0.4336	0.0389	0.4708	
257566300	257567446	1146	0.3194	0.0558	0.5855	
257640070	257640224	154	0.9805	0.0	0.0	
257958344	257958793	449	0.4944	0.0468	0.3408	
258198713	258199241	528	0.6439	0.1629	0.0795	
258498101	258498295	194	0.8711	0.0309	0.0155	
259208265	259208441	176	0.8125	0.0398	0.0625	
259459338	259460154	816	0.7108	0.0931	0.1336	
259497605	259497957	352	0.7614	0.1193	0.0199	
259674324	259675357	1033	0.4172	0.0484	0.4889	
259695179	259696409	1230	0.4309	0.1553	0.3732	
260041576	260041710	134	0.9552	0.0	0.0	
260365774	260366472	698	0.3152	0.0616	0.6046	
260407207	260408949	1742	0.3749	0.1251	0.4587	
260409503	260410671	1168	0.1824	0.3031	0.4709	
260478183	260478536	353	0.6516	0.0595	0.2181	
260483240	260483697	457	0.7112	0.0744	0.1072	
260519214	260520684	1470	0.1918	0.0558	0.7224	
260527521	260528647	1126	0.2256	0.1607	0.5648	
260675290	260675926	636	0.0896	0.6179	0.2406	
260676128	260676906	778	0.4177	0.1144	0.383	
260833418	260834246	828	0.7742	0.058	0.087	
261030204	261030740	536	0.7537	0.056	0.0317	
261291140	261291356	216	0.8194	0.088	0.0093	
261835141	261835368	227	0.8855	0.0044	0.0	
262359092	262359313	221	0.8009	0.0045	0.1222	
262547656	262550047	2391	0.0937	0.046	0.8448	
262828196	262828540	344	0.7616	0.0407	0.0494	
263043620	263044993	1373	0.4101	0.1704	0.3562	
263127200	263127551	351	0.6068	0.0399	0.245	
263357247	263359369	2122	0.2653	0.1395	0.5528	
263560174	263560926	752	0.262	0.0253	0.6755	
263775393	263775766	373	0.4021	0.2654	0.2172	
263858438	263858862	424	0.0	1.0	0.0	
264250858	264251621	763	0.578	0.1533	0.1481	
264319083	264320429	1346	0.4926	0.0765	0.3276	
264379559	264380156	597	0.191	0.273	0.5193	
264447357	264448831	1474	0.2958	0.0834	0.5828	
264583184	264584019	835	0.4419	0.0946	0.4299	
264608620	264609011	391	0.5959	0.1151	0.1662	
264609483	264612949	3466	0.0753	0.0257	0.8927	
264750176	264750412	236	0.8432	0.0636	0.0042	
264818047	264818522	475	0.4295	0.1516	0.3032	
265403419	265403968	549	0.5392	0.1439	0.0674	
266765155	266765373	218	0.555	0.1606	0.211	
266765662	266765935	273	0.8425	0.0659	0.0073	
266891354	266892339	985	0.3878	0.5614	0.0051	
266893473	266894941	1468	0.3236	0.2984	0.3386	
266895795	266896187	392	0.4592	0.5102	0.0	
267127285	267127585	300	0.8267	0.0167	0.1033	
267134953	267136210	1257	0.5998	0.0819	0.2466	
267875286	267875720	434	0.3779	0.2465	0.3272	
267922080	267922816	736	0.3057	0.2486	0.4171	
268276736	268277046	310	0.7613	0.129	0.0194	
268365607	268366855	1248	0.0777	0.0994	0.8173	
268488079	268488358	279	0.8817	0.0466	0.0072	
268680515	268681478	963	0.5327	0.0789	0.3468	
268749019	268749324	305	0.659	0.0328	0.2295	
269194826	269195456	630	0.8762	0.046	0.0	
269313943	269314634	691	0.4631	0.026	0.466	
269373403	269373676	273	0.7985	0.0769	0.022	
269385629	269386663	1034	0.5048	0.0909	0.2921	
269433403	269434031	628	0.6433	0.0987	0.129	
269563822	269564176	354	0.0	1.0	0.0	
269822259	269822518	259	0.8533	0.0232	0.0502	
269870307	269870990	683	0.4846	0.0381	0.4173	
269974157	269974543	386	0.7876	0.0052	0.0518	
270071118	270072388	1270	0.5024	0.0787	0.3606	
270092241	270093793	1552	0.0928	0.3067	0.5773	
270494532	270495295	763	0.8611	0.0288	0.0433	
270555889	270557920	2031	0.3732	0.0561	0.5254	
270660782	270660981	199	0.9347	0.0	0.005	
270691214	270691433	219	0.8402	0.0228	0.0548	
270705938	270707236	1298	0.171	0.0855	0.728	
271615687	271616539	852	0.4108	0.0845	0.4143	
271867040	271868092	1052	0.3983	0.4886	0.039	
272145312	272146845	1533	0.2805	0.1383	0.5499	
272250683	272252195	1512	0.203	0.127	0.6422	
272413011	272417019	4008	0.2625	0.0773	0.6387	
272425886	272429377	3491	0.5569	0.0476	0.3349	
272920621	272921319	698	0.4685	0.0072	0.4556	
273617580	273618700	1120	0.5482	0.1152	0.2589	
273625350	273626357	1007	0.5442	0.1072	0.3049	
274474053	274474756	703	0.4125	0.0583	0.4765	
274592841	274593145	304	0.7862	0.0987	0.023	
274693698	274695485	1787	0.6575	0.0979	0.1869	
274726183	274730443	4260	0.3425	0.2601	0.3577	
274878557	274879664	1107	0.626	0.0668	0.2575	
275217879	275218984	1105	0.4932	0.0208	0.4127	
275232079	275233650	1571	0.1585	0.1719	0.6493	
275348851	275349323	472	0.464	0.0678	0.4174	
275360802	275361174	372	0.0	1.0	0.0	
275377693	275378489	796	0.642	0.0151	0.2751	
275608985	275609233	248	0.9073	0.0161	0.0403	
276262365	276262811	446	0.7556	0.0852	0.0538	
276733032	276733743	711	0.2714	0.1252	0.5893	
277329377	277329602	225	0.8267	0.1111	0.0222	
277845710	277845899	189	0.9577	0.0	0.0159	
277893535	277893803	268	0.8806	0.0858	0.0112	
277901506	277901785	279	0.9032	0.0036	0.0251	
277903675	277905315	1640	0.6073	0.1762	0.1268	
278073207	278073467	260	0.8654	0.0154	0.0346	
278554598	278555332	734	0.1935	0.1131	0.6703	
279038841	279039880	1039	0.6458	0.0154	0.2435	
279119503	279120166	663	0.3997	0.0196	0.5415	
279163910	279164050	140	0.8571	0.0357	0.0	
279403092	279404007	915	0.6197	0.1464	0.153	
280300322	280301538	1216	0.4794	0.0905	0.3487	
280492728	280492911	183	0.8306	0.0383	0.0055	
280715166	280715476	310	0.0	1.0	0.0	
283000985	283002807	1822	0.3112	0.2563	0.3869	
283060287	283060561	274	0.8248	0.0949	0.0	
283154595	283155437	842	0.8219	0.0523	0.0641	
283299558	283301883	2325	0.1015	0.0189	0.8619	
283312286	283312455	169	0.6746	0.2071	0.0059	
283362916	283364803	1887	0.1659	0.1526	0.6624	
283542253	283542575	322	0.4224	0.559	0.0	
283645003	283646724	1721	0.5218	0.1842	0.2144	
283686510	283688853	2343	0.3133	0.1831	0.4772	
283806159	283812370	6211	0.1977	0.0311	0.7483	
283949064	283949354	290	0.9241	0.0	0.0069	
284016496	284017610	1114	0.632	0.1481	0.1571	
284060599	284061215	616	0.3149	0.3669	0.2955	
284103334	284104184	850	0.4894	0.1424	0.3129	
284108514	284110258	1744	0.3291	0.0401	0.5688	
284291138	284291584	446	0.9238	0.0179	0.0045	
284508818	284509479	661	0.5204	0.1452	0.2572	
285101985	285102270	285	0.1544	0.7579	0.0351	
285437563	285437964	401	0.813	0.0175	0.0324	
285969328	285970940	1612	0.0	1.0	0.0	
286001547	286002176	629	0.0	1.0	0.0	
286020098	286020315	217	0.0	1.0	0.0	
286078313	286078796	483	0.0	1.0	0.0	
286084295	286084957	662	0.0	1.0	0.0	
286085979	286086144	165	0.0	1.0	0.0	
286086372	286086737	365	0.0	1.0	0.0	
286091560	286092012	452	0.0	1.0	0.0	
286099348	286099815	467	0.0	1.0	0.0	
286107718	286108144	426	0.0	1.0	0.0	
286146439	286147268	829	0.696	0.1242	0.0217	
286247919	286248717	798	0.4624	0.1003	0.3734	
286370086	286370844	758	0.5237	0.1702	0.2414	
286411810	286412477	667	0.2849	0.0795	0.5892	
286855611	286855820	209	0.866	0.0239	0.0574	
286944081	286944833	752	0.2926	0.0691	0.6104	
286994006	286996820	2814	0.1489	0.3308	0.4883	
287007467	287010618	3151	0.2815	0.1222	0.5528	
287124340	287125779	1439	0.255	0.0792	0.5587	
287143103	287143943	840	0.6536	0.0952	0.1929	
287191536	287193933	2397	0.3851	0.0534	0.4969	
287280209	287280436	227	0.9339	0.0176	0.0044	
287320609	287320777	168	0.8631	0.0179	0.0	
287654140	287656102	1962	0.4857	0.1228	0.289	
288350199	288350461	262	0.8626	0.0038	0.0573	
288375706	288376343	637	0.0	1.0	0.0	
288376756	288377446	690	0.0	1.0	0.0	
288391949	288392142	193	0.8394	0.0725	0.0	
288437865	288438620	755	0.3245	0.1152	0.5205	
288450300	288452539	2239	0.6686	0.0384	0.2144	
288468100	288469420	1320	0.5523	0.1159	0.2727	
288474450	288474782	332	0.8916	0.0392	0.0	
288479968	288480276	308	0.0	1.0	0.0	
288530200	288531147	947	0.3157	0.0813	0.5438	
288548301	288548803	502	0.5299	0.1076	0.2231	
288986233	288986691	458	0.1747	0.7795	0.0022	
289929956	289930949	993	0.0	1.0	0.0	
289986511	289987300	789	0.7123	0.038	0.1217	
290000075	290000528	453	0.5364	0.0552	0.3731	
290002314	290002487	173	0.9422	0.0	0.0116	
290183665	290183805	140	0.9143	0.0	0.0	
290303036	290303241	205	0.8341	0.1024	0.0	
290337225	290338212	987	0.3252	0.0709	0.5653	
290479632	290479842	210	0.9857	0.0	0.0	
290618632	290619121	489	0.5583	0.2945	0.0695	
290634329	290634508	179	0.8659	0.0559	0.0112	
290644773	290645062	289	0.8824	0.0208	0.0242	
290943987	290944311	324	0.8056	0.0185	0.0247	
291189764	291191209	1445	0.3059	0.1266	0.546	
291202069	291203207	1138	0.1784	0.1898	0.6116	
291338166	291338501	335	0.0	1.0	0.0	
291344979	291345490	511	0.0	1.0	0.0	
291763786	291763943	157	0.9299	0.0191	0.051	
292048276	292048648	372	0.6989	0.043	0.1398	
292125391	292125682	291	0.5361	0.2027	0.2096	
292249622	292249888	266	0.9323	0.0	0.0075	
292334649	292335128	479	0.8017	0.0689	0.0814	
292372861	292377783	4922	0.2609	0.0628	0.627	
292467426	292469532	2106	0.3599	0.1462	0.4174	
292496467	292497432	965	0.7523	0.058	0.0466	
292509526	292510841	1315	0.2913	0.0487	0.6175	
292571317	292571496	179	0.9218	0.0	0.0	
292639070	292639622	552	0.6377	0.0453	0.1558	
292752563	292756739	4176	0.2536	0.2457	0.4449	
292940197	292940469	272	0.8529	0.0184	0.0074	
292952740	292954094	1354	0.3006	0.1684	0.4564	
293019625	293020614	989	0.3761	0.0991	0.4985	
293053144	293053796	652	0.8666	0.0153	0.0061	
293081367	293081603	236	0.0	1.0	0.0	
293180985	293181468	483	0.0	1.0	0.0	
294327298	294329699	2401	0.2037	0.1662	0.6002	
295681874	295683096	1222	0.0164	0.1645	0.8191	
296889924	296890486	562	0.5605	0.1779	0.1797	
297025941	297026216	275	0.5709	0.3273	0.0073	
297064572	297064743	171	0.9474	0.0	0.0234	
297146480	297146844	364	0.7665	0.022	0.0742	
297147278	297150892	3614	0.2485	0.1251	0.5877	
297152647	297153098	451	0.5898	0.2639	0.0576	
297346481	297347964	1483	0.5394	0.0465	0.3014	
297348419	297350023	1604	0.5305	0.0206	0.3834	
298396417	298398764	2347	0.2501	0.1547	0.5663	
298498880	298500447	1567	0.0823	0.1385	0.762	
298532201	298532356	155	0.8323	0.0323	0.0129	
298533139	298534951	1812	0.1236	0.0403	0.8168	
299689307	299689925	618	0.6294	0.2945	0.0113	
300784828	300787203	2375	0.4783	0.1318	0.2922	
300811177	300811545	368	0.4212	0.4049	0.1168	
301367052	301367997	945	0.5915	0.0868	0.2519	
301509593	301509790	197	0.7005	0.203	0.0203	
301773483	301773756	273	0.8462	0.0037	0.0696	
302356832	302357881	1049	0.3565	0.1049	0.4852	
302887587	302887933	346	0.5202	0.1301	0.2168	
303419928	303420442	514	0.5409	0.1265	0.2179	
303698295	303701495	3200	0.1478	0.2194	0.6066	
303713807	303719731	5924	0.105	0.0381	0.8356	
303851144	303852379	1235	0.4729	0.0818	0.3595	
304739582	304740102	520	0.6654	0.2096	0.0154	
305067260	305071278	4018	0.2158	0.1797	0.5368	
305346653	305346891	238	0.7101	0.0588	0.1387	
306115001	306115479	478	0.8975	0.0063	0.0335	
306415842	306416128	286	0.9056	0.014	0.0035	
306416714	306417295	581	0.6799	0.0792	0.105	
306535880	306536470	590	0.3492	0.2288	0.3831	
306558431	306559489	1058	0.4178	0.0397	0.4991	
306601434	306603569	2135	0.1733	0.133	0.6529	
306643145	306644052	907	0.4785	0.108	0.3286	
306781412	306781663	251	0.8446	0.0797	0.008	
307038730	307038878	148	0.7838	0.0676	0.0338	
307531636	307531949	313	0.8658	0.0096	0.0192	
307565745	307569303	3558	0.1802	0.1034	0.6703	
307603456	307603635	179	0.0	1.0	0.0	
308622958	308624167	1209	0.3267	0.115	0.5302	
309501964	309502364	400	0.505	0.375	0.0425	
309710802	309711163	361	0.6842	0.1939	0.0249	
310466791	310467086	295	0.7288	0.0339	0.1153	
310477457	310477755	298	0.7114	0.1879	0.0201	
310663317	310663577	260	0.0	1.0	0.0	
312863068	312863208	140	0.8857	0.0286	0.0286	
312880662	312881821	1159	0.6687	0.0733	0.1527	
312928547	312930698	2151	0.4751	0.1358	0.2915	
312934824	312935042	218	0.8578	0.0413	0.0	
315628920	315630939	2019	0.3006	0.1322	0.522	
316012948	316013122	174	0.0	1.0	0.0	
316199158	316203538	4380	0.087	0.0774	0.8263	
316363363	316363520	157	0.0	1.0	0.0	
316412433	316413338	905	0.4088	0.3249	0.1381	
316517582	316517942	360	0.0	1.0	0.0	
316651761	316652131	370	0.7946	0.0514	0.0405	
316652854	316656711	3857	0.1703	0.1141	0.6871	
316760039	316760363	324	0.9105	0.0031	0.0154	
316771323	316771681	358	0.0	1.0	0.0	
316846833	316849104	2271	0.4311	0.0911	0.3787	
317397405	317398291	886	0.2359	0.123	0.6151	
317437726	317439275	1549	0.3486	0.1491	0.4629	
317468347	317468982	635	0.2567	0.685	0.011	
317572975	317573300	325	0.5631	0.1169	0.2031	
317696496	317696909	413	0.7409	0.0847	0.0702	
317904708	317905852	1144	0.2491	0.1573	0.5551	
318150897	318151692	795	0.5937	0.1874	0.1233	
321415350	321417875	2525	0.4784	0.1228	0.3137	
321848359	321848946	587	0.3118	0.155	0.4344	
322116248	322116951	703	0.0	1.0	0.0	
322360816	322366125	5309	0.0397	0.1644	0.7904	
322405385	322407353	1968	0.1032	0.1692	0.7038	
323074664	323076306	1642	0.2119	0.1468	0.6139	
323198798	323199688	890	0.4989	0.027	0.3742	
323214313	323215473	1160	0.4147	0.0474	0.4862	
323216053	323216528	475	0.8421	0.0168	0.0589	
323225548	323225953	405	0.921	0.0	0.0	
323228160	323229519	1359	0.8933	0.011	0.0088	
323709406	323709909	503	0.0	1.0	0.0	
324404100	324404432	332	0.8434	0.0241	0.0542	
324474604	324474872	268	0.0	1.0	0.0	
324503743	324505039	1296	0.4452	0.088	0.3997	
324545811	324546270	459	0.9063	0.0065	0.0065	
324763046	324763447	401	0.02	0.98	0.0	
325204196	325204909	713	0.3436	0.0154	0.6031	
325227999	325228436	437	0.7895	0.0458	0.0389	
325273320	325273859	539	0.384	0.0093	0.5807	
325328881	325329307	426	0.8099	0.0915	0.0094	
325331176	325332817	1641	0.089	0.1121	0.7885	
325689280	325689878	598	0.699	0.1204	0.0485	
326868430	326868993	563	0.4281	0.0249	0.508	
326897599	326898801	1202	0.312	0.1947	0.4293	
327389056	327389277	221	0.8959	0.0	0.0271	
327414205	327414803	598	0.495	0.1589	0.2274	
327637089	327638079	990	0.2061	0.0576	0.7051	
327704837	327705310	473	0.4799	0.148	0.2622	
327742670	327742990	320	0.8094	0.0063	0.0688	
328235161	328236410	1249	0.3523	0.0953	0.4668	
328288242	328288440	198	0.8434	0.0455	0.0	
328481238	328483372	2134	0.3149	0.2207	0.4142	
328483546	328485961	2415	0.1859	0.1118	0.6704	
328486230	328486768	538	0.4182	0.1004	0.4461	
328497632	328498633	1001	0.0629	0.8701	0.046	
328517677	328518256	579	0.4525	0.3402	0.1468	
328839972	328841658	1686	0.2705	0.0492	0.6483	
329129392	329129884	492	0.0793	0.2642	0.6402	
329136544	329139706	3162	0.2862	0.0585	0.599	
329976159	329976290	131	0.8397	0.0	0.0611	
330922074	330923035	961	0.2227	0.0947	0.6514	
331012584	331016258	3674	0.4603	0.1462	0.3149	
331021516	331022877	1361	0.3483	0.1403	0.4563	
334107839	334109185	1346	0.0721	0.1226	0.7957	
334112801	334113819	1018	0.502	0.1189	0.2259	
334118101	334121368	3267	0.1117	0.18	0.6912	
334249894	334256428	6534	0.2938	0.1713	0.496	
334321177	334323128	1951	0.185	0.06	0.7217	
334444541	334444740	199	0.8693	0.0	0.0151	
334447415	334447629	214	0.8458	0.0	0.0935	
334925883	334927038	1155	0.2294	0.129	0.6104	
334939245	334939455	210	0.8667	0.0095	0.0286	
334942652	334943246	594	0.8552	0.032	0.0101	
335117607	335117887	280	0.7893	0.0464	0.0714	
335285446	335286013	567	0.6261	0.0494	0.1958	
335384080	335387311	3231	0.1142	0.0192	0.8465	
335703801	335704061	260	0.7654	0.0423	0.05	
335884024	335884954	930	0.4172	0.2043	0.3075	
336120054	336121152	1098	0.5492	0.1658	0.1557	
338957781	338959981	2200	0.0486	0.125	0.8218	
340124254	340125093	839	0.0	1.0	0.0	
340186670	340187177	507	0.426	0.0651	0.4714	
340237287	340238438	1151	0.126	0.788	0.0547	
340366385	340366998	613	0.2137	0.292	0.4715	
340381709	340383253	1544	0.1418	0.2409	0.5984	
340487751	340489191	1440	0.4743	0.0958	0.3514	
343640196	343640363	167	0.9401	0.012	0.012	
344154730	344154894	164	0.9695	0.0	0.0061	
344292069	344292359	290	0.8103	0.131	0.0	
344764737	344765712	975	0.4082	0.3015	0.2379	
344771831	344772970	1139	0.2888	0.2818	0.3608	
344773560	344775613	2053	0.4705	0.077	0.358	
344856741	344857539	798	0.3333	0.2368	0.3659	
345162896	345163348	452	0.6062	0.1084	0.1836	
345266969	345267234	265	0.7962	0.0906	0.0189	
345347599	345347864	265	0.8528	0.0491	0.0113	
345854226	345855828	1602	0.7566	0.0431	0.0968	
346065514	346065708	194	0.701	0.0567	0.0979	
346071185	346075052	3867	0.3794	0.1241	0.4476	
346084004	346085527	1523	0.2344	0.1116	0.6297	
346104620	346105921	1301	0.2398	0.2052	0.4996	
346138549	346139569	1020	0.2088	0.0206	0.7363	
346152252	346152470	218	0.0	1.0	0.0	
346190026	346190309	283	0.6749	0.0495	0.1696	
346300183	346302666	2483	0.1518	0.0056	0.8284	
346492893	346493100	207	0.8986	0.0	0.0097	
346543309	346544252	943	0.2227	0.0308	0.72	
346621568	346622545	977	0.4452	0.0573	0.4473	
346628916	346629234	318	0.8208	0.0189	0.0755	
346641059	346641368	309	0.8673	0.0162	0.0453	
346936506	346937559	1053	0.3913	0.0351	0.4919	
347037834	347040993	3159	0.2526	0.1532	0.56	
347122250	347122974	724	0.1008	0.2003	0.6851	
347163700	347166108	2408	0.5282	0.13	0.2741	
349064554	349066633	2079	0.5272	0.0991	0.3035	
349286560	349286842	282	0.7908	0.078	0.0142	
350113036	350113669	633	0.5039	0.0632	0.2591	
350198725	350198936	211	0.7962	0.0284	0.0995	
350580855	350581406	551	0.5372	0.02	0.3829	
351094532	351094686	154	0.8052	0.0909	0.026	
351210911	351211238	327	0.1835	0.7615	0.0	
352440689	352441889	1200	0.1992	0.2367	0.5367	
352456766	352457045	279	0.595	0.1505	0.0717	
352782378	352784434	2056	0.5258	0.0929	0.3118	
353112242	353113890	1648	0.1153	0.1001	0.7579	
353652591	353653494	903	0.1484	0.5471	0.2802	
354325983	354328799	2816	0.3789	0.1126	0.4403	
354735473	354735625	152	0.0	1.0	0.0	
355208487	355208900	413	0.3874	0.0969	0.4843	
355413012	355413182	170	0.8529	0.0471	0.0176	
356613874	356614910	1036	0.0	1.0	0.0	
358165232	358166078	846	0.4314	0.1702	0.3251	
358897081	358897233	152	0.9539	0.0	0.0	
358989195	358989359	164	0.9695	0.0061	0.0	
359173486	359174403	917	0.5594	0.0469	0.3293	
359309063	359309716	653	0.4472	0.4671	0.0184	
359558256	359558594	338	0.4349	0.5266	0.0	
359949247	359949462	215	0.9535	0.0	0.0	
360014311	360014599	288	0.7847	0.0313	0.1597	
360495175	360495372	197	0.6193	0.0761	0.0863	
360671463	360673258	1795	0.3772	0.0708	0.5014	
360677474	360677804	330	0.8485	0.0273	0.0212	
360686873	360687018	145	0.9448	0.0	0.0	
360711024	360712179	1155	0.3498	0.0597	0.5498	
360743801	360745627	1826	0.0794	0.2793	0.621	
360803445	360804517	1072	0.8209	0.0392	0.0308	
360842466	360842707	241	0.9253	0.0	0.0124	
360857661	360858447	786	0.6145	0.1438	0.1247	
360920703	360922456	1753	0.5436	0.1649	0.2379	
361183281	361183536	255	0.949	0.0	0.0196	
361605116	361606617	1501	0.3877	0.0826	0.4744	
361706570	361707056	486	0.6811	0.2263	0.0041	
361728314	361728919	605	0.2479	0.2562	0.4132	
361746881	361749340	2459	0.0903	0.244	0.6442	
363550563	363551125	562	0.7491	0.073	0.1317	
363559356	363560158	802	0.0	1.0	0.0	
363638825	363639129	304	0.773	0.1678	0.0033	
363743975	363745166	1191	0.7565	0.0856	0.0848	
363745414	363746560	1146	0.8927	0.0131	0.0218	
363870811	363871860	1049	0.51	0.101	0.3422	
363914299	363914519	220	0.8591	0.0273	0.0727	
364187559	364189588	2029	0.2863	0.1474	0.5397	
364241249	364241556	307	0.0	1.0	0.0	
364317582	364317936	354	0.9266	0.0169	0.0113	
364710765	364712031	1266	0.3633	0.0482	0.5592	
364831909	364832254	345	0.8319	0.0145	0.0957	
365653545	365653715	170	0.9059	0.0	0.0	
365918206	365920845	2639	0.6108	0.0803	0.2501	
366124031	366124660	629	0.7456	0.097	0.089	
366590545	366590871	326	0.8497	0.0245	0.0092	
367016455	367017065	610	0.4639	0.1213	0.3311	
367138166	367138307	141	0.8298	0.0355	0.0142	
367170996	367171319	323	0.8019	0.0248	0.0681	
367183565	367185863	2298	0.4234	0.1488	0.349	
367818202	367818437	235	0.7064	0.2	0.0	
367899634	367900188	554	0.4477	0.2202	0.2274	
368842383	368843082	699	0.0	1.0	0.0	
369043524	369044453	929	0.0022	0.282	0.7158	
369047735	369048406	671	0.4948	0.2146	0.2072	
369048621	369049296	675	0.04	0.1911	0.7674	
369367928	369368384	456	0.2895	0.6557	0.0285	
369432856	369435527	2671	0.4508	0.0374	0.4583	
369572857	369573067	210	0.8857	0.0	0.0143	
369586681	369586973	292	0.774	0.0445	0.1062	
369717507	369717719	212	0.5802	0.2972	0.0	
369968196	369968991	795	0.0	1.0	0.0	
369969244	369970649	1405	0.0	1.0	0.0	
370290062	370291356	1294	0.2929	0.1028	0.5394	
370613364	370614092	728	0.467	0.364	0.0852	
371462011	371463127	1116	0.0	1.0	0.0	
371609337	371610816	1479	0.1812	0.146	0.6444	
371701492	371701860	368	0.0	1.0	0.0	
373060882	373061537	655	0.484	0.1649	0.287	
374231185	374231875	690	0.6232	0.1377	0.0957	
374235215	374237863	2648	0.6937	0.0895	0.1699	
374247687	374248603	916	0.881	0.0033	0.0328	
374262077	374262364	287	0.8467	0.0	0.101	
374763583	374763724	141	0.9007	0.0284	0.0	
375024320	375025055	735	0.5673	0.0395	0.3293	
375173618	375174348	730	0.0	1.0	0.0	
375174585	375175359	774	0.0	1.0	0.0	
376970514	376974638	4124	0.2393	0.025	0.6971	
377390355	377392826	2471	0.3509	0.1627	0.4189	
377501523	377510110	8587	0.0314	0.0355	0.9285	
377689833	377690279	446	0.2152	0.722	0.0067	
378748587	378750095	1508	0.5597	0.0371	0.3481	
379764083	379764349	266	0.6053	0.3346	0.0038	
380610794	380610962	168	0.8333	0.0	0.0595	
380860687	380861124	437	0.2059	0.5744	0.1716	
380880862	380883452	2590	0.3398	0.105	0.5085	
380884132	380884329	197	0.8832	0.0152	0.0203	
380907952	380908254	302	0.8609	0.0099	0.0464	
380910179	380910370	191	0.6649	0.1204	0.1675	
381092370	381093355	985	0.3066	0.1807	0.4447	
381240739	381241820	1081	0.5893	0.1175	0.1887	
381263325	381264174	849	0.106	0.3875	0.417	
381309825	381311692	1867	0.2555	0.2341	0.4815	
381426354	381428587	2233	0.0627	0.0233	0.9069	
381448591	381449579	988	0.0	1.0	0.0	
381486278	381486675	397	0.0	1.0	0.0	
381652570	381653257	687	0.2795	0.1805	0.4643	
381773895	381775322	1427	0.5151	0.1037	0.3069	
381892943	381893742	799	0.428	0.2641	0.2203	
382593350	382593656	306	0.8889	0.0	0.0229	
382906140	382906458	318	0.7642	0.1101	0.0252	
383483738	383484913	1175	0.4698	0.1668	0.297	
383627195	383627644	449	0.8686	0.0178	0.0312	
383660702	383660924	222	0.955	0.009	0.0045	
383703337	383703869	532	0.6353	0.2726	0.0	
384383874	384385376	1502	0.0	1.0	0.0	
384386297	384387439	1142	0.0	1.0	0.0	
384504656	384505458	802	0.2843	0.1309	0.5536	
384567156	384567632	476	0.855	0.0021	0.0189	
384568243	384568383	140	0.9357	0.0	0.0143	
384570566	384571869	1303	0.4198	0.0422	0.4528	
384691919	384692550	631	0.4231	0.0301	0.5214	
384966887	384968543	1656	0.1262	0.6105	0.2071	
385056749	385057000	251	0.8805	0.0	0.0159	
385061622	385061985	363	0.8457	0.0138	0.0248	
385068901	385069276	375	0.752	0.0133	0.128	
385094077	385094575	498	0.9357	0.004	0.0	
385113308	385113441	133	0.8571	0.0977	0.0	
385213642	385214742	1100	0.7255	0.1255	0.1091	
385280279	385280579	300	0.8867	0.0	0.0233	
386450635	386450920	285	0.7298	0.0526	0.0772	
386494588	386494890	302	0.8377	0.0199	0.0596	
386931231	386932775	1544	0.7209	0.0758	0.1302	
386941385	386941829	444	0.5946	0.1914	0.1441	
386947564	386947945	381	0.8241	0.0157	0.0735	
387510539	387511825	1286	0.7449	0.1337	0.0575	
387519476	387520062	586	0.8959	0.0085	0.0341	
387576833	387577084	251	0.9084	0.0199	0.012	
387624705	387625197	492	0.7012	0.1037	0.126	
387999648	388000223	575	0.8626	0.033	0.0504	
388123232	388123500	268	0.8246	0.0	0.097	
388242967	388243180	213	0.9296	0.0	0.0	
388536167	388537011	844	0.4562	0.0758	0.4123	
389861484	389865084	3600	0.6225	0.0758	0.2111	
389889953	389890141	188	0.984	0.0	0.0	
389955503	389955834	331	0.7915	0.006	0.0423	
390047323	390048648	1325	0.314	0.2558	0.3736	
390180955	390181232	277	0.9206	0.0036	0.0	
390192889	390194347	1458	0.4506	0.1598	0.3416	
390224957	390225195	238	0.958	0.0126	0.0	
390246511	390246760	249	0.8795	0.0241	0.0442	
390322793	390323658	865	0.5168	0.0289	0.3977	
390324176	390324323	147	0.966	0.0	0.0	
390416737	390418033	1296	0.4498	0.0664	0.4182	
390451607	390451841	234	0.5513	0.2222	0.2094	
390749788	390750143	355	0.9183	0.0225	0.0085	
390759235	390759404	169	0.7692	0.0473	0.0237	
391217910	391218915	1005	0.2935	0.2289	0.4607	
391421469	391421719	250	0.876	0.048	0.008	
391443451	391444350	899	0.3026	0.2325	0.4227	
391550097	391550500	403	0.5186	0.2084	0.1911	
391667022	391670623	3601	0.0744	0.1811	0.722	
391671331	391672625	1294	0.1886	0.0572	0.7272	
391683904	391684224	320	0.2969	0.675	0.0187	
391773467	391773630	163	0.9509	0.0	0.0	
391779056	391779609	553	0.2532	0.3165	0.3942	
391821200	391821890	690	0.7884	0.0478	0.0435	
391898745	391899591	846	0.5485	0.1336	0.273	
391900356	391901351	995	0.7668	0.0553	0.1176	
391915502	391915935	433	0.5289	0.2979	0.1109	
391960399	391961294	895	0.4972	0.4067	0.0134	
392008848	392010388	1540	0.2604	0.1032	0.6019	
392060530	392061712	1182	0.2944	0.0389	0.6108	
392364726	392364988	262	0.7443	0.1947	0.0	
392504093	392504448	355	0.0	1.0	0.0	
392557319	392563293	5974	0.2313	0.1204	0.6065	
392574941	392577611	2670	0.2315	0.0667	0.6521	
392720309	392720535	226	0.6637	0.1018	0.1726	
393005185	393006010	825	0.2242	0.0133	0.7455	
393550558	393550840	282	0.9078	0.0035	0.0106	
393849466	393849700	234	0.9103	0.0171	0.0128	
393857195	393858294	1099	0.5341	0.1847	0.1656	
393873160	393873544	384	0.5833	0.0833	0.2813	
393888550	393888861	311	0.6334	0.2797	0.0	
393916975	393919029	2054	0.0	1.0	0.0	
393942612	393942928	316	0.8734	0.0348	0.0095	
394144091	394144368	277	0.7112	0.0433	0.0578	
394489875	394490265	390	0.7692	0.0256	0.1615	
394729423	394729714	291	0.732	0.0687	0.0481	
396078449	396078657	208	0.8558	0.0	0.0865	
396085364	396086173	809	0.3881	0.11	0.4623	
396507019	396507201	182	0.9286	0.0	0.011	
396511856	396512486	630	0.5651	0.0111	0.3698	
397241973	397246267	4294	0.1118	0.0501	0.8265	
397264638	397265556	918	0.524	0.098	0.2636	
397281260	397282770	1510	0.1775	0.2417	0.5404	
397335943	397337671	1728	0.3553	0.1667	0.423	
397382011	397383727	1716	0.4942	0.1375	0.2506	
397564475	397565857	1382	0.3806	0.0825	0.4957	
397570116	397571666	1550	0.4374	0.3258	0.1581	
397607002	397609162	2160	0.1097	0.2699	0.6102	
397798514	397799033	519	0.3314	0.474	0.1426	
398019948	398020287	339	0.6047	0.1416	0.0413	
398026056	398026281	225	0.8089	0.0178	0.0178	
398062358	398062602	244	0.6475	0.2377	0.0451	
398070118	398070835	717	0.2455	0.2524	0.4575	
398184836	398185533	697	0.8049	0.0646	0.0273	
398192189	398194366	2177	0.2774	0.1249	0.5567	
398334676	398335470	794	0.3149	0.4559	0.1675	
399287043	399287484	441	0.8027	0.0272	0.0454	
399458695	399459857	1162	0.2281	0.0198	0.7367	
399496458	399496676	218	0.9404	0.0	0.0092	
399637889	399639956	2067	0.2361	0.1717	0.5631	
399730563	399730843	280	0.8929	0.0	0.0286	
399751487	399751743	256	0.9023	0.0	0.0039	
400078588	400082940	4352	0.1245	0.1487	0.6969	
400110384	400111195	811	0.3268	0.0173	0.5931	
400723999	400724984	985	0.0	1.0	0.0	
400759240	400759420	180	0.9944	0.0	0.0	
400764466	400764666	200	1.0	0.0	0.0	
400766274	400766976	702	0.9231	0.0	0.0285	
401008380	401009348	968	0.2727	0.3233	0.3048	
401089679	401089975	296	0.8311	0.098	0.0101	
401157388	401158717	1329	0.5305	0.0527	0.3612	
401202421	401202608	187	0.877	0.0481	0.0107	
401249813	401250007	194	0.8814	0.0515	0.0	
401567542	401568559	1017	0.3324	0.0659	0.5398	
401645395	401645972	577	0.2322	0.1473	0.5806	
401646381	401647115	734	0.282	0.2793	0.3842	
401796420	401796789	369	0.7886	0.0786	0.0217	
401815868	401816047	179	0.9888	0.0	0.0	
401848315	401848886	571	0.4623	0.3643	0.0403	
401887505	401887652	147	0.9456	0.0	0.0	
401917163	401917442	279	0.8674	0.0072	0.0251	
401924058	401924402	344	0.7297	0.061	0.1279	
402309700	402310676	976	0.8268	0.0277	0.0799	
402589063	402590043	980	0.5041	0.2071	0.2122	
402695273	402695759	486	0.7181	0.0267	0.1708	
402699073	402699619	546	0.5147	0.1502	0.2729	
402711351	402711592	241	0.8631	0.0332	0.0207	
402785134	402786628	1494	0.7544	0.0442	0.0884	
402792003	402792194	191	0.9267	0.0366	0.0	
402801960	402802232	272	0.886	0.0147	0.0404	
402850698	402851080	382	0.9293	0.0052	0.0079	
402895870	402897611	1741	0.5014	0.0781	0.3728	
403229995	403230820	825	0.857	0.0073	0.0388	
403265575	403265950	375	0.9813	0.0	0.008	
403365735	403365911	176	0.858	0.0284	0.0227	
403413695	403414673	978	0.3558	0.2076	0.2986	
403699939	403702064	2125	0.3835	0.1285	0.4188	
403816093	403818232	2139	0.108	0.1992	0.6802	
403874801	403876722	1921	0.2926	0.0323	0.6205	
403885355	403885853	498	0.5321	0.0984	0.2791	
403918075	403920024	1949	0.373	0.1596	0.4125	
403943629	403943811	182	0.8022	0.1044	0.0	
403962902	403963959	1057	0.2687	0.1306	0.5809	
404116984	404117181	197	0.8985	0.0305	0.0051	
404234584	404234935	351	0.8803	0.0028	0.037	
404401498	404402843	1345	0.8201	0.0647	0.0439	
404469618	404469952	334	0.0	1.0	0.0	
404494401	404496577	2176	0.324	0.1089	0.5032	
404663799	404664496	697	0.5323	0.0516	0.3199	
405042531	405042955	424	0.5967	0.1344	0.1698	
405622904	405623123	219	0.9224	0.0137	0.0	
407358429	407358998	569	0.0	1.0	0.0	
407381905	407382346	441	0.0	1.0	0.0	
408064333	408066350	2017	0.415	0.1403	0.3852	
409887507	409888597	1090	0.3936	0.155	0.4	
410120903	410121245	342	0.655	0.2573	0.0468	
410977560	410979308	1748	0.2334	0.083	0.6579	
411207401	411208340	939	0.3568	0.0117	0.5804	
412546675	412547060	385	0.0	1.0	0.0	
412552892	412553181	289	0.0	1.0	0.0	
413100193	413100397	204	0.9755	0.0	0.0	
413100887	413101321	434	0.8594	0.0184	0.0346	
413122459	413123664	1205	0.2041	0.2697	0.4772	
413142398	413142654	256	0.8945	0.0	0.0195	
413243546	413244602	1056	0.6108	0.0464	0.2623	
413262361	413262909	548	0.8011	0.0931	0.0201	
413280001	413281339	1338	0.3782	0.0553	0.5015	
413708762	413709228	466	0.2639	0.3712	0.3133	
414137450	414137876	426	0.2559	0.6854	0.0094	
414465059	414465238	179	0.8715	0.0	0.0615	
414877179	414877482	303	0.0	1.0	0.0	
415234427	415235214	787	0.6747	0.0775	0.0826	
415607250	415607421	171	0.8889	0.0234	0.0117	
415629009	415631347	2338	0.4765	0.0774	0.3713	
415632489	415634059	1570	0.451	0.2637	0.2217	
415651889	415652458	569	0.6731	0.1107	0.0492	
415677674	415677860	186	0.8978	0.0538	0.0054	
415680847	415681063	216	0.9444	0.0	0.0	
415774121	415774633	512	0.8242	0.0098	0.043	
416342913	416343917	1004	0.761	0.0219	0.1235	
418287282	418288968	1686	0.8541	0.0362	0.0285	
418392620	418393131	511	0.18	0.1742	0.5871	
418410831	418411068	237	0.9409	0.0	0.0084	
418411241	418411447	206	0.9515	0.0	0.0049	
418534560	418534915	355	0.907	0.0085	0.0197	
418651847	418653013	1166	0.2822	0.1063	0.5798	
418980630	418981009	379	0.5567	0.3113	0.066	
419370909	419371470	561	0.0	1.0	0.0	
419585763	419586169	406	0.4975	0.0394	0.436	
419594870	419595127	257	0.965	0.0117	0.0	
419651284	419651575	291	0.8316	0.0241	0.0619	
419676250	419676661	411	0.9197	0.0122	0.0097	
419692272	419692462	190	0.9053	0.0053	0.0	
419693853	419694265	412	0.585	0.3155	0.0316	
419748249	419749284	1035	0.3536	0.1536	0.4696	
420572692	420573080	388	0.5335	0.3892	0.0077	
420829693	420831663	1970	0.2838	0.0482	0.6345	
421152782	421154178	1396	0.2772	0.1289	0.5494	
422013866	422014433	567	0.4145	0.1093	0.4056	
422032160	422032505	345	0.8638	0.0058	0.0377	
422038258	422040005	1747	0.1208	0.0498	0.7997	
422672099	422677154	5055	0.1149	0.1616	0.7136	
423222314	423222570	256	0.8047	0.043	0.0117	
424096685	424096878	193	0.9223	0.0	0.0311	
424103020	424103882	862	0.587	0.1311	0.2042	
424153781	424157016	3235	0.123	0.1873	0.6674	
424274446	424274641	195	0.8923	0.0359	0.0	
424317918	424318362	444	0.8874	0.027	0.0135	
424496312	424497739	1427	0.328	0.0042	0.6503	
424524955	424525115	160	0.8688	0.0625	0.0	
424536982	424537824	842	0.5689	0.1829	0.1449	
424709329	424709534	205	0.5415	0.4098	0.0	
424711006	424711366	360	0.8194	0.0278	0.0389	
425353146	425354678	1532	0.7774	0.0601	0.0738	
425450011	425450402	391	0.8363	0.0486	0.0128	
425769400	425769556	156	0.9551	0.0	0.0	
426884476	426884673	197	0.6853	0.2081	0.0051	
426913231	426913625	394	0.7919	0.0635	0.0228	
426960254	426961158	904	0.7522	0.0144	0.1361	
427103473	427103664	191	0.8168	0.0052	0.0628	
427870144	427870512	368	0.913	0.0109	0.0	
428410132	428410475	343	0.0554	0.6589	0.2682	
428420217	428420900	683	0.3777	0.0908	0.4919	
428441075	428441292	217	0.9078	0.0	0.0138	
428891005	428891990	985	0.1594	0.2041	0.6234	
429061491	429062021	530	0.6472	0.1642	0.0906	
429069414	429069722	308	0.0	1.0	0.0	
429097073	429097318	245	0.8449	0.1143	0.0122	
429102506	429102739	233	0.0	1.0	0.0	
429420650	429421526	876	0.3322	0.5365	0.0491	
429849731	429849949	218	0.844	0.0	0.0642	
429976766	429977030	264	0.8258	0.0152	0.0303	
430259417	430259896	479	0.3528	0.1837	0.3674	
430339007	430339149	142	0.8873	0.0493	0.0	
430340479	430341561	1082	0.6035	0.1183	0.2052	
430528041	430529917	1876	0.2436	0.291	0.3721	
431006730	431009320	2590	0.2324	0.022	0.7116	
431311304	431311916	612	0.0	1.0	0.0	
431372060	431372723	663	0.4736	0.1342	0.3454	
431445177	431445496	319	0.8088	0.0972	0.0251	
431990126	431990560	434	0.0	1.0	0.0	
432105330	432106976	1646	0.2418	0.1416	0.5863	
432153087	432156583	3496	0.1379	0.0912	0.7526	
432528672	432529218	546	0.6136	0.0916	0.1832	
432543342	432543535	193	0.8653	0.0	0.0518	
432702410	432705959	3549	0.1054	0.0459	0.8326	
433643415	433644024	609	0.7373	0.1117	0.0476	
435854110	435854369	259	0.0965	0.8919	0.0	
435866307	435873747	7440	0.0458	0.1263	0.8208	
436006140	436007183	1043	0.3097	0.1572	0.4851	
437477280	437478050	770	0.2221	0.0026	0.7494	
437509668	437511118	1450	0.4497	0.1717	0.3069	
437539566	437540536	970	0.732	0.0619	0.1124	
437540882	437543340	2458	0.4902	0.2234	0.2026	
437766642	437767472	830	0.8229	0.0229	0.0494	
437784412	437784738	326	0.9141	0.0	0.0	
437813188	437813608	420	0.8524	0.0476	0.019	
437922556	437922900	344	0.6541	0.0262	0.1512	
438017203	438018168	965	0.3658	0.2311	0.3316	
438113023	438113880	857	0.4959	0.0747	0.3559	
438178000	438178415	415	0.8651	0.0096	0.0554	
438566661	438569217	2556	0.0962	0.0599	0.8298	
438664232	438665669	1437	0.4899	0.1239	0.3354	
438671197	438671422	225	0.9511	0.0	0.0133	
438705988	438707429	1441	0.5482	0.0125	0.3727	
438734491	438736207	1716	0.5629	0.0758	0.2756	
438794568	438794960	392	0.8342	0.0051	0.0255	
438874856	438875401	545	0.3706	0.0147	0.5853	
438880125	438880946	821	0.6017	0.0938	0.2594	
438899784	438901558	1774	0.3472	0.1048	0.4865	
439190737	439192488	1751	0.1868	0.0908	0.699	
439871887	439872055	168	0.8988	0.006	0.0595	
440092187	440093306	1119	0.4656	0.0938	0.3753	
441280984	441281250	266	0.5827	0.3233	0.0038	
441341155	441341317	162	0.0	1.0	0.0	
441421560	441421772	212	0.8821	0.0	0.0425	
442199230	442199372	142	0.8521	0.1197	0.0	
442211019	442212039	1020	0.4775	0.1333	0.2706	
442297618	442298119	501	0.7645	0.0878	0.016	
442299758	442301112	1354	0.8058	0.0399	0.0812	
442606363	442606548	185	0.9027	0.0	0.0432	
442813119	442813646	527	0.4915	0.0076	0.4649	
442971001	442971851	850	0.3776	0.0824	0.4847	
442996366	442998944	2578	0.3476	0.1082	0.4942	
443510729	443512062	1333	0.1748	0.0188	0.7824	
443723835	443724026	191	0.8325	0.0471	0.0681	
444100139	444101011	872	0.6193	0.0917	0.1778	
444104345	444104739	394	0.5102	0.0711	0.368	
444156752	444158446	1694	0.2904	0.1375	0.546	
444630502	444631036	534	0.6292	0.0843	0.2603	
444778871	444779451	580	0.2707	0.7034	0.0034	
444871491	444877456	5965	0.0588	0.0572	0.8706	
445024919	445025228	309	0.8835	0.0129	0.0097	
445161575	445161973	398	0.7915	0.0477	0.0226	
445631398	445631760	362	0.7044	0.2017	0.0497	
446222402	446222589	187	0.984	0.0	0.0	
446342784	446343921	1137	0.4169	0.2867	0.2383	
446379019	446379328	309	0.6181	0.0421	0.246	
446901524	446903055	1531	0.339	0.066	0.5545	
447791960	447792216	256	0.9297	0.0078	0.0039	
447925426	447926557	1131	0.4907	0.1291	0.2688	
448011536	448011734	198	0.8788	0.0051	0.0152	
448532637	448532901	264	0.9205	0.0	0.0114	
449079699	449080244	545	0.7064	0.022	0.1248	
449172514	449173085	571	0.7373	0.1349	0.063	
449198561	449199924	1363	0.427	0.047	0.4769	
450029452	450029714	262	0.8282	0.0	0.0725	
450161083	450161360	277	0.8592	0.0433	0.0036	
450190722	450190923	201	0.8856	0.0149	0.0199	
450271584	450272558	974	0.5945	0.1376	0.2033	
450274069	450274525	456	0.0	1.0	0.0	
450611382	450611979	597	0.4506	0.0251	0.4992	
450702052	450702213	161	0.8634	0.0062	0.0683	
450789205	450789467	262	0.0	1.0	0.0	
450795890	450796207	317	0.7571	0.1735	0.0032	
451186868	451188670	1802	0.3496	0.2153	0.3757	
451210771	451211162	391	0.509	0.0512	0.3606	
451211949	451212620	671	0.4158	0.0373	0.4903	
451216654	451217068	414	0.8406	0.0097	0.0507	
451222951	451224454	1503	0.2728	0.2435	0.4611	
451328129	451328567	438	0.8151	0.0228	0.0411	
452764997	452765713	716	0.3003	0.0098	0.6592	
452958197	452958533	336	0.7798	0.0565	0.1042	
453581917	453584305	2388	0.085	0.0695	0.825	
453660051	453660574	523	0.4933	0.2027	0.2333	
453809751	453810647	896	0.4085	0.2589	0.2634	
453812471	453813456	985	0.4975	0.1614	0.2518	
453824766	453824931	165	0.8424	0.0545	0.0424	
453876134	453877754	1620	0.2654	0.271	0.4265	
454030263	454032072	1809	0.1968	0.2062	0.5384	
454369751	454373202	3451	0.2031	0.1701	0.5842	
454546514	454546905	391	0.0	1.0	0.0	
454701818	454706054	4236	0.0767	0.0203	0.8935	
454881742	454883122	1380	0.492	0.1261	0.2957	
455011055	455013042	1987	0.3266	0.1555	0.4877	
455091663	455098983	7320	0.0239	0.0891	0.8848	
455126925	455127166	241	0.8257	0.0664	0.0124	
455251981	455252417	436	0.8257	0.0436	0.0528	
456696194	456696573	379	0.6121	0.1003	0.1741	
457189145	457189627	482	0.4627	0.2448	0.2282	
457241491	457241902	411	0.8954	0.0316	0.0049	
457304233	457305090	857	0.6394	0.0595	0.2124	
458653082	458653477	395	0.9063	0.0177	0.0101	
459653572	459653869	297	0.4242	0.165	0.3502	
460284209	460284909	700	0.0	1.0	0.0	
460320458	460324194	3736	0.2171	0.1574	0.5945	
460324457	460325042	585	0.0	1.0	0.0	
460980428	460982070	1642	0.173	0.0134	0.7783	
461108278	461110046	1768	0.3428	0.0979	0.4989	
461119759	461121768	2009	0.5809	0.1224	0.214	
461143601	461144281	680	0.6074	0.0691	0.2029	
461953378	461955019	1641	0.0701	0.1322	0.7952	
461984250	461993729	9479	0.0254	0.0028	0.9678	
462052822	462055614	2792	0.1716	0.1988	0.611	
462260238	462263267	3029	0.4008	0.1571	0.3882	
462263479	462263657	178	0.7079	0.0899	0.0169	
462672610	462676553	3943	0.0385	0.0893	0.8669	
463023067	463023391	324	0.7377	0.0957	0.0679	
463342820	463343413	593	0.4637	0.1939	0.2563	
463546841	463547551	710	0.2451	0.3493	0.3718	
463664075	463664539	464	0.0	1.0	0.0	
463879536	463879941	405	0.6173	0.2272	0.0519	
464073367	464073513	146	0.8151	0.0548	0.0411	
464168515	464169359	844	0.4277	0.0427	0.4526	
464223623	464225343	1720	0.2744	0.1355	0.5477	
464230883	464232134	1251	0.3133	0.1023	0.5132	
464239522	464240199	677	0.3072	0.1802	0.4549	
464313976	464314155	179	0.0	1.0	0.0	
465023311	465023954	643	0.5054	0.4028	0.0062	
465551379	465551790	411	0.871	0.017	0.0389	
465559653	465560115	462	0.7121	0.0952	0.0714	
465620514	465621468	954	0.5314	0.196	0.1897	
465624220	465624616	396	0.6313	0.2879	0.0227	
465658810	465660108	1298	0.6179	0.0894	0.1757	
465679554	465680089	535	0.8187	0.028	0.0561	
466148141	466148943	802	0.5748	0.116	0.2244	
466194045	466195780	1735	0.0236	0.0934	0.8784	
466196166	466196705	539	0.3822	0.0891	0.475	
466211497	466211873	376	0.6303	0.1011	0.1569	
466218870	466219320	450	0.2511	0.0578	0.6533	
466313950	466314283	333	0.8168	0.036	0.0541	
466323437	466324186	749	0.1242	0.1949	0.6649	
466344449	466345272	823	0.7631	0.1009	0.068	
466431595	466432400	805	0.2832	0.2099	0.4696	
466434216	466435016	800	0.0975	0.1888	0.6887	
466549823	466550589	766	0.5339	0.2624	0.1371	
466629690	466630038	348	0.4023	0.1868	0.3851	
467117666	467117890	224	0.9464	0.0045	0.0045	
467344303	467345898	1595	0.2326	0.1091	0.6138	
467420551	467420715	164	0.9207	0.0	0.0122	
467447175	467447517	342	0.7632	0.1871	0.0029	
467616480	467617824	1344	0.1726	0.0484	0.7641	
467842745	467843059	314	0.5255	0.1306	0.2962	
467844858	467845935	1077	0.2052	0.1699	0.597	
467847514	467847825	311	0.8875	0.0	0.0289	
467898990	467900265	1275	0.2502	0.0463	0.6682	
467985727	467985955	228	0.8333	0.0132	0.0439	
467996747	467996922	175	0.0	1.0	0.0	
468017351	468018003	652	0.0	1.0	0.0	
468026190	468026434	244	0.709	0.041	0.1598	
468184997	468185514	517	0.559	0.354	0.0213	
468218776	468222222	3446	0.3015	0.1489	0.5029	
468298099	468298963	864	0.3229	0.1748	0.4595	
468329545	468329721	176	0.7727	0.017	0.1136	
468335117	468338760	3643	0.1702	0.1136	0.695	
468347343	468348150	807	0.3507	0.2057	0.3767	
468413429	468414006	577	0.9289	0.0035	0.0364	
468433737	468434120	383	0.8198	0.0313	0.1123	
468456491	468457869	1378	0.8403	0.0218	0.0573	
468476407	468476768	361	0.6066	0.1219	0.2244	
468684862	468685029	167	0.9461	0.024	0.0	
468697453	468698174	721	0.7448	0.0583	0.0791	
468939544	468941289	1745	0.3232	0.1072	0.5358	
469048617	469049671	1054	0.2922	0.5626	0.0778	
469050395	469050599	204	0.8382	0.0	0.0931	
469058406	469060995	2589	0.3395	0.246	0.3496	
469069063	469071081	2018	0.1611	0.109	0.719	
469238189	469238901	712	0.0	1.0	0.0	
469418318	469419274	956	0.0356	0.2835	0.6705	
469555833	469556012	179	0.8771	0.0	0.0782	
469557827	469558671	844	0.5841	0.0142	0.3543	
469615718	469619482	3764	0.0778	0.0215	0.8935	
469664608	469664771	163	0.9632	0.0	0.0061	
469667217	469667464	247	0.8745	0.0	0.0324	
469676784	469677410	626	0.7556	0.0847	0.0399	
469746030	469746395	365	0.8712	0.0027	0.0301	
469768790	469769819	1029	0.69	0.0457	0.173	
470703999	470706247	2248	0.121	0.0271	0.8456	
470747955	470748205	250	0.796	0.016	0.072	
470783303	470783716	413	0.4213	0.477	0.0218	
470898185	470898495	310	0.2516	0.6806	0.0194	
470969815	470970166	351	0.2194	0.4302	0.2792	
471263333	471263495	162	0.4938	0.3642	0.0	
471862741	471865210	2469	0.1308	0.1349	0.7294	
471961812	471963028	1216	0.597	0.3067	0.0115	
472099485	472099742	257	0.9222	0.0195	0.0	
472119035	472121017	1982	0.8073	0.0954	0.0474	
472135068	472135462	394	0.0	1.0	0.0	
472139544	472139970	426	0.7371	0.1127	0.0892	
472207733	472207933	200	0.76	0.1	0.02	
472212158	472213035	877	0.3044	0.1505	0.5165	
472285661	472286423	762	0.4409	0.3478	0.1378	
472294969	472295707	738	0.2547	0.1382	0.5989	
472443241	472443978	737	0.6323	0.2958	0.0217	
472491454	472492365	911	0.2492	0.2711	0.4325	
472604209	472605127	918	0.0	1.0	0.0	
472611500	472611878	378	0.0	1.0	0.0	
472630561	472632349	1788	0.0	1.0	0.0	
472700241	472700489	248	0.0	1.0	0.0	
472828209	472828699	490	0.4327	0.0918	0.4082	
472832502	472833101	599	0.3372	0.3957	0.222	
472849180	472851292	2112	0.1103	0.0497	0.8229	
473565204	473565538	334	0.6198	0.3054	0.003	
473647744	473651896	4152	0.034	0.1125	0.8444	
473683062	473684014	952	0.2553	0.2679	0.4559	
473700671	473701821	1150	0.4235	0.2713	0.2513	
474081616	474081952	336	0.5417	0.1935	0.1458	
474087171	474088875	1704	0.2289	0.1438	0.5622	
474089131	474089944	813	0.3395	0.3321	0.246	
474130523	474131096	573	0.8604	0.0279	0.0297	
474208724	474209236	512	0.5723	0.0332	0.2813	
474215892	474217087	1195	0.4502	0.1188	0.3523	
474217830	474218323	493	0.4158	0.5071	0.0041	
474222766	474223341	575	0.567	0.0835	0.2591	
474265289	474265555	266	0.9135	0.0038	0.0226	
474340254	474340416	162	0.963	0.0	0.0	
474388371	474388999	628	0.7436	0.043	0.1115	
474391079	474391451	372	0.5296	0.0941	0.3172	
474526553	474526838	285	0.807	0.0491	0.0772	
474527590	474528535	945	0.6582	0.1132	0.1153	
474528876	474529459	583	0.0189	0.331	0.6192	
474679945	474680237	292	0.8356	0.0137	0.0377	
474703463	474703743	280	0.5071	0.4179	0.0	
474970742	474972433	1691	0.359	0.1496	0.45	
475078254	475079298	1044	0.2989	0.0623	0.5824	
475199314	475199460	146	0.0	1.0	0.0	
475791300	475792769	1469	0.3091	0.209	0.4295	
475877016	475877909	893	0.3673	0.1456	0.4278	
475879254	475880962	1708	0.1639	0.1481	0.6651	
475947825	475948192	367	0.7738	0.1362	0.0218	
475972259	475973039	780	0.7026	0.0551	0.1359	
476007617	476010099	2482	0.2824	0.1446	0.5359	
476018976	476019217	241	0.6722	0.1452	0.1286	
476086127	476086300	173	0.1965	0.6821	0.0694	
476094672	476103644	8972	0.0126	0.0801	0.9048	
476160017	476161943	1926	0.1604	0.4502	0.3609	
476168879	476169577	698	0.5774	0.1633	0.1691	
476171470	476171857	387	0.3514	0.5659	0.0181	
476195589	476196072	483	0.4948	0.2174	0.2174	
476207952	476211970	4018	0.1304	0.1264	0.722	
476644752	476644889	137	0.0	1.0	0.0	
476914928	476915202	274	0.0	1.0	0.0	
477167813	477168033	220	0.8682	0.0364	0.0045	
477746569	477747522	953	0.3211	0.1563	0.4984	
477823826	477824274	448	0.6942	0.1049	0.0714	
477898145	477903505	5360	0.0461	0.0983	0.8448	
477932722	477933002	280	0.0	1.0	0.0	
477993940	477994329	389	0.455	0.1491	0.2931	
478196128	478198504	2376	0.2151	0.0783	0.6785	
478391122	478399878	8756	0.0391	0.0352	0.9181	
478438570	478439822	1252	0.1022	0.5463	0.3275	
478561563	478561841	278	0.8417	0.0396	0.0252	
478968310	478968455	145	0.8	0.069	0.0414	
479053069	479053253	184	0.0	1.0	0.0	
479169095	479170267	1172	0.1229	0.4138	0.4428	
479469270	479471126	1856	0.3718	0.0226	0.5318	
479535148	479535501	353	0.5382	0.017	0.3541	
479579435	479580777	1342	0.1915	0.4516	0.3174	
479597158	479597718	560	0.4161	0.3482	0.15	
479707051	479707858	807	0.4052	0.4089	0.083	
479856737	479858304	1567	0.0	1.0	0.0	
479962204	479962666	462	0.8398	0.013	0.013	
480167993	480168341	348	0.7644	0.023	0.0402	
480478768	480480053	1285	0.2171	0.4148	0.3463	
480634882	480636113	1231	0.5199	0.078	0.2762	
482009180	482010097	917	0.386	0.2083	0.3337	
482027699	482027920	221	0.1991	0.6968	0.0452	
482491547	482492644	1097	0.4558	0.0565	0.4038	
482503141	482504598	1457	0.2855	0.092	0.5738	
482574419	482574659	240	0.8375	0.0417	0.0167	
482576184	482577055	871	0.2434	0.1515	0.5786	
482612218	482612435	217	0.0	1.0	0.0	
482709892	482714731	4839	0.1701	0.1089	0.6877	
482805621	482807514	1893	0.3328	0.1463	0.4374	
483682779	483683178	399	0.0	1.0	0.0	
483895947	483897003	1056	0.0	1.0	0.0	
483984422	483984727	305	0.0	1.0	0.0	
484216582	484216852	270	0.0	1.0	0.0	
484655470	484655709	239	0.0	1.0	0.0	
485240182	485241294	1112	0.0	1.0	0.0	
485318958	485319692	734	0.0	1.0	0.0	
485396695	485398169	1474	0.0	1.0	0.0	
485436722	485437141	419	0.0	1.0	0.0	
485719116	485719267	151	0.0	1.0	0.0	
485725216	485725609	393	0.0	1.0	0.0	
485802099	485802241	142	0.0	1.0	0.0	
485802861	485803236	375	0.0	1.0	0.0	
486013226	486014086	860	0.0	1.0	0.0	
486356882	486357187	305	0.0	1.0	0.0	
486524453	486524627	174	0.0	1.0	0.0	
486550620	486551617	997	0.0	1.0	0.0	
487398570	487399060	490	0.0	1.0	0.0	
487436309	487436615	306	0.0	1.0	0.0	
487799696	487800413	717	0.0	1.0	0.0	
489207738	489208152	414	0.0	1.0	0.0	
489209349	489210957	1608	0.0	1.0	0.0	
489555730	489555908	178	0.0	1.0	0.0	
489804606	489805269	663	0.0	1.0	0.0	
490197220	490197833	613	0.0	1.0	0.0	
490253806	490254780	974	0.0	1.0	0.0	
490605246	490605799	553	0.0	1.0	0.0	
490726940	490727729	789	0.0	1.0	0.0	
490738214	490738910	696	0.0	1.0	0.0	
491029213	491029697	484	0.0	1.0	0.0	
