start	end	length	IDY	missing1	missing2	
264307131	264307359	228	0.0	0.0	1.0	
177336309	177336886	577	0.0	0.0	1.0	
119928807	119929439	632	0.2801	0.3275	0.3481	
206771153	206771358	205	0.8488	0.0537	0.0098	
264790057	264790359	302	0.5397	0.0894	0.2086	
264799249	264799463	214	0.771	0.0981	0.0093	
92147899	92148147	248	0.8347	0.0282	0.0645	
149139762	149140111	349	0.7077	0.1003	0.043	
178105473	178105957	484	0.3492	0.2789	0.2996	
178221784	178222004	220	0.5818	0.0182	0.3091	
292054925	292055299	374	0.7005	0.2005	0.0294	
92528404	92528663	259	0.0	0.0	1.0	
92695298	92695607	309	0.5955	0.0	0.2848	
471281872	471282104	232	0.4181	0.0388	0.5172	
92816956	92817629	673	0.6003	0.2155	0.0743	
1206257	1206426	169	0.8935	0.0	0.0	
179341582	179341760	178	0.736	0.0337	0.0	
1506281	1507603	1322	0.3101	0.1513	0.4667	
93376557	93376877	320	0.7406	0.0375	0.05	
180147574	180147795	221	0.8326	0.0543	0.0045	
1730493	1730859	366	0.0	0.0	1.0	
1734281	1734808	527	0.0	0.0	1.0	
293060088	293061442	1354	0.0	0.0	1.0	
1873742	1874694	952	0.2374	0.4643	0.2742	
93553327	93553630	303	0.8185	0.0132	0.0462	
1936974	1937347	373	0.5201	0.3244	0.0724	
93814118	93814530	412	0.3422	0.4199	0.1772	
2141652	2142137	485	0.1773	0.0309	0.7423	
122472223	122472461	238	0.8277	0.0126	0.084	
94271336	94271788	452	0.5531	0.0531	0.2788	
2445208	2445454	246	0.7724	0.0244	0.1057	
94585119	94585350	231	0.5887	0.1082	0.2468	
94654085	94654446	361	0.0	0.0	1.0	
94724922	94725635	713	0.3464	0.5568	0.0729	
294353577	294354741	1164	0.4837	0.2285	0.1976	
2914154	2914360	206	0.8107	0.0194	0.034	
3403291	3403509	218	0.7339	0.0321	0.1009	
182542268	182542617	349	0.1862	0.0	0.7593	
294825195	294825766	571	0.2767	0.2504	0.4361	
152287414	152287563	149	0.0	0.0	1.0	
267886922	267887466	544	0.0	0.0	1.0	
95698728	95699434	706	0.1119	0.7535	0.1204	
95760450	95760721	271	0.8413	0.0	0.0295	
4241747	4242569	822	0.2153	0.5888	0.1703	
183433373	183433533	160	0.3438	0.0	0.4875	
4372763	4373509	746	0.2574	0.2507	0.4035	
95926368	95926638	270	0.8407	0.0444	0.0	
96011810	96012068	258	0.7326	0.0736	0.1589	
4581483	4581922	439	0.4738	0.3166	0.1367	
4610629	4610928	299	0.7324	0.0502	0.1204	
96424726	96425158	432	0.4329	0.2037	0.2546	
268718415	268719432	1017	0.0	0.0	1.0	
96569223	96569416	193	0.9171	0.0	0.0052	
184278299	184279534	1235	0.1053	0.0194	0.8437	
5126921	5127289	368	0.8886	0.0082	0.0353	
268809285	268809645	360	0.5278	0.0056	0.4139	
360335805	360336020	215	0.8698	0.0326	0.0186	
5258833	5259672	839	0.621	0.0036	0.2825	
96824246	96824646	400	0.8275	0.045	0.035	
32147373	32147605	232	0.8017	0.0431	0.0172	
269044320	269045659	1339	0.0	0.0	1.0	
269209448	269209731	283	0.0	0.0	1.0	
97175915	97176240	325	0.0	0.0	1.0	
97235908	97236155	247	0.7814	0.1174	0.004	
97272905	97273192	287	0.0976	0.0	0.7631	
97492882	97493115	233	0.9142	0.0	0.0558	
97595105	97595346	241	0.805	0.0	0.029	
6366727	6367223	496	0.0	0.0	1.0	
361243522	361243729	207	0.8937	0.0628	0.0	
269885088	269885850	762	0.0	0.0	1.0	
6911140	6911514	374	0.4652	0.361	0.0749	
97900921	97901376	455	0.0	0.0	1.0	
444942233	444942478	245	0.902	0.0327	0.0041	
7109620	7110257	637	0.6232	0.1711	0.1005	
34038960	34039798	838	0.0	0.0	1.0	
98396856	98397211	355	0.8535	0.0254	0.0338	
98449694	98450244	550	0.1473	0.2673	0.5836	
270647710	270647861	151	0.6159	0.0	0.2914	
270659665	270659907	242	0.905	0.0372	0.0083	
7728254	7728552	298	0.4295	0.0	0.4966	
445516389	445516762	373	0.6434	0.1582	0.0402	
98539723	98540031	308	0.0	0.0	1.0	
270770122	270770623	501	0.7884	0.014	0.1138	
270928872	270929864	992	0.5333	0.2167	0.1815	
99007698	99008103	405	0.0	0.0	1.0	
446339778	446339952	174	0.0	0.0	1.0	
446550061	446550888	827	0.0677	0.283	0.6288	
99702753	99702901	148	0.9392	0.0	0.0135	
99719713	99719939	226	0.9159	0.0044	0.0088	
8573705	8574269	564	0.1791	0.6401	0.1294	
128954793	128955136	343	0.0	0.0	1.0	
129065500	129066155	655	0.542	0.0611	0.3145	
187402245	187402459	214	0.5514	0.0	0.3364	
35579306	35579690	384	0.6172	0.0391	0.2526	
272179784	272180301	517	0.5397	0.1257	0.2882	
100186137	100186313	176	0.7273	0.0398	0.1534	
187695917	187696250	333	0.3303	0.036	0.5706	
187697871	187698360	489	0.0	0.0	1.0	
272423593	272424054	461	0.9262	0.0065	0.0022	
9293412	9294416	1004	0.3586	0.3147	0.255	
187860091	187860572	481	0.896	0.027	0.0062	
100571271	100571482	211	0.8626	0.0474	0.0095	
9397908	9398217	309	0.0	0.0	1.0	
9463380	9463517	137	0.3358	0.0	0.6496	
9495005	9495318	313	0.0	0.0	1.0	
9828687	9829158	471	0.9193	0.0	0.0	
273402876	273403408	532	0.3233	0.1109	0.515	
273414957	273415464	507	0.6016	0.0769	0.2012	
364885000	364885642	642	0.3489	0.5	0.1044	
70264644	70264973	329	0.5593	0.0061	0.3465	
10620095	10620318	223	0.8161	0.0	0.148	
274058114	274058303	189	0.8677	0.0265	0.0265	
365731842	365732474	632	0.4937	0.1835	0.2389	
189433440	189433735	295	0.7525	0.0373	0.0949	
449144319	449144548	229	0.9039	0.0	0.0218	
449153890	449154463	573	0.0	0.0	1.0	
39139910	39140284	374	0.0	0.0	1.0	
274645622	274646014	392	0.4031	0.1429	0.2143	
11115859	11116412	553	0.3436	0.0253	0.6004	
274770902	274771439	537	0.0	0.0	1.0	
11196091	11196789	698	0.3295	0.3883	0.2407	
449544354	449545693	1339	0.3226	0.3928	0.23	
449570149	449570550	401	0.6185	0.2269	0.1097	
189877170	189877636	466	0.3283	0.2425	0.3476	
449831745	449832213	468	0.3996	0.4444	0.0983	
11514202	11514349	147	0.8912	0.0	0.0136	
11619872	11620272	400	0.68	0.255	0.0175	
132361237	132361410	173	0.948	0.0	0.0	
275283106	275283611	505	0.0	0.0	1.0	
275292811	275293499	688	0.0	0.0	1.0	
275642765	275643227	462	0.868	0.0	0.0216	
217003761	217003989	228	0.6579	0.0439	0.2149	
12385308	12385680	372	0.7366	0.0591	0.0995	
12431137	12431318	181	0.6851	0.0552	0.2376	
12446431	12446690	259	0.8764	0.0039	0.0425	
12577725	12578495	770	0.7636	0.0312	0.1143	
103869842	103870502	660	0.1909	0.3303	0.4364	
276825637	276826110	473	0.6047	0.148	0.1797	
276886581	276887041	460	0.0	0.0	1.0	
12877628	12877803	175	0.9314	0.0114	0.0171	
12903232	12903744	512	0.75	0.0254	0.0879	
12953502	12953693	191	0.9476	0.0052	0.0	
12974919	12975121	202	0.9307	0.005	0.0149	
133998978	133999324	346	0.2225	0.4682	0.2775	
13128791	13129391	600	0.0	0.0	1.0	
368979715	368980415	700	0.3029	0.3914	0.2671	
13276419	13276608	189	0.0	0.0	1.0	
451553007	451553242	235	0.8298	0.0	0.0766	
134890743	134890990	247	0.3927	0.0405	0.5061	
369423030	369423223	193	0.0	0.0	1.0	
104977882	104978923	1041	0.3987	0.3372	0.2181	
14058905	14059069	164	0.7988	0.0671	0.1037	
369564865	369565100	235	0.9149	0.0298	0.0128	
369603743	369603972	229	0.9651	0.0087	0.0	
14308796	14308966	170	0.0	0.0	1.0	
105290675	105290901	226	0.9558	0.0	0.0	
370006292	370007935	1643	0.0	0.0	1.0	
278522593	278524302	1709	0.0	0.0	1.0	
105418217	105419388	1171	0.4603	0.2519	0.1913	
135737987	135738582	595	0.5092	0.3479	0.042	
370179694	370180036	342	0.4854	0.114	0.3509	
193581774	193581968	194	0.9278	0.0309	0.0	
105629377	105629572	195	0.9128	0.0	0.0103	
105704191	105704586	395	0.4582	0.0329	0.3671	
15053415	15053782	367	0.4959	0.0	0.455	
15054201	15055080	879	0.3948	0.3709	0.1559	
15339110	15339325	215	0.0	0.0	1.0	
15367805	15368078	273	0.5458	0.0696	0.326	
15369149	15369433	284	0.0	0.0	1.0	
194514488	194514977	489	0.0	0.0	1.0	
15785206	15785365	159	0.9811	0.0	0.0	
371617114	371618483	1369	0.8356	0.0131	0.0307	
195091400	195091684	284	0.7183	0.0739	0.007	
16061108	16061664	556	0.5144	0.3147	0.1097	
16100578	16100994	416	0.8558	0.012	0.0553	
16123123	16123473	350	0.5743	0.0771	0.2429	
16132637	16132820	183	0.9836	0.0	0.0	
16373202	16373717	515	0.6311	0.0777	0.1495	
107325774	107326750	976	0.0574	0.3576	0.5686	
107327691	107327958	267	0.0	0.0	1.0	
107390056	107390259	203	0.8424	0.0296	0.0246	
107435612	107435877	265	0.7623	0.0755	0.0264	
372998063	372998963	900	0.3033	0.5667	0.0856	
16762605	16763298	693	0.3709	0.5051	0.0981	
107726191	107726424	233	0.0	0.0	1.0	
166534821	166535524	703	0.0	0.0	1.0	
455105053	455105265	212	0.7736	0.1274	0.0613	
280931797	280932087	290	0.0862	0.0	0.9138	
196282945	196283183	238	0.8445	0.0126	0.0	
17316311	17316561	250	0.0	0.0	1.0	
281398006	281398573	567	0.0	0.0	1.0	
373869262	373869891	629	0.4817	0.1955	0.213	
17688477	17689529	1052	0.1854	0.7471	0.0561	
282275842	282276301	459	0.7669	0.0305	0.0218	
139343180	139343592	412	0.8617	0.0413	0.0097	
109708890	109709061	171	0.7661	0.0058	0.1754	
282369437	282369625	188	0.0	0.0	1.0	
109746528	109746710	182	0.8571	0.0549	0.0165	
374899959	374900672	713	0.2258	0.3941	0.3352	
109850298	109850761	463	0.0	0.0	1.0	
110186777	110187027	250	0.364	0.004	0.584	
110203448	110204016	568	0.0	0.0	1.0	
312104517	312105189	672	0.4211	0.0104	0.5045	
110316538	110316932	394	0.3198	0.0076	0.6193	
110457032	110458043	1011	0.0811	0.2384	0.6677	
282969424	282969694	270	0.9333	0.0	0.0037	
18876178	18876634	456	0.0	0.0	1.0	
283461589	283461838	249	0.8996	0.008	0.0201	
19470901	19471100	199	0.9497	0.0	0.0	
376626054	376626460	406	0.5025	0.1429	0.3251	
49314642	49314994	352	0.0	0.0	1.0	
141176914	141177378	464	0.0	0.0	1.0	
20043321	20043487	166	0.0	0.0	1.0	
111917057	111917329	272	0.5404	0.2059	0.1912	
283996326	283996621	295	0.1966	0.1288	0.6407	
20169253	20169706	453	0.0684	0.0861	0.8366	
226515417	226515635	218	0.0	0.0	1.0	
112013778	112014978	1200	0.2458	0.3425	0.3625	
112045551	112046031	480	0.6667	0.15	0.0875	
112115021	112115202	181	0.895	0.011	0.0276	
112140812	112140983	171	0.9298	0.0	0.0	
20480320	20480518	198	0.0	0.0	1.0	
199907222	199908019	797	0.2196	0.0301	0.6964	
20604995	20611261	6266	0.0413	0.9454	0.0088	
49924024	49924746	722	0.3698	0.2341	0.3657	
50030236	50030508	272	0.0	0.0	1.0	
460042677	460043134	457	0.5449	0.1422	0.2582	
20691936	20692247	311	0.9389	0.0	0.0193	
284322887	284323266	379	0.0	0.0	1.0	
200175634	200175881	247	0.4939	0.0	0.4656	
284546514	284546858	344	0.7238	0.0785	0.0465	
21069297	21069558	261	0.9157	0.0192	0.0115	
378520300	378520823	523	0.0	0.0	1.0	
112962854	112963053	199	0.0	0.0	1.0	
460643957	460644453	496	0.0	0.0	1.0	
258463950	258464251	301	0.8704	0.0299	0.0066	
21387150	21387842	692	0.5405	0.1835	0.185	
21451402	21451684	282	0.8652	0.0071	0.0213	
113394121	113394439	318	0.0	0.0	1.0	
201252153	201252548	395	0.0	0.0	1.0	
113604472	113604712	240	0.8208	0.0125	0.05	
21918726	21919123	397	0.5743	0.0957	0.2544	
285722353	285722560	207	0.6473	0.0483	0.2705	
461571876	461572234	358	0.6704	0.0	0.2402	
461576399	461577618	1219	0.2158	0.6374	0.1107	
286204463	286204728	265	0.7698	0.034	0.1509	
201820163	201820668	505	0.0	0.0	1.0	
114217739	114218495	756	0.1693	0.1402	0.664	
143826004	143826440	436	0.2569	0.0206	0.6812	
201915044	201915382	338	0.858	0.0325	0.0089	
286470211	286470748	537	0.2179	0.0037	0.7561	
144125325	144125812	487	0.0	0.0	1.0	
144223313	144223699	386	0.0	0.0	1.0	
114525525	114525721	196	0.8622	0.0102	0.0306	
229556639	229557309	670	0.5269	0.1478	0.2328	
286769091	286769309	218	0.7844	0.0413	0.0459	
462747552	462748094	542	0.3616	0.2251	0.3469	
286926168	286926882	714	0.5672	0.042	0.2941	
22913511	22913711	200	0.07	0.0	0.915	
22947694	22947998	304	0.7401	0.0099	0.1579	
22956273	22956449	176	0.9545	0.0	0.0	
114782523	114783968	1445	0.2699	0.337	0.3356	
287000304	287001072	768	0.0	0.0	1.0	
317437097	317437274	177	0.8927	0.0056	0.0	
317522739	317524121	1382	0.0	0.0	1.0	
287299608	287299778	170	0.8941	0.0118	0.0059	
23438284	23438850	566	0.5989	0.1254	0.1979	
23524589	23524855	266	0.0	0.0	1.0	
23530437	23530710	273	0.9377	0.0073	0.0037	
115537634	115537885	251	0.7291	0.0239	0.1116	
55084905	55085147	242	0.0	0.0	1.0	
381576947	381577116	169	0.8994	0.0237	0.0	
145961167	145961444	277	0.7617	0.0217	0.1841	
203728852	203729239	387	0.447	0.0749	0.4186	
288465024	288465241	217	0.8618	0.0415	0.0184	
24380492	24381243	751	0.6272	0.1877	0.1132	
204053761	204053926	165	0.8485	0.0121	0.0121	
204091704	204092100	396	0.0	0.0	1.0	
24464175	24464547	372	0.7097	0.0618	0.1747	
466157687	466158232	545	0.2147	0.5248	0.2239	
24531447	24531707	260	0.0	0.0	1.0	
24563394	24563664	270	0.0	0.0	1.0	
116697016	116697622	606	0.4488	0.0561	0.4191	
116825109	116825314	205	0.6537	0.2439	0.0488	
466569751	466570018	267	0.0	0.0	1.0	
24772051	24772319	268	0.8881	0.0	0.0373	
24821051	24821355	304	0.8092	0.0592	0.023	
24823932	24824313	381	0.2572	0.0	0.7008	
204686212	204686562	350	0.3286	0.1743	0.4314	
24919143	24919558	415	0.7398	0.0867	0.0795	
233114077	233114300	223	0.0	0.0	1.0	
117388677	117388896	219	0.8721	0.0274	0.0183	
25238507	25238781	274	0.8212	0.0073	0.073	
117620599	117621003	404	0.0	0.0	1.0	
467780562	467780831	269	0.0	0.0	1.0	
57591929	57592580	651	0.4547	0.232	0.275	
290110961	290111523	562	0.331	0.0694	0.5747	
290120041	290121404	1363	0.5547	0.1629	0.1541	
118107952	118108465	513	0.0312	0.0	0.9649	
468236007	468236355	348	0.2098	0.1609	0.6092	
25641994	25642242	248	0.8387	0.0403	0.0121	
58049941	58050099	158	0.8291	0.0253	0.1076	
118489989	118490299	310	0.3194	0.0	0.6516	
118600482	118601790	1308	0.0	0.0	1.0	
118632829	118633260	431	0.0	0.0	1.0	
383718953	383719240	287	0.453	0.3345	0.1672	
118848210	118848590	380	0.0	0.0	1.0	
26078590	26078923	333	0.3634	0.0991	0.4805	
290756301	290757098	797	0.2898	0.2171	0.4078	
290968185	290968642	457	0.8512	0.0175	0.0263	
206293654	206294038	384	0.9453	0.0234	0.0	
26356582	26357750	1168	0.1781	0.3656	0.4255	
26361022	26361293	271	0.0	0.0	1.0	
324108027	324108795	768	0.5182	0.0039	0.2786	
235246869	235247330	461	0.4772	0.0911	0.3796	
119859906	119860530	624	0.0	0.0	1.0	
119875887	119876103	216	0.0	0.0	1.0	
119883370	119883672	302	0.0	0.0	1.0	
119889921	119890277	356	0.0	0.0	1.0	
119935049	119936336	1287	0.2036	0.007	0.7615	
120007939	120008343	404	0.0	0.0	1.0	
410259132	410259347	215	0.0	0.0	1.0	
264744938	264745573	635	0.6331	0.074	0.1858	
470207221	470207484	263	0.8973	0.0114	0.0266	
235727069	235727311	242	0.7893	0.0	0.0661	
120292804	120293438	634	0.0741	0.0174	0.8533	
27271157	27272545	1388	0.0937	0.6045	0.2846	
207245583	207246218	635	0.0488	0.1402	0.8031	
292244279	292244701	422	0.0	0.0	1.0	
120676031	120676257	226	0.8319	0.0221	0.0354	
355642023	355642256	233	0.8283	0.0	0.1245	
60372127	60372416	289	0.8374	0.0242	0.0277	
292381107	292382304	1197	0.0	0.0	1.0	
27750922	27751352	430	0.0	0.0	1.0	
120968357	120968606	249	0.257	0.0281	0.6707	
28067124	28067726	602	0.0	0.0	1.0	
293565722	293565934	212	0.7453	0.0142	0.1274	
209325053	209325347	294	0.3912	0.3741	0.1769	
386910139	386910454	315	0.8127	0.0063	0.054	
209603540	209604091	551	0.9383	0.0018	0.0073	
413114973	413115228	255	0.6941	0.098	0.0588	
122900455	122900706	251	0.8884	0.0	0.004	
328126546	328126976	430	0.0	0.0	1.0	
29474895	29475183	288	0.9236	0.0069	0.0139	
29496203	29496416	213	0.8685	0.0235	0.0376	
29498754	29498950	196	0.8673	0.0612	0.0	
294417767	294418027	260	0.8769	0.0346	0.0192	
29663834	29664029	195	0.8462	0.0051	0.0154	
123477529	123477904	375	0.16	0.0107	0.8187	
29985116	29985323	207	0.942	0.0097	0.0	
123923881	123924188	307	0.3062	0.0228	0.5928	
442344892	442345932	1040	0.2692	0.2702	0.3971	
414624791	414625525	734	0.0	0.0	1.0	
476135745	476136182	437	0.0	0.0	1.0	
124892499	124892926	427	0.0	0.0	1.0	
64949091	64949391	300	0.8333	0.0067	0.03	
211272188	211272555	367	0.3188	0.03	0.6267	
477743744	477744543	799	0.3054	0.4831	0.1802	
32010887	32011683	796	0.1709	0.2148	0.5955	
65599377	65599538	161	0.7702	0.0373	0.0807	
32233925	32235025	1100	0.0	0.0	1.0	
154068381	154068767	386	0.7642	0.0207	0.101	
297143974	297144979	1005	0.4418	0.4378	0.0567	
32842081	32842616	535	0.286	0.5776	0.1103	
390121770	390122498	728	0.5893	0.0124	0.3448	
33127410	33127906	496	0.1411	0.5444	0.3024	
33207700	33209297	1597	0.1891	0.1309	0.6487	
33422369	33422771	402	0.0	0.0	1.0	
33460467	33460903	436	0.0	0.0	1.0	
297663622	297663943	321	0.6854	0.0156	0.1277	
127602243	127603076	833	0.3325	0.2893	0.3133	
212795996	212796619	623	0.626	0.1075	0.1814	
390671615	390672147	532	0.3026	0.6823	0.0038	
212855154	212856294	1140	0.0377	0.1386	0.8132	
34039981	34040551	570	0.0	0.0	1.0	
480555982	480556154	172	0.8837	0.0291	0.0	
361905367	361905607	240	0.9167	0.0	0.0125	
334403419	334404389	970	0.2381	0.6227	0.0887	
34410047	34410228	181	0.9227	0.011	0.0	
298391719	298391932	213	0.77	0.0235	0.0423	
128502267	128502768	501	0.0	0.0	1.0	
67793879	67794130	251	0.5896	0.0	0.3625	
34892160	34892433	273	0.5458	0.2271	0.1429	
128565110	128565519	409	0.0	0.0	1.0	
35004567	35005197	630	0.0794	0.7444	0.154	
35042146	35042684	538	0.4926	0.0502	0.3717	
128716434	128716633	199	0.7337	0.0302	0.1658	
35224456	35224818	362	0.6657	0.0304	0.1906	
243520288	243520805	517	0.2805	0.0097	0.6847	
128942981	128943368	387	0.2636	0.0	0.7235	
35415304	35415523	219	0.8174	0.0228	0.0365	
335279172	335279815	643	0.5148	0.0078	0.4184	
35460404	35461600	1196	0.2107	0.413	0.301	
391815243	391815609	366	0.8907	0.0492	0.0	
35708630	35709141	511	0.0215	0.6341	0.3366	
68575254	68575514	260	0.6308	0.0308	0.2385	
335471974	335473720	1746	0.0767	0.3958	0.5109	
391940365	391941155	790	0.4456	0.5127	0.0076	
129317012	129317240	228	0.0	0.0	1.0	
129342642	129343024	382	0.0	0.0	1.0	
335607404	335607899	495	0.2364	0.0	0.7414	
272417404	272417569	165	0.9636	0.0	0.0	
272420227	272421196	969	0.4675	0.3065	0.1342	
244316579	244317043	464	0.0	0.0	1.0	
335844743	335846330	1587	0.0	0.0	1.0	
36772999	36773260	261	0.0	0.0	1.0	
214989568	214990411	843	0.4579	0.223	0.223	
392632034	392632351	317	0.0	0.0	1.0	
130158462	130159390	928	0.0	0.0	1.0	
37260645	37261398	753	0.3134	0.3479	0.2776	
130492637	130493003	366	0.0027	0.2131	0.7842	
37447913	37448213	300	0.0	0.0	1.0	
70015328	70016116	788	0.0	0.0	1.0	
70044282	70044823	541	0.403	0.3198	0.2348	
130963254	130963638	384	0.5573	0.0052	0.3594	
158674556	158674998	442	0.7692	0.0181	0.1109	
38623248	38623851	603	0.4561	0.0299	0.4245	
38631274	38631443	169	0.8343	0.0	0.0	
38642317	38643201	884	0.1369	0.802	0.0124	
159090796	159091012	216	0.0	0.0	1.0	
38790176	38790509	333	0.8108	0.006	0.0751	
38979500	38979963	463	0.0	0.0	1.0	
132118267	132118573	306	0.4869	0.0229	0.3889	
216594482	216595409	927	0.0	0.0	1.0	
303365819	303366136	317	0.0	0.0	1.0	
159882195	159882416	221	0.9457	0.0362	0.0	
71642592	71642800	208	0.6106	0.0	0.3317	
216767079	216767422	343	0.0	0.0	1.0	
132485705	132485942	237	0.8017	0.0127	0.0633	
303635573	303636087	514	0.7549	0.0623	0.0058	
132542064	132542878	814	0.4312	0.4324	0.0811	
40073134	40073400	266	0.1917	0.391	0.3835	
160310245	160310605	360	0.0	0.0	1.0	
132659232	132659578	346	0.5607	0.1329	0.2803	
132714442	132714651	209	0.8852	0.0096	0.0335	
132782766	132783294	528	0.5114	0.1402	0.2614	
217076556	217076704	148	0.6419	0.027	0.1959	
217291755	217292065	310	0.0	0.0	1.0	
133126066	133126917	851	0.2221	0.6663	0.0893	
133152922	133153111	189	0.9259	0.0	0.0053	
133162327	133162541	214	0.5701	0.1028	0.2103	
73414824	73415182	358	0.6816	0.0251	0.1983	
396205330	396205582	252	0.9008	0.0198	0.004	
41479970	41480399	429	0.0	0.0	1.0	
41737188	41737682	494	0.3947	0.5202	0.0344	
134230749	134231427	678	0.2684	0.5708	0.1313	
134339569	134339869	300	0.5833	0.09	0.1667	
42442668	42443172	504	0.3968	0.0317	0.5179	
75110584	75111596	1012	0.5336	0.0553	0.3291	
249494907	249498591	3684	0.0296	0.9501	0.0136	
42585216	42585503	287	0.0	0.0	1.0	
42931123	42931688	565	0.6389	0.0319	0.2265	
424478516	424478864	348	0.8132	0.0201	0.0632	
75402240	75402588	348	0.7701	0.0489	0.0489	
135217841	135218099	258	0.8721	0.0155	0.0	
135218287	135219134	847	0.5466	0.2633	0.0945	
43006350	43007245	895	0.4804	0.2112	0.1955	
163452832	163453031	199	0.0	0.0	1.0	
163457833	163458784	951	0.3859	0.3785	0.1451	
306776040	306776704	664	0.3117	0.5813	0.0678	
306790902	306791373	471	0.6476	0.1677	0.087	
397837781	397839958	2177	0.0184	0.9242	0.0537	
306807036	306807351	315	0.746	0.0603	0.0952	
219891886	219892332	446	0.2399	0.3161	0.3744	
43530445	43530894	449	0.5323	0.2561	0.1359	
219898484	219901380	2896	0.0	0.0	1.0	
425377573	425377802	229	0.0	0.0	1.0	
398233480	398233793	313	0.1885	0.2332	0.5591	
77177575	77177865	290	0.9034	0.0103	0.0	
164473219	164474057	838	0.1253	0.247	0.6026	
307669400	307671155	1755	0.0	0.0	1.0	
307694966	307695321	355	0.0	0.0	1.0	
136492992	136493274	282	0.8865	0.0213	0.0	
44518703	44519357	654	0.4893	0.3287	0.1437	
308314565	308314897	332	0.0	0.0	1.0	
136680408	136680988	580	0.0	0.0	1.0	
44904676	44904825	149	0.0	0.0	1.0	
165657718	165657952	234	0.5513	0.1624	0.1923	
308778889	308779122	233	0.8069	0.0601	0.0	
165748410	165748746	336	0.7857	0.119	0.0238	
222138623	222139129	506	0.1344	0.0	0.8557	
222303485	222303883	398	0.7161	0.093	0.0829	
343965670	343965907	237	0.8776	0.0	0.0084	
222415740	222416481	741	0.2767	0.143	0.5506	
222427290	222427533	243	0.6379	0.0206	0.0535	
222467468	222467744	276	0.8623	0.029	0.0254	
45567136	45567284	148	0.0	0.0	1.0	
309723813	309724028	215	0.8605	0.0047	0.0279	
344200489	344200800	311	0.836	0.0418	0.0257	
427279852	427280021	169	0.9231	0.0	0.0	
138187607	138187909	302	0.8245	0.0166	0.0265	
400092603	400093101	498	0.5823	0.0884	0.2209	
138318458	138318947	489	0.0	0.0	1.0	
166800208	166800478	270	0.0	0.0	1.0	
46039660	46040065	405	0.6864	0.0198	0.2222	
310271094	310271382	288	0.6458	0.1146	0.0625	
138587529	138588484	955	0.1529	0.0	0.8314	
57721796	57722353	557	0.0	0.0	1.0	
138652108	138652452	344	0.6221	0.0407	0.3081	
46259111	46259301	190	0.7211	0.0895	0.0105	
138850488	138851424	936	0.2938	0.3515	0.2927	
138864605	138865156	551	0.4773	0.0472	0.4156	
167322623	167323031	408	0.6373	0.0025	0.2647	
310763460	310763762	302	0.6391	0.1192	0.1821	
223809852	223810054	202	0.9455	0.0	0.005	
139009895	139010344	449	0.6704	0.0089	0.2561	
254495575	254495894	319	0.884	0.0188	0.0063	
46661988	46662641	653	0.0	0.0	1.0	
46672827	46674333	1506	0.0	0.0	1.0	
401088703	401088931	228	0.886	0.0439	0.0088	
345435221	345435723	502	0.4861	0.1056	0.3386	
139135255	139135540	285	0.0	0.0	1.0	
139170027	139170429	402	0.0	0.0	1.0	
46915649	46916035	386	0.0	0.0	1.0	
255159450	255159722	272	0.0	0.0	1.0	
401540908	401541224	316	0.0	0.0	1.0	
139514022	139514388	366	0.653	0.0	0.2459	
255385979	255386019	40	0.35	0.0	0.375	
139548678	139548968	290	0.6966	0.0552	0.1	
139579080	139579355	275	0.5273	0.0727	0.28	
139588756	139589157	401	0.5636	0.1421	0.2319	
139642721	139643055	334	0.3263	0.5539	0.0509	
140100262	140100451	189	0.4444	0.0	0.5132	
140307258	140309098	1840	0.0995	0.8511	0.0391	
312622727	312623255	528	0.2405	0.0	0.6951	
225756422	225758783	2361	0.3664	0.0758	0.496	
225756848	225757191	343	0.4869	0.0029	0.481	
225780822	225781574	752	0.0332	0.0027	0.9588	
49257965	49258283	318	0.0	0.0	1.0	
140872453	140872641	188	0.0	0.0	1.0	
402898775	402898948	173	0.948	0.0231	0.0	
49385007	49385528	521	0.0	0.0	1.0	
141088393	141089062	669	0.6726	0.0404	0.1839	
49475363	49476323	960	0.2531	0.0021	0.7292	
459498190	459498870	680	0.5853	0.2103	0.1176	
257456974	257457348	374	0.885	0.0294	0.0134	
226595586	226595819	233	0.6867	0.103	0.0215	
84852241	84852855	614	0.3648	0.0733	0.4886	
227127564	227127908	344	0.5843	0.0756	0.2733	
227300723	227301417	694	0.3991	0.5058	0.0562	
50598795	50600241	1446	0.1584	0.7988	0.0131	
200373221	200373385	164	0.9329	0.0	0.0	
314305112	314305630	518	0.0	0.0	1.0	
51165555	51166285	730	0.3301	0.3658	0.2219	
474283974	474284307	333	0.8619	0.0511	0.003	
404150609	404151318	709	0.1961	0.0127	0.7362	
404236275	404236729	454	0.7511	0.0308	0.0441	
63082689	63082972	283	0.894	0.0353	0.0	
171469206	171469715	509	0.391	0.2417	0.2574	
228384600	228384899	299	0.0	0.0	1.0	
51485252	51485429	177	0.8644	0.0056	0.0	
51744238	51745211	973	0.2672	0.371	0.3155	
52289420	52289771	351	0.0	0.0	1.0	
228938101	228938303	202	0.8168	0.0198	0.0495	
86469507	86469912	405	0.1235	0.2444	0.6025	
143965112	143965341	229	0.7424	0.0611	0.0742	
143999965	144000644	679	0.405	0.2253	0.324	
172466464	172467739	1275	0.0	0.0	1.0	
144029288	144030979	1691	0.2478	0.4045	0.3229	
229199588	229200204	616	0.2175	0.1364	0.5844	
172690496	172690810	314	0.8121	0.0382	0.0318	
144193969	144194572	603	0.0	0.0	1.0	
229543912	229545096	1184	0.1309	0.647	0.1892	
172792060	172792576	516	0.405	0.3585	0.1783	
172806206	172806446	240	0.0	0.0	1.0	
462584101	462584313	212	0.7453	0.0991	0.0	
144677053	144678055	1002	0.1966	0.509	0.2285	
230112013	230112284	271	0.8339	0.0148	0.0627	
173195106	173195439	333	0.8138	0.045	0.027	
331008123	331008623	500	0.438	0.308	0.198	
145329532	145330132	600	0.0	0.0	1.0	
145330616	145330840	224	0.0	0.0	1.0	
317762304	317762881	577	0.5165	0.0156	0.3761	
260971268	260971820	552	0.3931	0.1957	0.3152	
145385227	145385414	187	0.9144	0.0053	0.0	
145386022	145386470	448	0.0	0.0	1.0	
55265953	55266153	200	0.83	0.06	0.01	
435356126	435356669	543	0.0	0.0	1.0	
145735137	145735604	467	0.4047	0.3276	0.197	
261174156	261174510	354	0.2825	0.2514	0.4407	
261205049	261205845	796	0.4636	0.4397	0.0364	
145936974	145937545	571	0.275	0.1226	0.5534	
55516416	55516594	178	0.6292	0.0	0.2921	
146147294	146147700	406	0.165	0.0	0.798	
318931937	318932147	210	0.3429	0.1048	0.4905	
55693281	55693416	135	0.0	0.0	1.0	
55734645	55735127	482	0.722	0.0062	0.2344	
231867512	231867724	212	0.0	0.0	1.0	
204085990	204086483	493	0.0	0.0	1.0	
146511363	146511519	156	0.9744	0.0	0.0	
262102301	262102891	590	0.3068	0.1203	0.5525	
56389394	56389650	256	0.875	0.0625	0.0	
232750066	232750514	448	0.5915	0.1004	0.2054	
436479316	436480152	836	0.488	0.2727	0.1447	
175419440	175419826	386	0.5285	0.1632	0.2409	
175499567	175500231	664	0.3916	0.5572	0.009	
233185550	233185848	298	0.5168	0.0235	0.3826	
320821196	320821719	523	0.5239	0.2524	0.1377	
57203815	57203995	180	0.9389	0.0	0.0	
233274389	233274842	453	0.0	0.0	1.0	
147215014	147215211	197	0.9492	0.0	0.0102	
321427792	321428046	254	0.7205	0.0079	0.2008	
233508300	233509016	716	0.2849	0.5447	0.1131	
90140002	90140602	600	0.115	0.235	0.6317	
57529132	57529551	419	0.0	0.0	1.0	
57542486	57542649	163	0.0	0.0	1.0	
57584752	57584921	169	0.9645	0.0	0.0	
90597382	90597611	229	0.9039	0.0	0.0349	
57741561	57741892	331	0.6495	0.1118	0.1057	
90688403	90688686	283	0.4629	0.0035	0.4841	
68295100	68295470	370	0.1486	0.0919	0.7432	
234373303	234373856	553	0.736	0.0416	0.1248	
68560130	68560298	168	0.9286	0.0357	0.006	
148297407	148297872	465	0.3849	0.4989	0.0753	
234491634	234491823	189	0.8783	0.0	0.1164	
68581549	68581950	401	0.0	0.0	1.0	
91106315	91106670	355	0.0	0.0	1.0	
206023329	206023799	470	0.7617	0.034	0.0872	
234658000	234658278	278	0.8525	0.0504	0.0144	
323342794	323343037	243	0.9053	0.0	0.0247	
323911853	323912362	509	0.3104	0.0079	0.6562	
58935798	58936161	363	0.6887	0.1322	0.0937	
324210440	324210777	337	0.822	0.0326	0.0653	
91589439	91589643	204	0.9069	0.0	0.0245	
235082265	235082580	315	0.4667	0.054	0.4286	
409988521	409988764	243	0.0	0.0	1.0	
59345920	59346147	227	0.8899	0.0264	0.0352	
469925152	469925509	357	0.4006	0.0588	0.4482	
470008401	470008630	229	0.7249	0.0	0.1179	
324565376	324565737	361	0.5928	0.2271	0.0277	
188264811	188265030	219	0.726	0.0	0.2055	
355027844	355028296	452	0.6239	0.2677	0.0553	
324680199	324681378	1179	0.3995	0.2765	0.257	
324699148	324699439	291	0.0	0.0	1.0	
149138539	149138723	184	0.9348	0.0	0.0	
149153228	149153607	379	0.5937	0.0211	0.2665	
301389561	301389861	300	0.0	0.0	1.0	
149226023	149226434	411	0.0	0.0	1.0	
70016449	70017363	914	0.0	0.0	1.0	
158439541	158440162	621	0.2335	0.6667	0.0757	
149377527	149377771	244	0.7664	0.0041	0.1311	
236000949	236001411	462	0.0	0.0	1.0	
60079303	60079699	396	0.0	0.0	1.0	
236010206	236010895	689	0.0	0.0	1.0	
236013462	236013793	331	0.0	0.0	1.0	
236050695	236051259	564	0.0	0.0	1.0	
60251102	60251364	262	0.855	0.0038	0.0573	
60483490	60483954	464	0.0	0.0	1.0	
326131891	326132316	425	0.3435	0.0376	0.5882	
236756534	236756873	339	0.2832	0.0	0.6755	
61703487	61703734	247	0.0	0.0	1.0	
411958512	411960143	1631	0.0178	0.7302	0.2471	
412273163	412273436	273	0.2198	0.0842	0.6703	
238240180	238241239	1059	0.3957	0.1341	0.3947	
151160980	151161317	337	0.8665	0.0593	0.003	
151243168	151243353	185	0.0	0.0	1.0	
412606836	412607039	203	0.867	0.0099	0.0197	
238421828	238422163	335	0.8836	0.0149	0.0119	
181065877	181066720	843	0.1376	0.1993	0.6358	
386880523	386881024	501	0.3453	0.3094	0.2914	
62458635	62458777	142	0.6901	0.007	0.2254	
327729765	327730016	251	0.0	0.0	1.0	
440889187	440890038	851	0.4266	0.2162	0.2139	
94445192	94445752	560	0.5232	0.0607	0.3232	
294168833	294169312	479	0.1169	0.0647	0.7787	
181824222	181824490	268	0.0	0.0	1.0	
413490557	413490852	295	0.9153	0.0	0.0305	
151828057	151828309	252	0.8651	0.0	0.0357	
94968858	94969057	199	0.0	0.0	1.0	
151865275	151865434	159	0.8805	0.0	0.0189	
63801687	63802074	387	0.3127	0.0026	0.6227	
152212864	152213102	238	0.6092	0.1134	0.1807	
475138334	475138619	285	0.7614	0.0	0.1193	
152262508	152262781	273	0.0	0.0	1.0	
414315139	414315386	247	0.915	0.0162	0.0121	
210661028	210661309	281	0.0	0.0	1.0	
64378648	64378820	172	0.8837	0.0233	0.0291	
64527820	64528209	389	0.7249	0.0823	0.0797	
330201160	330201558	398	0.402	0.3191	0.1935	
330386585	330386818	233	0.8841	0.0043	0.0644	
152875456	152875817	361	0.7175	0.0055	0.1717	
268532127	268532476	349	0.8768	0.0201	0.0458	
359941467	359941801	334	0.8683	0.003	0.0269	
153559925	153560157	232	0.8707	0.0345	0.0086	
241024683	241025212	529	0.31	0.6163	0.0473	
153807796	153808030	234	0.9359	0.0	0.0085	
331840086	331841416	1330	0.4301	0.2977	0.1774	
65702407	65703053	646	0.3854	0.1486	0.387	
185213056	185213641	585	0.3436	0.1641	0.453	
65960859	65961474	615	0.5089	0.0748	0.2927	
333513324	333513843	519	0.0	0.0	1.0	
213206122	213206530	408	0.0319	0.0	0.9632	
67593491	67594179	688	0.5552	0.1424	0.2297	
67611515	67611722	207	0.8116	0.1159	0.0048	
482012273	482013073	800	0.6663	0.065	0.1338	
243313751	243314179	428	0.0	0.0	1.0	
310280348	310280546	198	0.5657	0.0	0.3838	
271616622	271616812	190	0.8842	0.0	0.0263	
253815315	253815571	256	0.793	0.0547	0.0273	
80122820	80123340	520	0.15	0.0	0.8135	
68166706	68167111	405	0.5654	0.2247	0.1284	
418798955	418799344	389	0.7301	0.036	0.0746	
335239948	335240306	358	0.824	0.0642	0.0056	
156739984	156740187	203	0.8473	0.0	0.0049	
271907158	271907387	229	0.9389	0.0	0.0	
68334583	68334870	287	0.5749	0.1254	0.1429	
68582584	68583317	733	0.0	0.0	1.0	
243910235	243910528	293	0.0	0.0	1.0	
335575200	335575717	517	0.5184	0.1992	0.1741	
68700710	68700880	170	0.9059	0.0059	0.0176	
68719836	68720139	303	0.7096	0.0297	0.165	
187675760	187676421	661	0.0	0.0	1.0	
68801533	68802336	803	0.0	0.0	1.0	
68803846	68804070	224	0.0	0.0	1.0	
244206461	244206636	175	0.7829	0.0	0.1086	
335694091	335694778	687	0.655	0.0844	0.1397	
300195388	300195664	276	0.8116	0.0145	0.0543	
244343628	244344082	454	0.7863	0.0154	0.1035	
244345817	244346000	183	0.0	0.0	1.0	
364023899	364024130	231	0.6061	0.0	0.3333	
419586747	419587057	310	0.6516	0.0258	0.1129	
364337165	364337360	195	0.9692	0.0	0.0051	
157939847	157940036	189	0.8095	0.0106	0.0476	
392632702	392634287	1585	0.1243	0.6038	0.2637	
215380666	215380928	262	0.687	0.0115	0.2176	
448354654	448354972	318	0.173	0.2484	0.544	
70074164	70074896	732	0.6243	0.0669	0.1421	
70257381	70257753	372	0.5269	0.086	0.3253	
70406339	70406558	219	0.8082	0.0365	0.0228	
430977987	430978504	517	0.5629	0.0445	0.3443	
159132292	159133497	1205	0.332	0.0133	0.6025	
449074867	449075375	508	0.0	0.0	1.0	
421169469	421169706	237	0.9325	0.0042	0.0	
159368528	159368897	369	0.7859	0.0461	0.0515	
449314246	449314848	602	0.3106	0.3588	0.289	
274773171	274773516	345	0.0	0.0	1.0	
159559108	159559345	237	0.3376	0.1603	0.4515	
247310568	247310825	257	0.0	0.0	1.0	
247333861	247334795	934	0.2623	0.4176	0.2837	
71636298	71636813	515	0.5417	0.1961	0.1243	
394712355	394713478	1123	0.3544	0.3624	0.195	
247382277	247382752	475	0.2505	0.2316	0.4821	
159976694	159977539	845	0.5479	0.0225	0.3621	
71792076	71792443	367	0.0	0.0	1.0	
303728696	303728854	158	0.1329	0.0	0.8291	
432464315	432464626	311	0.0	0.0	1.0	
247955940	247956474	534	0.4213	0.2228	0.2828	
338966780	338967212	432	0.1782	0.0671	0.7199	
72488068	72488486	418	0.9067	0.0	0.0072	
395306882	395307237	355	0.2761	0.3042	0.3296	
160611817	160612260	443	0.5847	0.0045	0.3025	
367193184	367193439	255	0.7373	0.1569	0.0549	
160866010	160866968	958	0.0846	0.6649	0.238	
450851342	450851572	230	0.4652	0.2783	0.2348	
171347880	171348494	614	0.4577	0.2427	0.2313	
339930224	339930510	286	0.0	0.0	1.0	
73630699	73631246	547	0.0	0.0	1.0	
73946321	73946519	198	0.0	0.0	1.0	
74061177	74061540	363	0.0	0.0	1.0	
396551396	396551728	332	0.0	0.0	1.0	
74463331	74463940	609	0.0	0.0	1.0	
162482050	162482606	556	0.0	0.0	1.0	
74785424	74785655	231	0.0	0.0	1.0	
75068037	75068716	679	0.7187	0.0295	0.1281	
163453045	163453852	807	0.2354	0.0186	0.71	
250543097	250543989	892	0.3722	0.0628	0.5123	
260359617	260359782	165	0.8667	0.0	0.0121	
317310844	317311033	189	0.709	0.0	0.2011	
75771204	75771385	181	0.6133	0.0608	0.2818	
250700801	250701049	248	0.0	0.0	1.0	
370137803	370138378	575	0.5043	0.3739	0.0678	
76190613	76190890	277	0.0	0.0	1.0	
105556841	105557074	233	0.8755	0.0515	0.0129	
250879078	250879267	189	0.6984	0.0529	0.1534	
164114646	164114886	240	0.4958	0.0	0.4292	
76761773	76762047	274	0.0	0.0	1.0	
279400666	279401456	790	0.2405	0.6177	0.0975	
97667146	97668042	896	0.2768	0.6585	0.0335	
426246034	426246450	416	0.0	0.0	1.0	
78362895	78363333	438	0.7831	0.105	0.0525	
165750260	165751375	1115	0.2807	0.2117	0.4466	
165913613	165913883	270	0.7667	0.0074	0.1481	
252693148	252693875	727	0.4319	0.0193	0.4415	
252729028	252729899	871	0.2009	0.3203	0.4524	
466878756	466879029	273	0.0	0.0	1.0	
253016670	253017357	687	0.0	0.0	1.0	
466912534	466912767	233	0.8712	0.03	0.0258	
427293683	427293961	278	0.3597	0.1223	0.4676	
253340440	253340628	188	0.9415	0.0	0.0106	
166531816	166532609	793	0.0	0.0	1.0	
79580599	79580808	209	0.8947	0.0	0.0191	
79602266	79602937	671	0.2757	0.1386	0.5544	
166661629	166661923	294	0.8537	0.0136	0.0374	
90136056	90136465	409	0.8509	0.0391	0.0049	
79675674	79675983	309	0.6084	0.0032	0.3042	
79852480	79853040	560	0.325	0.4875	0.1679	
253646973	253647162	189	0.9471	0.0053	0.0	
373566568	373567124	556	0.0486	0.0468	0.8921	
468014219	468014492	273	0.4212	0.1062	0.3919	
196463553	196464005	452	0.0	0.0	1.0	
80141529	80142094	565	0.0	0.0	1.0	
373818761	373819108	347	0.1614	0.0	0.8127	
90723102	90723462	360	0.0	0.0	1.0	
118363978	118364292	314	0.793	0.035	0.0096	
176537104	176537527	423	0.1395	0.4019	0.4421	
437474684	437474893	209	0.8517	0.0383	0.0478	
223819087	223819253	166	0.3675	0.0	0.6084	
80592874	80593147	273	0.9048	0.0073	0.011	
345474321	345474863	542	0.7306	0.0166	0.155	
167867449	167868115	666	0.4204	0.2117	0.2898	
118850405	118850751	346	0.6127	0.0029	0.3064	
456848757	456849600	843	0.0	0.0	1.0	
197273045	197273603	558	0.6201	0.0591	0.1147	
176933222	176933548	326	0.8037	0.0031	0.0859	
255454805	255455015	210	0.9143	0.0333	0.0	
375168458	375168817	359	0.0	0.0	1.0	
81638816	81638992	176	0.0	0.0	1.0	
81691949	81692431	482	0.0	0.0	1.0	
324591149	324591339	190	0.9368	0.0105	0.0211	
81834419	81834744	325	0.0	0.0	1.0	
384840477	384840863	386	0.5725	0.0104	0.3109	
393028492	393029091	599	0.7513	0.0968	0.0401	
312158139	312161146	3007	0.0881	0.1433	0.7396	
458107703	458108127	424	0.0	0.0	1.0	
82360600	82361280	680	0.0	0.0	1.0	
82507308	82507656	348	0.0	0.0	1.0	
283232811	283233423	612	0.7614	0.0458	0.1144	
83118526	83119414	888	0.4144	0.2883	0.1914	
376441328	376441693	365	0.5205	0.3836	0.0137	
83359759	83360439	680	0.0	0.0	1.0	
83362446	83362723	277	0.0	0.0	1.0	
458973905	458974532	627	0.0	0.0	1.0	
402602228	402602384	156	0.9103	0.0	0.0192	
83520452	83520611	159	0.0	0.0	1.0	
256926675	256926869	194	0.9381	0.0	0.0206	
257046692	257047223	531	0.6836	0.0414	0.1751	
83748259	83749076	817	0.0	0.0	1.0	
83818458	83819686	1228	0.0065	0.0	0.9878	
83824268	83824512	244	0.3525	0.0	0.5943	
83831790	83832241	451	0.7295	0.0488	0.0576	
83833693	83834253	560	0.0	0.0	1.0	
257193071	257193586	515	0.5068	0.1359	0.3049	
313183659	313185084	1425	0.08	0.4484	0.4414	
283856202	283856883	681	0.464	0.2584	0.1909	
199395083	199395323	240	0.8	0.125	0.0292	
170061880	170062540	660	0.0	0.0	1.0	
431942551	431942797	246	0.0447	0.0	0.9472	
84585383	84588958	3575	0.1267	0.7642	0.0856	
84623326	84623496	170	0.7353	0.0353	0.1588	
266432303	266432708	405	0.3605	0.0222	0.5531	
459921974	459922240	266	0.688	0.0639	0.0301	
459993897	459994107	210	0.0	0.0	1.0	
432237261	432237678	417	0.7362	0.0408	0.1367	
432292213	432292886	673	0.214	0.6107	0.1337	
257924430	257924596	166	0.8675	0.0301	0.0	
173821491	173821750	259	0.6988	0.1776	0.0232	
422098534	422098961	427	0.4098	0.3981	0.1639	
257995422	257995991	569	0.5606	0.0246	0.3128	
181017496	181017962	466	0.4764	0.0622	0.3627	
258104712	258104950	238	0.7143	0.1345	0.105	
85193663	85194017	354	0.0	0.0	1.0	
170956663	170956821	158	0.6456	0.0127	0.2405	
432780818	432781154	336	0.3839	0.0	0.5655	
441029588	441029909	321	0.6106	0.0997	0.1869	
432910669	432910896	227	0.0	0.0	1.0	
422866711	422866880	169	0.7041	0.0059	0.2308	
460788132	460789198	1066	0.0	0.0	1.0	
238946165	238947013	848	0.059	0.125	0.8019	
171337368	171337806	438	0.6575	0.0091	0.1187	
171739446	171739639	193	0.8394	0.0	0.0725	
86074313	86075002	689	0.0	0.0	1.0	
259076821	259077267	446	0.5336	0.0717	0.3229	
86126392	86126624	232	0.75	0.1552	0.0172	
349443558	349443899	341	0.7801	0.0528	0.0381	
113794951	113795279	328	0.0	0.0	1.0	
172113338	172113834	496	0.6512	0.0605	0.1673	
143714516	143714805	289	0.5017	0.0865	0.3183	
259452932	259453262	330	0.4636	0.2485	0.2061	
172426285	172426575	290	0.5483	0.0207	0.3966	
114298943	114299177	234	0.8761	0.0043	0.0128	
434163065	434163501	436	0.5413	0.0803	0.344	
350162171	350162331	160	0.8938	0.025	0.0063	
172686646	172686949	303	0.6733	0.0396	0.2541	
86894678	86895240	562	0.7046	0.0961	0.0712	
462680834	462682200	1366	0.0315	0.4239	0.5366	
260062363	260062697	334	0.7844	0.0	0.1048	
260195415	260196318	903	0.2027	0.3455	0.4175	
260269496	260269654	158	0.0	0.0	1.0	
173351707	173352015	308	0.2727	0.0325	0.526	
173960172	173960635	463	0.3844	0.0562	0.5032	
464393663	464394277	614	0.4853	0.2068	0.1661	
88227110	88227467	357	0.5994	0.0084	0.2885	
351987109	351987346	237	0.0	0.0	1.0	
88493534	88493689	155	0.1613	0.0129	0.7613	
444525010	444525347	337	0.0	0.0	1.0	
352275539	352275994	455	0.4967	0.3099	0.1275	
174719341	174719644	303	0.8515	0.0	0.033	
381907527	381907734	207	0.7681	0.1546	0.0048	
479783447	479783650	203	0.6453	0.069	0.202	
88882829	88883153	324	0.0	0.0	1.0	
89124793	89125140	347	0.9164	0.0115	0.0403	
262298853	262299198	345	0.5304	0.0	0.2899	
382260805	382260946	141	0.8085	0.0071	0.0	
222315049	222315281	232	0.7284	0.0172	0.181	
175269796	175270281	485	0.6845	0.0454	0.1856	
89584847	89585308	461	0.5076	0.3905	0.0781	
353031800	353032052	252	0.0	0.0	1.0	
233119256	233119524	268	0.5746	0.0	0.3731	
344160836	344161192	356	0.8062	0.0421	0.0337	
233406434	233406672	238	0.2605	0.0084	0.6723	
90058449	90059124	675	0.2341	0.7274	0.0148	
90059724	90060360	636	0.2469	0.3522	0.3601	
362469455	362469738	283	0.6431	0.0954	0.1343	
90130983	90131318	335	0.6388	0.0567	0.2119	
175960040	175960524	484	0.4421	0.188	0.2975	
263443689	263444166	477	0.6981	0.0419	0.1342	
391636330	391636740	410	0.3902	0.2341	0.3	
281368812	281369058	246	0.0	0.0	1.0	
468214843	468215216	373	0.7024	0.1448	0.0563	
90700069	90700898	829	0.3245	0.5151	0.0953	
118313824	118314142	318	0.5189	0.3522	0.0755	
90838830	90839134	304	0.2993	0.3191	0.3553	
187374092	187374421	329	0.5897	0.0821	0.2036	
138860749	138861071	322	0.1429	0.3696	0.4503	
263810703	263811214	511	0.3699	0.0391	0.5538	
335441500	335442149	649	0.0924	0.0046	0.886	
91127764	91128046	282	0.9113	0.0	0.0213	
354336597	354337071	474	0.3059	0.0	0.6688	
447242979	447243155	176	0.0	0.0	1.0	
323201393	323202111	718	0.5571	0.2604	0.1323	
206220606	206221044	438	0.4909	0.0936	0.3242	
91441204	91441413	209	0.8038	0.0191	0.0	
139263452	139263676	224	0.8929	0.0089	0.0045	
323650544	323651131	587	0.0	0.0	1.0	
300652449	300653100	651	0.6329	0.1367	0.0876	
469673755	469674128	373	0.8901	0.0107	0.0751	
272826140	272826754	614	0.4642	0.4235	0.0489	
384370344	384370576	232	0.2198	0.0	0.7371	
336121706	336122596	890	0.4281	0.2584	0.2247	
469850712	469850870	158	0.6646	0.0506	0.1962	
419746700	419747085	385	0.7506	0.1221	0.0701	
282590280	282590456	176	0.6705	0.1136	0.1477	
392568261	392569904	1643	0.3725	0.5027	0.0809	
119890473	119891138	665	0.0	0.0	1.0	
410492860	410493183	323	0.0	0.0	1.0	
92398203	92398483	280	0.7821	0.0393	0.0893	
385074693	385074859	166	0.9759	0.0	0.0	
325151026	325151251	225	0.8444	0.0356	0.0578	
325218532	325218764	232	0.8621	0.0086	0.0302	
273964781	273964948	167	0.0	0.0	1.0	
355633008	355633587	579	0.0	0.0	1.0	
265392684	265393226	542	0.0	0.0	1.0	
236600084	236600250	166	0.8675	0.0	0.0482	
449065319	449065638	319	0.0	0.0	1.0	
313004077	313004495	418	0.7344	0.177	0.0167	
421113656	421114388	732	0.388	0.3251	0.2199	
326120868	326121179	311	0.6527	0.0	0.283	
472182726	472183059	333	0.8679	0.0	0.024	
265844786	265844989	203	0.8571	0.0049	0.069	
439773108	439773665	557	0.2442	0.0808	0.6571	
394427360	394427736	376	0.6064	0.1888	0.1649	
266141101	266141549	448	0.3504	0.029	0.5781	
180208474	180208964	490	0.349	0.3939	0.1837	
356408132	356408794	662	0.0	0.0	1.0	
180273590	180273945	355	0.2732	0.0254	0.6479	
293561469	293561725	256	0.5664	0.2734	0.1016	
327543925	327544594	669	0.6532	0.136	0.1121	
297041942	297042538	596	0.2685	0.4362	0.2332	
474016015	474016970	955	0.4838	0.3089	0.1644	
327981245	327981711	466	0.4785	0.3755	0.0815	
209621180	209621561	381	0.3596	0.0052	0.5328	
441121321	441121661	340	0.8206	0.0294	0.0294	
103747085	103747250	165	0.9091	0.0	0.0	
422914069	422915259	1190	0.1798	0.095	0.6966	
328349053	328349370	317	0.8233	0.0221	0.0505	
395931259	395935365	4106	0.1559	0.7153	0.0996	
474653580	474653835	255	0.8275	0.0353	0.0392	
441638850	441639259	409	0.2567	0.0513	0.6308	
358405587	358405830	243	0.5597	0.2593	0.0823	
183027097	183027869	772	0.0	0.0	1.0	
414256773	414257040	267	0.6854	0.0187	0.1348	
461747188	461747402	214	0.0	0.0	1.0	
210725051	210726095	1044	0.3994	0.0699	0.4761	
95759600	95759816	216	0.6204	0.1667	0.088	
475942208	475942389	181	0.8398	0.011	0.0	
359333824	359334123	299	0.6923	0.1304	0.1304	
414819600	414820022	422	0.7701	0.1161	0.0355	
268138085	268138835	750	0.3227	0.0147	0.6347	
442614321	442614612	291	0.6942	0.0584	0.1443	
442999648	442999851	203	0.798	0.0837	0.0493	
183919259	183919659	400	0.7675	0.0025	0.1425	
330981036	330982178	1142	0.1208	0.5079	0.3476	
184211998	184212717	719	0.2378	0.1238	0.58	
443645937	443646953	1016	0.0699	0.7047	0.2087	
125832691	125833040	349	0.2436	0.1461	0.553	
184574106	184574480	374	0.0	0.0	1.0	
478306075	478306491	416	0.5096	0.1298	0.3197	
136027300	136027851	551	0.0	0.0	1.0	
184717795	184718248	453	0.3046	0.0839	0.5541	
153780610	153780945	335	0.0	0.0	1.0	
184830693	184831064	371	0.7062	0.1078	0.0943	
444030501	444030717	216	0.8194	0.0463	0.0324	
269207250	269207931	681	0.0	0.0	1.0	
269209929	269210718	789	0.0	0.0	1.0	
269211717	269211906	189	0.0	0.0	1.0	
360640399	360640609	210	0.9095	0.0143	0.0	
269370365	269370800	435	0.4115	0.0966	0.3126	
444303275	444303464	189	0.8307	0.0	0.1111	
390092976	390093183	207	0.9034	0.0097	0.0048	
185213845	185213989	144	0.0	0.0	1.0	
241498530	241498730	200	0.84	0.0	0.03	
185345526	185345923	397	0.4761	0.0126	0.4484	
97534911	97535135	224	0.5714	0.0982	0.2679	
97706204	97706649	445	0.0	0.0	1.0	
419953905	419954375	470	0.0	0.0	1.0	
361263424	361263766	342	0.5936	0.1784	0.152	
390474118	390474366	248	0.8831	0.004	0.004	
154979206	154979662	456	0.0	0.0	1.0	
185964408	185964931	523	0.0	0.0	1.0	
343620260	343621159	899	0.0	0.0	1.0	
297855612	297856390	778	0.3303	0.2853	0.2725	
334300408	334300641	233	0.618	0.0429	0.2403	
320415318	320415630	312	0.8269	0.0192	0.0545	
232978458	232978935	477	0.0	0.0	1.0	
98552760	98553382	622	0.3215	0.4486	0.1897	
362071239	362072211	972	0.1451	0.0134	0.8261	
467102831	467103373	542	0.6365	0.1771	0.0904	
362153428	362153667	239	0.2887	0.0	0.6904	
271340947	271341168	221	0.8552	0.0362	0.0679	
253570208	253570382	174	0.8218	0.0	0.069	
418416923	418417058	135	0.9556	0.0	0.0	
99061904	99062214	310	0.0	0.0	1.0	
482302459	482302909	450	0.0	0.0	1.0	
363005404	363005693	289	0.4533	0.4118	0.0761	
446510121	446510512	391	0.0691	0.3606	0.5422	
271778700	271778975	275	0.0	0.0	1.0	
419052439	419052776	337	0.7507	0.0	0.2255	
281863952	281865805	1853	0.177	0.6433	0.1516	
205922086	205922778	692	0.3656	0.0058	0.5564	
437562790	437563350	560	0.3464	0.5393	0.0946	
187557278	187557637	359	0.0	0.0	1.0	
244120596	244120792	196	0.9388	0.0153	0.0	
129737344	129737823	479	0.0	0.0	1.0	
282408639	282409136	497	0.2274	0.6258	0.1207	
300685481	300685619	138	0.8841	0.029	0.0145	
255377382	255377711	329	0.7781	0.0213	0.1429	
119863372	119863730	358	0.0	0.0	1.0	
410092956	410093279	323	0.0	0.0	1.0	
447815086	447815206	120	0.925	0.0083	0.0	
447958703	447958989	286	0.0	0.0	1.0	
448035535	448035816	281	0.0	0.0	1.0	
273366779	273367011	232	0.0	0.0	1.0	
448120696	448121361	665	0.0	0.0	1.0	
130417558	130417935	377	0.4934	0.008	0.4218	
273627576	273627877	301	0.4651	0.412	0.0764	
283088721	283088915	194	0.9433	0.0052	0.0	
301809262	301809402	140	0.8143	0.0	0.0786	
301961324	301962031	707	0.0	0.0	1.0	
283297800	283298119	319	0.674	0.0094	0.0972	
131381066	131381388	322	0.3043	0.1553	0.4348	
189236419	189236608	189	0.8995	0.0	0.0317	
312946358	312946612	254	0.0984	0.0	0.8937	
449142655	449143058	403	0.3672	0.4839	0.139	
159288880	159289311	431	0.522	0.2483	0.123	
131793985	131794148	163	0.9509	0.0	0.0368	
366295872	366296202	330	0.7455	0.0606	0.1333	
347608140	347608411	271	0.0554	0.0	0.9373	
226541313	226541560	247	0.2713	0.004	0.6518	
394554646	394554911	265	0.9321	0.0113	0.0	
121649376	121649566	190	0.9368	0.0	0.0211	
275021020	275021734	714	0.0	0.0	1.0	
440074668	440074873	205	0.6829	0.1854	0.0488	
370042075	370043850	1775	0.0	0.0	1.0	
247340175	247340457	282	0.0	0.0	1.0	
275254458	275255061	603	0.0	0.0	1.0	
303515556	303515785	229	0.6419	0.0087	0.2664	
275330878	275331058	180	0.0	0.0	1.0	
275366170	275366505	335	0.5343	0.2239	0.1493	
348185521	348185708	187	0.9198	0.0214	0.0107	
200210584	200211114	530	0.7264	0.1075	0.0774	
284507913	284508160	247	0.7571	0.0283	0.1093	
450422331	450422573	242	0.7066	0.0124	0.0992	
450533929	450534743	814	0.5037	0.0651	0.3636	
395509418	395509800	382	0.4346	0.0157	0.4712	
422785903	422786259	356	0.0	0.0	1.0	
304982945	304983145	200	0.805	0.01	0.07	
133389736	133389947	211	0.8341	0.0379	0.0237	
276740648	276740949	301	0.897	0.0	0.0266	
191770040	191770235	195	0.0	0.0	1.0	
305432733	305432879	146	0.0	0.0	1.0	
451313225	451313392	167	0.8144	0.012	0.0599	
461548791	461549032	241	0.0	0.0	1.0	
277063805	277064059	254	0.8268	0.0236	0.0827	
305668362	305668742	380	0.6763	0.0105	0.2342	
134239002	134239290	288	0.7708	0.0174	0.0729	
218461003	218461139	136	0.0	0.0	1.0	
305956611	305956875	264	0.0	0.0	1.0	
192485469	192485754	285	0.7088	0.0	0.2491	
192560161	192560404	243	0.8642	0.0165	0.0123	
124861381	124861808	427	0.0	0.0	1.0	
415102419	415102713	294	0.915	0.0102	0.0034	
397398157	397398338	181	0.8729	0.0552	0.0	
192837367	192838082	715	0.3077	0.565	0.0909	
369592347	369592621	274	0.938	0.0036	0.0073	
369619152	369619558	406	0.7882	0.0567	0.0296	
163346279	163347354	1075	0.0995	0.6456	0.2353	
306572167	306572398	231	0.0	0.0	1.0	
459845905	459846134	229	0.7249	0.0087	0.1266	
193610892	193611988	1096	0.4462	0.3321	0.1551	
464141233	464141422	189	0.0	0.0	1.0	
269185564	269185803	239	0.8912	0.0	0.0377	
279323357	279323948	591	0.709	0.0305	0.1387	
194172949	194173325	376	0.0	0.0	1.0	
398622016	398622221	205	0.7122	0.0049	0.1512	
343115275	343115488	213	0.8967	0.0188	0.0094	
279734347	279734594	247	0.8947	0.0486	0.0283	
221662573	221663058	485	0.0	0.0	1.0	
466199836	466200211	375	0.0	0.0	1.0	
352664941	352665318	377	0.0	0.0	1.0	
204384606	204384783	177	0.8023	0.0282	0.0	
222428944	222429187	243	0.6914	0.0453	0.177	
352893326	352893787	461	0.0	0.0	1.0	
353028545	353030064	1519	0.2225	0.4786	0.2429	
280631842	280632857	1015	0.0	0.0	1.0	
280636111	280636615	504	0.0	0.0	1.0	
280674039	280674284	245	0.7714	0.0	0.2082	
155826932	155827326	394	0.0	0.0	1.0	
399873859	399874267	408	0.3775	0.125	0.4044	
321398445	321399455	1010	0.2099	0.4594	0.2901	
399963357	399963688	331	0.861	0.0	0.0725	
196047426	196047636	210	0.6238	0.0095	0.2476	
223011827	223012049	222	0.6847	0.036	0.2297	
290108581	290108898	317	0.795	0.0315	0.0568	
373630981	373631130	149	0.8188	0.0201	0.0671	
373658875	373659212	337	0.5875	0.0564	0.2671	
290158797	290158976	179	0.8659	0.0168	0.0112	
468078292	468078673	381	0.2021	0.2415	0.4961	
468179701	468180619	918	0.2593	0.5752	0.1242	
468254465	468254753	288	0.5799	0.0799	0.2813	
437475875	437476634	759	0.4993	0.1542	0.2793	
482719840	482720014	174	0.0	0.0	1.0	
310814899	310815222	323	0.709	0.1207	0.0248	
281763552	281764087	535	0.2598	0.2542	0.4467	
374240393	374240733	340	0.6471	0.1971	0.1206	
374253154	374253338	184	0.9239	0.0217	0.0054	
469025363	469025596	233	0.2446	0.0429	0.6781	
409519914	409520111	197	0.4112	0.0508	0.4518	
290902610	290903872	1262	0.378	0.4469	0.0975	
139254947	139255181	234	0.0	0.0	1.0	
335849120	335850202	1082	0.0	0.0	1.0	
438040084	438040426	342	0.3538	0.2807	0.2953	
379061634	379062346	712	0.0	0.0	1.0	
312138702	312139775	1073	0.3234	0.2703	0.3197	
168882903	168883175	272	0.0	0.0	1.0	
140233516	140233952	436	0.7546	0.0872	0.0413	
140265677	140265915	238	0.0	0.0	1.0	
256608556	256608901	345	0.6029	0.2812	0.0696	
316457282	316457982	700	0.0	0.5443	0.4543	
414654102	414654669	567	0.0847	0.194	0.6825	
201941458	201941695	237	0.6076	0.0253	0.2616	
471746227	471746410	183	0.0	0.0	1.0	
385578051	385578396	345	0.8957	0.0261	0.0319	
459269142	459270016	874	0.0	0.0	1.0	
236757276	236757915	639	0.0	0.0	1.0	
431429995	431431426	1431	0.0867	0.499	0.4046	
199369823	199370041	218	0.0	0.0	1.0	
431475418	431476698	1280	0.268	0.5336	0.1531	
403050405	403050670	265	0.0	0.0	1.0	
347592956	347593135	179	0.6369	0.0391	0.2682	
150843147	150843384	237	0.5907	0.1899	0.1055	
459710292	459710755	463	0.0	0.0	1.0	
403286474	403287117	643	0.5194	0.1415	0.2255	
112288377	112288804	427	0.0	0.0	1.0	
284281286	284281444	158	0.962	0.0	0.0	
132515060	132515287	227	0.8282	0.0529	0.0352	
432352873	432353265	392	0.0	0.0	1.0	
284382356	284382570	214	0.8364	0.0234	0.028	
460153367	460153542	175	0.0	0.0	1.0	
357263539	357263860	321	0.8692	0.0	0.0592	
412481722	412482035	313	0.8019	0.0032	0.0447	
209475940	209476194	254	0.6339	0.0315	0.2362	
122898042	122898286	244	0.4918	0.2377	0.1926	
378614065	378614319	254	0.0	0.0	1.0	
422807707	422808426	719	0.0	0.0	1.0	
404205990	404206175	185	0.9676	0.0	0.0	
395876349	395876753	404	0.5421	0.0297	0.2302	
404391194	404391596	402	0.7388	0.1642	0.0473	
358549341	358549852	511	0.1135	0.2603	0.6027	
285740354	285740588	234	0.7949	0.0171	0.0556	
259285553	259285856	303	0.8251	0.033	0.0594	
329140622	329141029	407	0.0885	0.0049	0.8943	
461613156	461613373	217	0.0	0.0	1.0	
113996137	113996319	182	0.8956	0.022	0.0055	
249128910	249129806	896	0.0993	0.394	0.4743	
249136987	249137763	776	0.0	0.0	1.0	
442256100	442256360	260	0.7462	0.0269	0.15	
259513815	259514090	275	0.0	0.0	1.0	
316371241	316371476	235	0.4255	0.0	0.5234	
316375883	316376480	597	0.0	0.0	1.0	
201922117	201922867	750	0.3373	0.436	0.1547	
143987013	143988508	1495	0.1217	0.487	0.3672	
397076405	397076942	537	0.4469	0.352	0.162	
414799576	414799928	352	0.0426	0.0	0.8381	
316587854	316589164	1310	0.0	0.0	1.0	
462474271	462474719	448	0.5692	0.1674	0.183	
202313047	202313245	198	0.0	0.0	1.0	
144559336	144559725	389	0.0	0.0	1.0	
211228649	211229285	636	0.2925	0.6604	0.0283	
260192225	260192763	538	0.5446	0.0242	0.3494	
202607841	202608944	1103	0.2076	0.4252	0.3209	
369938124	369938571	447	0.0	0.0	1.0	
463482177	463482531	354	0.9068	0.0	0.0367	
317596782	317597091	309	0.1618	0.0388	0.7346	
164035959	164036641	682	0.0	0.0	1.0	
435118835	435119675	840	0.2369	0.0726	0.6357	
269189356	269189589	233	0.8369	0.0043	0.0601	
469311813	469312726	913	0.1183	0.2552	0.6101	
390021594	390021902	308	0.7987	0.013	0.0617	
115826108	115827003	895	0.3017	0.4246	0.2436	
464888074	464888259	185	0.0	0.0	1.0	
145884783	145885017	234	0.0	0.0	1.0	
364239147	364239407	260	0.0	0.0	1.0	
177725151	177725646	495	0.0	0.0	1.0	
465607981	465608693	712	0.0	0.0	1.0	
408192317	408192654	337	0.3205	0.0445	0.5252	
466015399	466015681	282	0.6631	0.2234	0.039	
270027758	270028571	813	0.5695	0.2177	0.139	
466331249	466331579	330	0.1667	0.2515	0.5515	
382250768	382251096	328	0.3293	0.247	0.4024	
466447906	466448452	546	0.0	0.0	1.0	
352768463	352768733	270	0.0	0.0	1.0	
218639504	218639895	391	0.0	0.0	1.0	
385395352	385395655	303	0.6007	0.3135	0.0495	
147030625	147030819	194	0.9278	0.0	0.0052	
467200987	467201235	248	0.5685	0.1169	0.2702	
467333708	467333895	187	0.0	0.0	1.0	
117550704	117550875	171	0.0	0.0	1.0	
467660198	467660405	207	0.0	0.0	1.0	
175777389	175777656	267	0.8352	0.0075	0.0262	
391485081	391485940	859	0.2177	0.6577	0.0838	
472341070	472341434	364	0.6346	0.0055	0.3132	
383223355	383223662	307	0.7134	0.0554	0.0391	
468182093	468182378	285	0.0	0.0	1.0	
213957407	213957597	190	0.8474	0.0158	0.0474	
125583410	125583638	228	0.8158	0.0482	0.0044	
468717245	468717503	258	0.0	0.0	1.0	
281955876	281956844	968	0.0	0.0	1.0	
425327868	425328194	326	0.2362	0.0092	0.7178	
422143891	422144253	362	0.558	0.3702	0.0193	
469145826	469146334	508	0.063	0.0	0.9252	
118906648	118908371	1723	0.1178	0.621	0.2449	
168401944	168402454	510	0.4824	0.1765	0.251	
422811490	422811893	403	0.6203	0.0124	0.3499	
157800192	157800664	472	0.0	0.0	1.0	
429495974	429496226	252	0.0	0.0	1.0	
168529331	168529631	300	0.7767	0.07	0.0933	
157988649	157988904	255	0.7137	0.0	0.2353	
305083975	305084200	225	0.76	0.0889	0.0533	
401829999	401830385	386	0.5674	0.1269	0.2047	
207124966	207125344	378	0.0	0.0	1.0	
385095980	385096214	234	0.7692	0.0983	0.0342	
235997064	235997210	146	0.0	0.0	1.0	
430391462	430392438	976	0.1424	0.6066	0.2275	
236028141	236028468	327	0.0	0.0	1.0	
249079116	249079470	354	0.0	0.0	1.0	
292182416	292182789	373	0.0	0.0	1.0	
471252770	471253060	290	0.4793	0.031	0.4414	
124429716	124430212	496	0.4839	0.0948	0.3347	
424114130	424114942	812	0.2906	0.4889	0.186	
340809254	340809470	216	0.6389	0.0	0.3148	
316488338	316488622	284	0.0	0.0	1.0	
471825090	471825279	189	0.0	0.0	1.0	
402731152	402731395	243	0.8683	0.0123	0.0494	
421138933	421139310	377	0.8355	0.0557	0.008	
411273153	411273590	437	0.0	0.0	1.0	
326257232	326257565	333	0.0	0.0	1.0	
341306154	341306312	158	0.8608	0.019	0.019	
377109355	377109905	550	0.0655	0.4618	0.4545	
394527083	394527342	259	0.8687	0.027	0.0	
150848165	150848809	644	0.2298	0.1429	0.559	
477661087	477661793	706	0.4986	0.1827	0.2238	
477923806	477924074	268	0.8731	0.0037	0.0336	
247342297	247342664	367	0.7602	0.0463	0.0082	
386412401	386412623	222	0.8198	0.0315	0.0495	
121926529	121926676	147	0.8503	0.0	0.0	
132453014	132453196	182	0.9011	0.0055	0.0055	
161377542	161377717	175	0.9371	0.0	0.0	
142270195	142271436	1241	0.4206	0.2675	0.2828	
450404995	450406027	1032	0.0	0.0	1.0	
200778922	200779393	471	0.0	0.0	1.0	
122939911	122940772	861	0.0918	0.0012	0.9001	
200842021	200842445	424	0.0	0.0	1.0	
413270105	413270839	734	0.4087	0.4332	0.0967	
297343892	297344247	355	0.6986	0.138	0.0873	
390302193	390302481	288	0.8924	0.0278	0.0174	
474374034	474374213	179	0.0	0.0	1.0	
267265474	267265761	287	0.8746	0.0035	0.0279	
474521234	474521673	439	0.5399	0.0182	0.328	
181904687	181905080	393	0.7863	0.0025	0.0712	
239081258	239081680	422	0.3175	0.0308	0.6185	
441536458	441536785	327	0.1437	0.3425	0.4893	
305349019	305349319	300	0.7733	0.0367	0.0433	
420504363	420505870	1507	0.3477	0.4811	0.1068	
423765520	423765805	285	0.8632	0.0561	0.0035	
169248190	169248499	309	0.6861	0.0356	0.1327	
249134336	249134733	397	0.7809	0.0403	0.0353	
442327565	442327742	177	0.8305	0.0169	0.0621	
424139315	424139794	479	0.6555	0.0689	0.1858	
424141331	424141532	201	0.8607	0.0448	0.0448	
476143340	476143742	402	0.0	0.0	1.0	
341978666	341979075	409	0.1051	0.1956	0.6797	
415091364	415091569	205	0.0	0.0	1.0	
385852363	385852723	360	0.0	0.0	1.0	
389319952	389320378	426	0.5516	0.2042	0.1479	
163526051	163526916	865	0.2081	0.541	0.2197	
397717114	397718591	1477	0.1273	0.5911	0.2593	
400645695	400646053	358	0.6089	0.0112	0.2346	
389596837	389597440	603	0.1128	0.0133	0.8325	
141490106	141490323	217	0.7834	0.0276	0.0645	
347834006	347834257	251	0.8606	0.0	0.0199	
163890708	163891353	645	0.5287	0.2078	0.1829	
478201846	478202509	663	0.3982	0.1056	0.457	
415840421	415841687	1266	0.1382	0.816	0.0284	
398072627	398072932	305	0.5279	0.1148	0.223	
398191117	398191351	234	0.8803	0.0043	0.0128	
126228523	126228638	115	0.0	0.0	1.0	
264094072	264094289	217	0.6175	0.023	0.3134	
154094930	154095199	269	0.0	0.0	1.0	
478888893	478889640	747	0.0	0.0	1.0	
360856254	360857270	1016	0.0778	0.4921	0.3976	
390304950	390305904	954	0.305	0.3721	0.2809	
426028720	426028890	170	0.0	0.0	1.0	
479585252	479585438	186	0.0	0.0	1.0	
390475483	390475658	175	1.0	0.0	0.0	
280839723	280840501	778	0.1195	0.3612	0.5051	
445104292	445105040	748	0.2834	0.5695	0.107	
242202576	242202758	182	0.8462	0.0	0.044	
390738048	390738261	213	0.9531	0.0	0.0	
346642876	346643224	348	0.6638	0.1178	0.1523	
213180705	213181317	612	0.482	0.2288	0.183	
175506584	175507493	909	0.5006	0.1287	0.2332	
436819455	436819669	214	0.7056	0.0234	0.2103	
427447258	427447573	315	0.9524	0.0095	0.0286	
326026733	326027161	428	0.3201	0.5841	0.0444	
400007144	400007426	282	0.8759	0.0213	0.0071	
263076443	263076640	197	0.9036	0.0	0.0	
400124619	400125440	821	0.3069	0.106	0.5116	
347340776	347341309	533	0.4165	0.2139	0.2795	
263326740	263326973	233	0.5794	0.0858	0.2361	
132242905	132243143	238	0.0	0.0	1.0	
391729666	391729897	231	0.8052	0.039	0.0779	
230335947	230336405	458	0.5655	0.0284	0.3406	
373937465	373937652	187	0.8396	0.0	0.1283	
456137718	456138655	937	0.0	0.0	1.0	
448120039	448120527	488	0.0	0.0	1.0	
168879178	168879364	186	0.0	0.0	1.0	
392133465	392133658	193	0.9482	0.0	0.0207	
300137736	300137910	174	0.7874	0.0517	0.0172	
335837734	335837947	213	0.0	0.0	1.0	
234851966	234852296	330	0.8939	0.0061	0.0152	
157614876	157615075	199	0.8844	0.0603	0.0101	
419601933	419602126	193	0.0	0.0	1.0	
328087345	328087645	300	0.8167	0.0067	0.0167	
384490618	384490843	225	0.5378	0.0444	0.3422	
238953764	238954483	719	0.1029	0.331	0.5396	
346205717	346205895	178	0.0	0.0	1.0	
313045760	313046257	497	0.4145	0.2072	0.2636	
215480738	215481261	523	0.3461	0.3996	0.1721	
461606277	461606818	541	0.0	0.0	1.0	
346618602	346618776	174	0.0	0.0	1.0	
312865281	312865544	263	0.9354	0.0076	0.0	
405173647	405173949	302	0.0	0.0	1.0	
465974834	465975149	315	0.7683	0.054	0.0762	
321407326	321409835	2509	0.0837	0.7581	0.1379	
257047953	257048538	585	0.4872	0.0821	0.3949	
347180670	347180837	167	0.9102	0.0	0.0	
449152302	449152990	688	0.6773	0.1279	0.0712	
257238299	257239231	932	0.3927	0.1298	0.4195	
274681605	274681801	196	0.8316	0.0	0.0051	
302564703	302564954	251	0.6175	0.2032	0.0956	
341190696	341191491	795	0.3484	0.1371	0.4704	
385925939	385926219	280	0.0	0.0	1.0	
356407183	356407578	395	0.0	0.0	1.0	
135532588	135532988	400	0.4175	0.0125	0.535	
422022796	422023160	364	0.8929	0.0275	0.0055	
343479506	343479991	485	0.0	0.0	1.0	
171620909	171621198	289	0.6747	0.2249	0.0069	
406440160	406441320	1160	0.5922	0.1181	0.1871	
173812816	173813145	329	0.7173	0.0243	0.1033	
248693949	248694319	370	0.3811	0.1757	0.3973	
453364549	453364812	263	0.0	0.0	1.0	
323205465	323205906	441	0.0	0.0	1.0	
432684199	432684495	296	0.0	0.0	1.0	
387364120	387365321	1201	0.1066	0.2548	0.5679	
424082340	424082786	446	0.8184	0.0	0.0673	
404245401	404245671	270	0.9222	0.0	0.0296	
374242364	374242527	163	0.9448	0.0061	0.0	
396509399	396510132	733	0.3724	0.0068	0.5798	
475081474	475081746	272	0.6287	0.011	0.2868	
312553134	312553575	441	0.0	0.0	1.0	
316260798	316261642	844	0.2062	0.0711	0.6754	
382427812	382428063	251	0.9283	0.012	0.0	
414507251	414507844	593	0.4654	0.1096	0.3187	
427170950	427171197	247	0.6437	0.2024	0.0688	
295394662	295395038	376	0.0	0.0	1.0	
429730683	429730866	183	0.0	0.0	1.0	
397160355	397160572	217	0.0	0.0	1.0	
343544748	343545356	608	0.2385	0.5707	0.1513	
306423358	306423813	455	0.5736	0.2549	0.0945	
306469670	306470192	522	0.3659	0.0153	0.567	
306573980	306574140	160	0.0	0.0	1.0	
306612525	306612946	421	0.5226	0.0333	0.3539	
135541109	135541257	148	0.9054	0.0	0.027	
144879132	144879530	398	0.0	0.0	1.0	
240761844	240762476	632	0.3006	0.3481	0.3022	
208796777	208797014	237	0.0	0.0	1.0	
346066118	346066399	281	0.0	0.0	1.0	
331532636	331533146	510	0.0	0.0	1.0	
251246629	251247361	732	0.4904	0.2077	0.1954	
248047924	248048083	159	0.0	0.0	1.0	
398364574	398364859	285	0.9579	0.0	0.0035	
453531827	453532085	258	0.9535	0.0	0.0078	
342946228	342946521	293	0.0	0.0	1.0	
145970895	145971105	210	0.9048	0.0	0.0238	
430519357	430519763	406	0.0	0.0	1.0	
422905232	422905423	191	0.0	0.0	1.0	
474456810	474457393	583	0.1458	0.0926	0.7256	
221497504	221497794	290	0.8	0.0276	0.0586	
326098996	326099393	397	0.6045	0.1184	0.1814	
466237247	466238625	1378	0.1001	0.6945	0.1901	
368973684	368974116	432	0.0	0.0	1.0	
260418566	260418857	291	0.4708	0.0275	0.3952	
345189132	345189401	269	0.2751	0.145	0.5279	
465684233	465684728	495	0.0	0.0	1.0	
269871936	269872351	415	0.0	0.0	1.0	
467484502	467484701	199	0.2915	0.0	0.6734	
138109748	138110236	488	0.5451	0.1127	0.2705	
282037337	282038238	901	0.2664	0.0477	0.6615	
271376981	271377721	740	0.2986	0.0081	0.6662	
441909493	441909787	294	0.585	0.0782	0.2211	
434486828	434487359	531	0.7778	0.0377	0.0132	
326372348	326372600	252	0.0	0.0	1.0	
362930539	362930800	261	0.0	0.0	1.0	
437169409	437169766	357	0.6415	0.0	0.2941	
306620659	306620856	197	0.4873	0.066	0.3909	
326861813	326862718	905	0.5215	0.2442	0.1204	
411853004	411853236	232	0.0	0.0	1.0	
472821333	472821613	280	0.3607	0.4286	0.175	
358089353	358089851	498	0.506	0.2871	0.1546	
456088889	456089716	827	0.3386	0.0181	0.5937	
395477598	395477959	361	0.8864	0.0139	0.0637	
206401417	206401921	504	0.4425	0.1468	0.373	
348844773	348845071	298	0.7483	0.0839	0.057	
237218931	237219144	213	0.0	0.0	1.0	
416695825	416695998	173	0.896	0.0116	0.0578	
313840495	313840746	251	0.0	0.0	1.0	
367907742	367908393	651	0.0	0.0	1.0	
358287682	358288093	411	0.4088	0.3893	0.1071	
415266636	415266789	153	0.0	0.0	1.0	
423593573	423594450	877	0.0946	0.6032	0.2417	
442294354	442294532	178	0.9494	0.0	0.0112	
305945266	305945503	237	0.0	0.0	1.0	
414798652	414798977	325	0.0	0.0	1.0	
479716589	479716753	164	0.8354	0.0122	0.0061	
385518664	385518908	244	0.0	0.0	1.0	
476144673	476144864	191	0.0	0.0	1.0	
416363561	416363753	192	0.0	0.0	1.0	
474748120	474748348	228	0.9868	0.0	0.0	
444924530	444925208	678	0.0	0.0	1.0	
227353409	227353966	557	0.2172	0.3591	0.3662	
328874087	328874313	226	0.7965	0.0177	0.0973	
449319291	449319551	260	0.6269	0.0038	0.2923	
468068808	468071718	2910	0.054	0.9031	0.0309	
322348635	322348879	244	0.8279	0.0	0.0164	
449912066	449912528	462	0.3658	0.3463	0.21	
241656200	241656757	557	0.6373	0.1688	0.1095	
424107878	424108100	222	0.9054	0.0045	0.0	
258905928	258906180	252	0.6627	0.0238	0.2738	
277776094	277776716	622	0.8859	0.0096	0.0338	
317964886	317965281	395	0.0	0.0	1.0	
416414557	416415208	651	0.0753	0.0584	0.851	
395448664	395448867	203	0.0	0.0	1.0	
395913293	395913745	452	0.1881	0.0	0.7566	
424439263	424439547	284	0.9366	0.0	0.0141	
394262073	394262400	327	0.5321	0.159	0.104	
319612163	319612842	679	0.2121	0.1767	0.0972	
232662800	232664391	1591	0.2319	0.7297	0.0189	
232688940	232689157	217	0.7926	0.0276	0.1014	
360738903	360739078	175	0.9143	0.0	0.0057	
268518697	268519523	826	0.6271	0.0981	0.23	
301949343	301949756	413	0.1429	0.1235	0.6852	
423939313	423939696	383	0.0	0.0	1.0	
396822553	396823149	596	0.0	0.0	1.0	
420850289	420850509	220	0.6909	0.0045	0.2273	
405976877	405977090	213	0.8357	0.0141	0.0563	
149183545	149183856	311	0.6174	0.09	0.1125	
343565123	343565610	487	0.1191	0.1088	0.7433	
251293486	251294232	746	0.5013	0.0576	0.3458	
234883368	234883632	264	0.7538	0.0152	0.1932	
286999132	286999940	808	0.0	0.0	1.0	
413094694	413095042	348	0.6925	0.1322	0.0718	
440657333	440657542	209	0.8278	0.0144	0.0526	
325341272	325341569	297	0.7643	0.064	0.0404	
432922964	432923211	247	0.7854	0.0243	0.0607	
332664305	332664474	169	0.0	0.0	1.0	
470811008	470811194	186	0.9462	0.0	0.0161	
463536187	463536651	464	0.0	0.0	1.0	
234311933	234312210	277	0.8484	0.0289	0.0036	
308282058	308282981	923	0.1203	0.3207	0.5493	
293434990	293436224	1234	0.5308	0.0875	0.2861	
401289108	401289298	190	0.8579	0.0526	0.0158	
235710902	235711121	219	0.0	0.0	1.0	
472188710	472189929	1219	0.0878	0.8852	0.0115	
479371483	479371785	302	0.0	0.0	1.0	
278252379	278252552	173	0.0694	0.0	0.9249	
420258957	420259302	345	0.3594	0.0783	0.5507	
430486430	430486761	331	0.0	0.0	1.0	
449350432	449350711	279	0.1541	0.3226	0.5018	
343552134	343552326	192	0.5677	0.0365	0.3021	
346494103	346494517	414	0.6329	0.1449	0.1425	
444259845	444260068	223	0.6996	0.0404	0.1525	
423384215	423385045	830	0.3253	0.1771	0.4494	
174807787	174808372	585	0.2957	0.6427	0.0479	
248131234	248131579	345	0.5739	0.0029	0.3565	
322112826	322113446	620	0.0	0.0	1.0	
375857185	375857575	390	0.0	0.0	1.0	
453541003	453541429	426	0.662	0.0188	0.1831	
464750562	464751050	488	0.0	0.0	1.0	
326894479	326894645	166	0.5663	0.1205	0.2108	
377680184	377680652	468	0.0	0.0	1.0	
289427467	289427947	480	0.0	0.0	1.0	
249153733	249154033	300	0.5833	0.0333	0.2567	
438576916	438577125	209	0.8278	0.0096	0.0526	
378510209	378510553	344	0.7703	0.0378	0.1192	
465747014	465747373	359	0.3315	0.1643	0.4624	
341496489	341497592	1103	0.0	0.0	1.0	
480179238	480180239	1001	0.4396	0.1269	0.3596	
340224981	340225504	523	0.0	0.0	1.0	
459592439	459593024	585	0.0	0.0	1.0	
479599526	479599961	435	0.7011	0.0207	0.1425	
342664009	342664241	232	0.0	0.0	1.0	
465076154	465076296	142	0.7958	0.0	0.0211	
444357931	444358537	606	0.3119	0.1584	0.4835	
340032336	340032652	316	0.0	0.0	1.0	
253739643	253739884	241	0.9793	0.0041	0.0041	
478998521	478998730	209	0.0	0.0	1.0	
257136666	257136991	325	0.7662	0.0215	0.0862	
263097896	263098089	193	0.8549	0.0259	0.0207	
399215119	399215993	874	0.2277	0.6247	0.1236	
306551716	306551864	148	0.7568	0.0068	0.1892	
368987406	368988192	786	0.0827	0.1209	0.785	
279342377	279342547	170	0.0	0.0	1.0	
118548550	118566311	17761	0.0187	0.9537	0.0237	
152256626	152465709	209083	0.196	0.3176	0.4547	
46791115	46802227	11112	0.0823	0.5008	0.3935	
284258484	284286672	28188	0.3687	0.2726	0.3354	
151905721	151926103	20382	0.3121	0.2249	0.4005	
303540091	303604995	64904	0.0278	0.2622	0.7041	
230259088	230270239	11151	0.019	0.9336	0.0434	
321748291	321904144	155853	0.3592	0.2123	0.3756	
109633796	109779138	145342	0.42	0.1885	0.3328	
423654031	423722866	68835	0.2116	0.3796	0.3748	
152832160	152898591	66431	0.3557	0.1772	0.3987	
464667053	464681880	14827	0.0986	0.7244	0.1567	
222513104	222524056	10952	0.0184	0.9555	0.0248	
