start	end	length	IDY	missing1	missing2	
388449	389394	945	0.4963	0.1249	0.2698	
907236	908612	1376	0.4702	0.0988	0.3241	
1164739	1168020	3281	0.0899	0.335	0.559	
1667812	1668817	1005	0.4318	0.1383	0.3502	
1786476	1786647	171	0.7836	0.152	0.0351	
1875808	1878903	3095	0.3577	0.1276	0.4514	
2005072	2005840	768	0.6836	0.1042	0.0924	
2062205	2062696	491	0.7515	0.0204	0.1303	
2218344	2219811	1467	0.4751	0.122	0.3292	
2220037	2220387	350	0.5543	0.4086	0.0	
2273272	2273432	160	0.8187	0.1187	0.0	
2442689	2443279	590	0.8542	0.0068	0.0508	
2590859	2591006	147	0.9796	0.0068	0.0	
2652497	2653123	626	0.5607	0.1901	0.1677	
2663893	2664255	362	0.8508	0.0525	0.011	
2664566	2665020	454	0.7555	0.0176	0.1806	
2896062	2897752	1690	0.4343	0.1231	0.3663	
3180319	3180822	503	0.0	1.0	0.0	
3378709	3379152	443	0.1806	0.7381	0.0023	
3687544	3688658	1114	0.6921	0.0637	0.1275	
3717316	3717796	480	0.7562	0.0813	0.0917	
3774904	3775130	226	0.8717	0.0531	0.0221	
3871193	3871752	559	0.7209	0.1646	0.025	
3874515	3874931	416	0.4351	0.0264	0.5048	
4471796	4474273	2477	0.2644	0.2087	0.4719	
4474994	4475851	857	0.042	0.1995	0.7386	
4671943	4672258	315	0.5905	0.1873	0.0762	
4723001	4723351	350	0.46	0.4771	0.0029	
5148137	5148424	287	0.5436	0.4007	0.0	
5261201	5264295	3094	0.4783	0.1448	0.288	
5297848	5297993	145	0.9241	0.0276	0.0	
7155743	7156276	533	0.3433	0.1614	0.4559	
7302008	7303569	1561	0.1666	0.0647	0.7527	
7491862	7492569	707	0.4569	0.3281	0.1641	
7621640	7621926	286	0.0	1.0	0.0	
7626629	7626868	239	0.9163	0.0	0.0209	
7870816	7871025	209	0.488	0.3493	0.0766	
7872779	7873094	315	0.8317	0.054	0.0032	
8233402	8234681	1279	0.62	0.122	0.154	
8478874	8480143	1269	0.5524	0.0898	0.3042	
8501139	8501562	423	0.6123	0.0969	0.2482	
8852472	8855079	2607	0.2754	0.2417	0.4534	
9214732	9214924	192	0.8698	0.0208	0.0	
9275028	9275209	181	0.9613	0.0	0.0	
10562159	10563483	1324	0.2009	0.1458	0.6231	
11122531	11127349	4818	0.0548	0.0376	0.9058	
11219211	11219745	534	0.8127	0.103	0.0225	
11596087	11596234	147	0.7891	0.034	0.0068	
11670233	11671766	1533	0.7241	0.1292	0.0476	
11683180	11683590	410	0.8634	0.0756	0.0098	
12220433	12222702	2269	0.6532	0.0529	0.2195	
12658462	12659679	1217	0.355	0.1331	0.4782	
12658462	12659679	1217	0.355	0.1331	0.4782	
12787683	12788769	1086	0.2578	0.1611	0.5571	
14031121	14031465	344	0.8895	0.0378	0.0029	
14324383	14327572	3189	0.3728	0.3308	0.2446	
14324383	14327572	3189	0.3728	0.3308	0.2446	
14328003	14328322	319	0.8182	0.0219	0.0502	
14348342	14348631	289	0.8789	0.0692	0.0	
14978352	14979874	1522	0.3804	0.0565	0.5256	
15495971	15496769	798	0.6855	0.0576	0.1516	
15812625	15813356	731	0.7825	0.1163	0.0602	
15971266	15972161	895	0.7352	0.0391	0.1184	
15978779	15979483	704	0.8807	0.0341	0.0099	
16033307	16034388	1081	0.6235	0.1277	0.2091	
16071841	16072865	1024	0.4717	0.0361	0.4531	
16163557	16163914	357	0.8936	0.0168	0.0448	
16246514	16246733	219	0.9452	0.0228	0.0046	
16325615	16325810	195	0.9333	0.0	0.0	
16379950	16380115	165	0.7455	0.0485	0.0424	
16579957	16580724	767	0.8761	0.0261	0.013	
16598634	16599608	974	0.5092	0.0329	0.4076	
16628316	16628470	154	0.8961	0.0	0.0195	
16763906	16764219	313	0.9425	0.0032	0.0096	
16765688	16767526	1838	0.6349	0.0424	0.278	
16773143	16773932	789	0.8555	0.0342	0.0368	
16781619	16781861	242	0.9669	0.0	0.0041	
16783102	16783811	709	0.7094	0.1114	0.1199	
16787684	16788115	431	0.5731	0.0882	0.2483	
17199842	17200413	571	0.8774	0.0105	0.042	
17270312	17271266	954	0.5723	0.0283	0.3438	
17294834	17295832	998	0.9038	0.015	0.013	
17659771	17660172	401	0.8653	0.0374	0.0399	
17676390	17676886	496	0.5444	0.3266	0.0706	
17775512	17775721	209	0.933	0.0191	0.0	
17940283	17940755	472	0.3644	0.5572	0.0339	
17941225	17941898	673	0.7771	0.0832	0.0877	
17994470	17994715	245	0.9347	0.0	0.0286	
18055326	18055712	386	0.9326	0.0104	0.0052	
18104200	18105073	873	0.8236	0.0286	0.0515	
18142596	18144250	1654	0.7521	0.0834	0.0786	
18256038	18256623	585	0.788	0.0803	0.053	
18493692	18494122	430	0.7791	0.0721	0.0698	
18553795	18553981	186	0.7688	0.1613	0.0215	
18833013	18833338	325	0.7723	0.0215	0.0646	
19297490	19298658	1168	0.1943	0.0976	0.7046	
19559885	19560302	417	0.0	1.0	0.0	
19985293	19985990	697	0.3874	0.089	0.4706	
20174529	20175050	521	0.7965	0.0077	0.0345	
20405049	20405821	772	0.6762	0.1567	0.1179	
20529224	20529476	252	0.5	0.3294	0.0794	
21059164	21059415	251	0.0	1.0	0.0	
21303072	21304385	1313	0.7654	0.0914	0.0708	
21391139	21392429	1290	0.2333	0.0775	0.6612	
21496187	21496359	172	0.936	0.0116	0.0	
21712109	21712302	193	0.5648	0.3161	0.0259	
21784332	21784495	163	0.908	0.0	0.0123	
22024716	22025215	499	0.0701	0.6653	0.2485	
22082340	22082929	589	0.0	1.0	0.0	
22221000	22221135	135	0.9259	0.0148	0.0	
22503663	22504458	795	0.9057	0.0252	0.0176	
22688244	22688532	288	0.9583	0.0	0.0	
22808778	22810386	1608	0.4409	0.069	0.4335	
23107107	23107475	368	0.356	0.1549	0.413	
23140011	23140405	394	0.0	1.0	0.0	
23235712	23236226	514	0.4883	0.4455	0.0097	
23371281	23371477	196	0.898	0.0102	0.0408	
23375087	23376077	990	0.6434	0.1434	0.1404	
23474689	23475061	372	0.8011	0.0161	0.0538	
23533410	23534373	963	0.9564	0.0	0.0104	
23550063	23550907	844	0.2464	0.0415	0.6919	
23554642	23555374	732	0.8552	0.0656	0.0178	
23691326	23692106	780	0.8282	0.0397	0.0603	
23758327	23758622	295	0.8983	0.0508	0.0034	
23771226	23771379	153	0.9869	0.0	0.0	
23883137	23883330	193	0.8394	0.0207	0.0052	
24752684	24752903	219	0.8721	0.0046	0.0365	
24817054	24817251	197	0.9137	0.0254	0.0051	
24851508	24853850	2342	0.573	0.0999	0.2553	
25116816	25117734	918	0.6438	0.0828	0.1285	
25198137	25198888	751	0.5087	0.0999	0.2943	
25285298	25285905	607	0.2982	0.0988	0.5618	
25470509	25470784	275	0.8727	0.08	0.0218	
25583670	25584086	416	0.9543	0.0	0.0096	
26060748	26061325	577	0.7175	0.0901	0.104	
26659524	26660071	547	0.5064	0.0567	0.3583	
27170949	27171345	396	0.0	1.0	0.0	
29674020	29674910	890	0.5697	0.0236	0.3169	
30024054	30024279	225	0.9244	0.0311	0.0	
30839708	30842264	2556	0.1025	0.1577	0.7238	
30964835	30964971	136	0.8456	0.0662	0.0	
30973452	30973893	441	0.4354	0.0227	0.4853	
30997287	31001396	4109	0.0312	0.0163	0.9472	
33742022	33747513	5491	0.0162	0.1253	0.8563	
34090007	34090639	632	0.0	1.0	0.0	
35219382	35220313	931	0.4629	0.3255	0.1622	
35294820	35295012	192	0.8802	0.0052	0.026	
35309217	35310064	847	0.7993	0.0496	0.0437	
35311468	35312844	1376	0.8488	0.0262	0.0567	
35311468	35312844	1376	0.8488	0.0262	0.0567	
36756044	36758988	2944	0.2228	0.1773	0.57	
36762671	36763952	1281	0.21	0.2553	0.4762	
37052813	37054158	1345	0.3257	0.1844	0.4193	
37108386	37109529	1143	0.1741	0.1391	0.6527	
37160986	37161823	837	0.7324	0.0884	0.1386	
37163714	37163878	164	0.9329	0.0	0.0061	
37172810	37173167	357	0.8739	0.0056	0.028	
37176311	37176474	163	0.9202	0.0368	0.0061	
37225623	37225955	332	0.3373	0.5994	0.012	
39213196	39213316	120	0.0	1.0	0.0	
39642226	39644379	2153	0.2141	0.2239	0.5267	
40169120	40170553	1433	0.3196	0.1703	0.462	
40314343	40314564	221	0.267	0.5792	0.0498	
40445588	40446705	1117	0.1862	0.0788	0.7144	
40732899	40735534	2635	0.0634	0.0482	0.8748	
40732899	40735534	2635	0.0634	0.0482	0.8748	
41537118	41541576	4458	0.1254	0.074	0.7764	
42102514	42102973	459	0.0	1.0	0.0	
43009594	43009986	392	0.2857	0.1301	0.5408	
43337895	43338175	280	0.7643	0.0893	0.0107	
43529817	43530378	561	0.2941	0.4563	0.2014	
43535197	43536298	1101	0.4877	0.2262	0.1671	
43590316	43590589	273	0.0	1.0	0.0	
43595456	43595612	156	0.0	1.0	0.0	
43600143	43600530	387	0.0	1.0	0.0	
43620285	43620570	285	0.0	1.0	0.0	
44100139	44100781	642	0.0	1.0	0.0	
44102555	44106940	4385	0.109	0.1111	0.7672	
44573661	44574359	698	0.0	1.0	0.0	
44698993	44699417	424	0.7689	0.0071	0.1014	
44926204	44927742	1538	0.2042	0.1099	0.6229	
44926204	44927742	1538	0.2042	0.1099	0.6229	
45337833	45339923	2090	0.167	0.0938	0.6919	
45789685	45790360	675	0.163	0.2637	0.5659	
45887908	45888278	370	0.5	0.1892	0.2459	
46700490	46700750	260	0.0	1.0	0.0	
46709433	46710974	1541	0.3108	0.0928	0.5321	
46709433	46710974	1541	0.3108	0.0928	0.5321	
46800536	46801832	1296	0.064	0.8472	0.0756	
46800536	46801832	1296	0.064	0.8472	0.0756	
47070949	47072752	1803	0.3871	0.3111	0.2091	
47872794	47873119	325	0.2031	0.7846	0.0	
47874611	47874745	134	0.9552	0.0	0.0	
48169153	48169872	719	0.3143	0.1488	0.4409	
49690299	49690553	254	0.3898	0.3976	0.1732	
49732733	49734004	1271	0.7506	0.0543	0.1212	
51490811	51490958	147	0.9252	0.0	0.0272	
51556213	51556608	395	0.7924	0.0456	0.0405	
53438468	53439485	1017	0.4867	0.1829	0.2645	
53438468	53439485	1017	0.4867	0.1829	0.2645	
53446481	53446759	278	0.7014	0.0252	0.205	
54957241	54959981	2740	0.0719	0.2036	0.708	
55287660	55289315	1655	0.1565	0.0858	0.7372	
55287660	55289315	1655	0.1565	0.0858	0.7372	
55320078	55320638	560	0.4089	0.0196	0.5411	
55517710	55518454	744	0.582	0.1196	0.2164	
55534175	55535219	1044	0.568	0.0182	0.3582	
57254503	57256296	1793	0.5661	0.222	0.106	
57321243	57321610	367	0.5504	0.188	0.1744	
57566295	57567161	866	0.8741	0.0289	0.0335	
57764815	57765017	202	0.9653	0.0	0.0	
58450101	58451556	1455	0.0488	0.3505	0.5622	
58939344	58939609	265	0.7962	0.0	0.1019	
59481445	59482919	1474	0.3948	0.2293	0.325	
59584563	59584797	234	0.9274	0.0	0.0171	
59611849	59612140	291	0.8557	0.0206	0.0447	
59640817	59640974	157	0.949	0.0	0.0	
59670618	59671700	1082	0.0	1.0	0.0	
59676818	59677661	843	0.0	1.0	0.0	
59685459	59686008	549	0.4645	0.0929	0.4007	
59892753	59893096	343	0.9271	0.0029	0.0029	
60201795	60202093	298	0.8758	0.0	0.047	
60508752	60509009	257	0.0778	0.4008	0.4786	
60556998	60557247	249	0.7349	0.1165	0.0161	
62178513	62178895	382	0.7304	0.0445	0.1414	
62523182	62523860	678	0.3024	0.0442	0.6003	
64293617	64296474	2857	0.3665	0.0763	0.4974	
64297263	64298075	812	0.3732	0.1219	0.4409	
64300711	64301128	417	0.6571	0.1703	0.0288	
65056869	65059982	3113	0.2962	0.1446	0.5011	
65056869	65059982	3113	0.2962	0.1446	0.5011	
65213347	65214056	709	0.7278	0.11	0.0395	
65316256	65317722	1466	0.2415	0.3561	0.2899	
65316256	65317722	1466	0.2415	0.3561	0.2899	
65477792	65479591	1799	0.3168	0.0951	0.5459	
65607493	65607656	163	0.0	1.0	0.0	
65874254	65877673	3419	0.3343	0.1927	0.418	
66052302	66052548	246	0.0	1.0	0.0	
68197562	68198613	1051	0.5709	0.2569	0.0856	
68401310	68401862	552	0.183	0.1993	0.587	
68563687	68564741	1054	0.7543	0.1385	0.0588	
68584012	68584739	727	0.0	1.0	0.0	
68607155	68608656	1501	0.8341	0.016	0.068	
68812742	68813177	435	0.2529	0.4943	0.2184	
68898915	68899548	633	0.2796	0.0695	0.594	
70578599	70584359	5760	0.1069	0.0594	0.8139	
70832775	70833076	301	0.8638	0.0266	0.0066	
70868161	70869660	1499	0.449	0.1134	0.3863	
70921273	70922078	805	0.3354	0.036	0.5876	
71165112	71165609	497	0.7243	0.1207	0.0765	
71216969	71217431	462	0.368	0.3766	0.2121	
71371329	71371492	163	0.7607	0.0123	0.1043	
71603930	71604355	425	0.3388	0.6024	0.0071	
71625538	71625735	197	0.8782	0.0203	0.0	
73210875	73211392	517	0.0	1.0	0.0	
73298251	73298806	555	0.1117	0.8432	0.0324	
73299877	73300191	314	0.0	1.0	0.0	
73300552	73301307	755	0.0874	0.449	0.449	
74768760	74769018	258	0.9031	0.0	0.0194	
75066623	75067991	1368	0.7639	0.0475	0.0965	
75100991	75101275	284	0.9014	0.007	0.0458	
75215084	75215461	377	0.3501	0.2255	0.3528	
75385815	75386018	203	0.9212	0.0049	0.0148	
76002420	76002992	572	0.6329	0.0175	0.229	
76382821	76383128	307	0.0	1.0	0.0	
76388768	76389106	338	0.7633	0.0118	0.0888	
76400185	76401037	852	0.0	1.0	0.0	
77028880	77030491	1611	0.1918	0.1055	0.6872	
77254231	77257290	3059	0.273	0.2409	0.4456	
77492708	77493310	602	0.4352	0.0382	0.4817	
78168460	78169490	1030	0.334	0.1291	0.4893	
78261001	78261928	927	0.5642	0.0345	0.3301	
78358353	78359911	1558	0.4641	0.07	0.4012	
78358353	78359911	1558	0.4641	0.07	0.4012	
78373196	78373509	313	0.7284	0.0383	0.2077	
78374106	78374398	292	0.8562	0.0582	0.0103	
78606099	78606364	265	0.8755	0.0377	0.0226	
78658426	78658591	165	0.0	1.0	0.0	
79438405	79438795	390	0.9051	0.0077	0.0103	
79505731	79506143	412	0.8422	0.0	0.0704	
79628270	79629123	853	0.4689	0.0586	0.4174	
80369787	80370559	772	0.6308	0.1231	0.0881	
80618076	80619548	1472	0.5476	0.0632	0.3207	
80698672	80699066	394	0.8401	0.0076	0.0482	
81835929	81836817	888	0.1182	0.5113	0.2883	
83395958	83396165	207	0.0	1.0	0.0	
84201206	84201394	188	0.6277	0.0319	0.133	
86013709	86014126	417	0.247	0.1823	0.5252	
86181526	86182989	1463	0.4334	0.257	0.2269	
86181526	86182989	1463	0.4334	0.257	0.2269	
86621481	86624750	3269	0.1627	0.019	0.7901	
86710856	86711256	400	0.5975	0.1575	0.19	
87115784	87116070	286	0.7657	0.014	0.0979	
87192985	87193517	532	0.4455	0.3816	0.1165	
87205023	87205622	599	0.8681	0.0668	0.0117	
87221880	87222271	391	0.8875	0.0	0.0256	
87222918	87224832	1914	0.4039	0.1432	0.3762	
87252602	87253137	535	0.8243	0.0879	0.0393	
87678818	87679195	377	0.0	1.0	0.0	
88152868	88153696	828	0.4251	0.0652	0.4662	
88154010	88154184	174	0.8506	0.0	0.046	
88527782	88528426	644	0.354	0.0528	0.5311	
88529076	88531319	2243	0.1248	0.132	0.7307	
88532129	88532276	147	0.0	1.0	0.0	
88536245	88537081	836	0.2895	0.1184	0.5431	
88779622	88779812	190	0.8	0.0	0.0895	
88866427	88869812	3385	0.2062	0.1019	0.6771	
89113759	89115316	1557	0.3687	0.1477	0.4188	
89173084	89173271	187	0.8556	0.0214	0.0321	
89615481	89615903	422	0.5308	0.1588	0.2654	
90001811	90003275	1464	0.5519	0.0649	0.2835	
90057924	90058345	421	0.3729	0.1615	0.3563	
90063258	90063622	364	0.4753	0.4286	0.0165	
90384724	90385087	363	0.6584	0.0523	0.1019	
90416858	90417513	655	0.7893	0.0168	0.0779	
90606401	90607808	1407	0.4343	0.253	0.2253	
91951452	91951655	203	0.8473	0.0296	0.0296	
91953800	91954071	271	0.8635	0.0369	0.0074	
91960497	91960801	304	0.8158	0.0428	0.0461	
92075593	92075835	242	0.8554	0.0041	0.0248	
92167008	92167579	571	0.7618	0.021	0.1541	
92410613	92411094	481	0.738	0.0936	0.0333	
92490794	92491004	210	0.8	0.0333	0.0571	
92842023	92843330	1307	0.3902	0.1484	0.3856	
93169176	93169766	590	0.8068	0.0203	0.0373	
93295822	93296136	314	0.6847	0.035	0.1274	
93345348	93345971	623	0.5778	0.3034	0.0369	
93581992	93582720	728	0.2102	0.5316	0.2431	
93769437	93770257	820	0.3854	0.0183	0.55	
93849907	93850550	643	0.5816	0.1104	0.2177	
94279209	94280370	1161	0.5719	0.1025	0.2472	
94344334	94349747	5413	0.1461	0.1517	0.6747	
94350100	94350634	534	0.309	0.2172	0.4101	
94399906	94400180	274	0.8467	0.0109	0.0182	
94451498	94452292	794	0.8098	0.0214	0.063	
94680302	94683087	2785	0.079	0.1655	0.7422	
95160671	95161539	868	0.5161	0.0357	0.3756	
95320605	95321914	1309	0.1299	0.7166	0.1184	
95603843	95604101	258	0.5969	0.0504	0.3411	
95797715	95799928	2213	0.6141	0.0398	0.258	
95797715	95799928	2213	0.6141	0.0398	0.258	
95826579	95827181	602	0.2791	0.0266	0.6678	
95936492	95938039	1547	0.2359	0.1138	0.6141	
95998751	95999488	737	0.6811	0.1045	0.0814	
96101272	96102197	925	0.2422	0.0454	0.6746	
96232508	96232659	151	0.9007	0.0464	0.0132	
96255558	96257464	1906	0.8095	0.074	0.0519	
96322931	96323087	156	0.8654	0.0	0.0256	
97482288	97483920	1632	0.693	0.0386	0.1942	
97567352	97569439	2087	0.8265	0.0287	0.0465	
98607425	98607575	150	0.7133	0.0467	0.0467	
99733391	99734295	904	0.4502	0.1527	0.3142	
99863759	99864044	285	0.414	0.3368	0.193	
100506259	100507994	1735	0.3879	0.0501	0.4934	
100514313	100515522	1209	0.1249	0.0066	0.8553	
100520551	100520805	254	0.8583	0.0236	0.0394	
100574398	100575093	695	0.4906	0.2072	0.2532	
102549955	102550394	439	0.0	1.0	0.0	
104780516	104780727	211	0.9763	0.0	0.0	
104839865	104840999	1134	0.3959	0.1182	0.4295	
104881832	104882300	468	0.8483	0.0491	0.0064	
105054213	105054403	190	0.6368	0.2368	0.0526	
105105072	105105415	343	0.8047	0.0262	0.0875	
105134042	105135079	1037	0.4918	0.2295	0.1774	
105192785	105192993	208	0.8221	0.0529	0.0433	
105216979	105217267	288	0.0	1.0	0.0	
105513913	105514383	470	0.6766	0.0681	0.1936	
105626715	105626870	155	0.2645	0.5871	0.0387	
105634794	105635210	416	0.6322	0.1851	0.0601	
105723589	105723837	248	0.9355	0.0	0.0	
107437665	107438887	1222	0.4452	0.2234	0.266	
107477235	107477801	566	0.3852	0.0247	0.5194	
107482629	107485959	3330	0.3309	0.2141	0.3919	
107488300	107488811	511	0.7573	0.045	0.0313	
107514945	107515331	386	0.7124	0.1425	0.0725	
107547650	107548653	1003	0.2742	0.013	0.6849	
108512029	108512224	195	0.0	1.0	0.0	
109162920	109165309	2389	0.1026	0.1105	0.7622	
109734042	109737370	3328	0.2933	0.0841	0.5727	
109740026	109740226	200	0.965	0.005	0.0	
110318623	110319022	399	0.6842	0.2155	0.0201	
110694187	110694411	224	0.0	1.0	0.0	
111656067	111656394	327	0.7339	0.0367	0.0948	
111659277	111660852	1575	0.4825	0.1911	0.2552	
111690134	111691271	1137	0.642	0.1091	0.1891	
111711221	111711681	460	0.7435	0.1522	0.0217	
111836514	111838323	1809	0.2875	0.1321	0.5484	
111836514	111838323	1809	0.2875	0.1321	0.5484	
112285718	112285870	152	0.8224	0.0132	0.0592	
112435119	112435544	425	0.5694	0.2494	0.0588	
112442095	112442251	156	0.8462	0.0	0.0064	
112443083	112445415	2332	0.4464	0.178	0.3242	
112829035	112829216	181	0.884	0.0	0.011	
113329591	113330348	757	0.4901	0.0291	0.4412	
113675300	113675925	625	0.1888	0.1584	0.624	
113777522	113780448	2926	0.1073	0.0017	0.88	
114458757	114459105	348	0.7816	0.0201	0.0287	
114460484	114460718	234	0.812	0.0299	0.0214	
114508695	114509806	1111	0.6751	0.0387	0.1971	
114513934	114514885	951	0.5952	0.0263	0.3218	
114523510	114523927	417	0.8321	0.0048	0.0288	
114598491	114598766	275	0.9527	0.0073	0.0	
114652028	114652435	407	0.6806	0.172	0.0172	
114688596	114689740	1144	0.2867	0.0734	0.6058	
114694872	114695911	1039	0.5534	0.129	0.2243	
115437607	115439304	1697	0.4001	0.1933	0.3388	
115939475	115939960	485	0.8144	0.0165	0.0309	
116078743	116079442	699	0.6452	0.1516	0.1574	
116080942	116081506	564	0.5089	0.1844	0.1879	
116301043	116301432	389	0.8612	0.0231	0.0257	
116370363	116370690	327	0.8318	0.0	0.0826	
116452857	116453608	751	0.3236	0.4594	0.1664	
116502937	116503582	645	0.7426	0.1023	0.0186	
116526626	116529799	3173	0.5276	0.1248	0.2628	
116828190	116829245	1055	0.528	0.1564	0.254	
117008374	117008669	295	0.8102	0.0644	0.0102	
117012398	117013764	1366	0.5827	0.1076	0.1654	
117066880	117067358	478	0.4184	0.4163	0.1255	
117099572	117099788	216	0.8472	0.0046	0.0231	
117104334	117104545	211	0.7346	0.019	0.1137	
117115248	117116128	880	0.3523	0.3773	0.2227	
117532918	117533279	361	0.8393	0.0222	0.0443	
118376988	118377799	811	0.4488	0.0567	0.4118	
119091482	119092738	1256	0.2062	0.0247	0.7444	
119110262	119110727	465	0.6237	0.0688	0.1892	
119433543	119434800	1257	0.2379	0.2243	0.5115	
120164087	120164289	202	0.7723	0.0149	0.1139	
120201977	120202292	315	0.6317	0.0794	0.1587	
120458782	120458932	150	0.7733	0.0067	0.0867	
120845552	120845735	183	0.8798	0.0328	0.0	
121037667	121038106	439	0.2574	0.4169	0.3075	
121086586	121087205	619	0.4216	0.2423	0.2698	
121185106	121185266	160	0.775	0.0063	0.0875	
121190147	121190811	664	0.494	0.2846	0.1325	
121206760	121207045	285	0.7158	0.2	0.0351	
121207934	121209509	1575	0.6457	0.1092	0.1606	
121207934	121209509	1575	0.6457	0.1092	0.1606	
121465531	121465785	254	0.9134	0.0157	0.0039	
121653867	121654187	320	0.6844	0.0719	0.1062	
121705572	121705863	291	0.7869	0.0997	0.0309	
122949878	122956394	6516	0.0952	0.0405	0.8498	
123531280	123531515	235	0.7277	0.1702	0.0213	
124664065	124664584	519	0.2524	0.1002	0.5896	
124859450	124860087	637	0.1381	0.617	0.1491	
124862627	124864782	2155	0.0636	0.0812	0.8422	
124862627	124864782	2155	0.0636	0.0812	0.8422	
124869530	124871239	1709	0.0708	0.1258	0.7841	
124923630	124924671	1041	0.0	1.0	0.0	
125555847	125556085	238	0.7017	0.0336	0.1429	
125580774	125581099	325	0.6923	0.2	0.0	
126129572	126130100	528	0.0	1.0	0.0	
126597609	126597802	193	0.0	1.0	0.0	
127030735	127034332	3597	0.1624	0.0762	0.7289	
127030735	127034332	3597	0.1624	0.0762	0.7289	
127030735	127034332	3597	0.1624	0.0762	0.7289	
128645548	128646224	676	0.682	0.0962	0.1243	
128714996	128715229	233	0.8112	0.0258	0.0987	
128952854	128953576	722	0.3795	0.223	0.3601	
128955734	128957037	1303	0.2026	0.1282	0.6608	
128955734	128957037	1303	0.2026	0.1282	0.6608	
128969860	128972813	2953	0.3305	0.1351	0.4802	
129253097	129253634	537	0.6574	0.0186	0.2123	
129572399	129577179	4780	0.1559	0.0416	0.7808	
129731060	129731241	181	0.9006	0.0442	0.0	
129757713	129758555	842	0.4667	0.0261	0.4667	
129868887	129870266	1379	0.438	0.0616	0.4423	
130019536	130021733	2197	0.2558	0.2594	0.4333	
130019536	130021733	2197	0.2558	0.2594	0.4333	
130134634	130136843	2209	0.2852	0.0715	0.6157	
130143678	130144159	481	0.5884	0.1227	0.1684	
130169948	130170594	646	0.0	1.0	0.0	
130679567	130679857	290	0.9345	0.0	0.0414	
130702854	130703183	329	0.9787	0.0	0.0	
131104110	131105119	1009	0.56	0.1685	0.1606	
131107156	131107851	695	0.7525	0.105	0.023	
132052884	132053818	934	0.2516	0.409	0.2773	
132090430	132091840	1410	0.3553	0.1035	0.4645	
132397334	132397995	661	0.8139	0.0151	0.0303	
132465659	132465800	141	0.9716	0.0	0.0	
132572191	132572686	495	0.7717	0.0242	0.0505	
132731980	132734641	2661	0.3754	0.103	0.4551	
132900711	132901599	888	0.2725	0.0462	0.6284	
132902405	132903923	1518	0.4137	0.2167	0.3155	
132902405	132903923	1518	0.4137	0.2167	0.3155	
133341599	133342413	814	0.602	0.0651	0.2187	
133414957	133415243	286	0.7692	0.0175	0.1329	
133415763	133416141	378	0.7169	0.1349	0.0238	
133416610	133417053	443	0.7381	0.0293	0.1287	
133496078	133496319	241	0.5892	0.3651	0.0041	
133508447	133511052	2605	0.2871	0.0365	0.6184	
134045963	134047005	1042	0.1363	0.1727	0.6708	
134164079	134165084	1005	0.4169	0.2119	0.2746	
134212563	134213040	477	0.5639	0.1216	0.2767	
134352372	134353482	1110	0.3937	0.3108	0.2541	
134361903	134364433	2530	0.1154	0.0312	0.83	
134595429	134595826	397	0.3753	0.0831	0.4937	
135170082	135170553	471	0.7219	0.1507	0.0382	
135429382	135429819	437	0.6224	0.1098	0.1602	
135521017	135521215	198	0.8535	0.0202	0.0	
135723719	135724512	793	0.6696	0.0202	0.1538	
135998488	136001713	3225	0.0267	0.1411	0.8233	
136415143	136415980	837	0.6965	0.0824	0.1243	
136546591	136546897	306	0.8562	0.0163	0.0033	
136554645	136555625	980	0.7214	0.0786	0.0878	
136556226	136556387	161	0.913	0.0	0.0	
136606924	136608152	1228	0.579	0.1474	0.1213	
136662673	136663676	1003	0.2911	0.5244	0.1316	
136699798	136700127	329	0.8419	0.0	0.0274	
137073496	137073699	203	0.867	0.0099	0.0197	
137124972	137125521	549	0.6831	0.0765	0.1038	
138095570	138095844	274	0.5073	0.1314	0.2774	
138489832	138491485	1653	0.5136	0.0883	0.291	
138518433	138519109	676	0.1923	0.1509	0.642	
138736839	138737053	214	0.9346	0.0	0.0	
138871214	138871495	281	0.605	0.2349	0.0819	
138894540	138894750	210	0.8714	0.0	0.0048	
138929666	138930364	698	0.0	1.0	0.0	
139017330	139018365	1035	0.5923	0.1488	0.1575	
139017330	139018365	1035	0.5923	0.1488	0.1575	
139020109	139020308	199	0.9648	0.0	0.005	
139051565	139051837	272	0.7794	0.0588	0.0478	
139079332	139079792	460	0.487	0.0239	0.4435	
139584421	139585997	1576	0.165	0.1383	0.6796	
139796638	139800472	3834	0.3641	0.0438	0.5436	
139796638	139800472	3834	0.3641	0.0438	0.5436	
139796638	139800472	3834	0.3641	0.0438	0.5436	
139884193	139884941	748	0.9439	0.0	0.0067	
140293003	140294687	1684	0.5909	0.0338	0.3082	
140536208	140536883	675	0.3304	0.0074	0.6237	
141021119	141021705	586	0.0324	0.8481	0.116	
141066961	141067573	612	0.3023	0.1324	0.5392	
141170908	141171960	1052	0.8232	0.0627	0.0399	
141219917	141221032	1115	0.6673	0.1139	0.1552	
141230301	141230770	469	0.3966	0.3966	0.1578	
141242826	141243201	375	0.816	0.024	0.0747	
141491894	141493268	1374	0.532	0.0895	0.2678	
141552789	141553039	250	0.86	0.044	0.028	
141553618	141555386	1768	0.3971	0.1838	0.3643	
141553618	141555386	1768	0.3971	0.1838	0.3643	
141873441	141875454	2013	0.4272	0.1863	0.305	
141873441	141875454	2013	0.4272	0.1863	0.305	
141973840	141974643	803	0.4782	0.0299	0.3998	
142274518	142274859	341	0.7801	0.0616	0.0557	
142309655	142310101	446	0.6121	0.0673	0.2466	
142310802	142311508	706	0.6416	0.1374	0.1586	
142458402	142458629	227	0.0	1.0	0.0	
142663532	142663738	206	0.6748	0.2282	0.0097	
142986424	142986680	256	0.8828	0.0	0.0586	
143044645	143045232	587	0.7819	0.0409	0.0307	
143593726	143594012	286	0.7168	0.0804	0.0385	
143608432	143609084	652	0.6518	0.1242	0.1273	
143697817	143698059	242	0.8636	0.0124	0.0207	
143786561	143787423	862	0.6717	0.1427	0.0684	
143984583	143985174	591	0.6007	0.1624	0.1641	
144286609	144286872	263	0.8859	0.0342	0.0	
144767688	144769582	1894	0.378	0.1352	0.4329	
145279378	145279935	557	0.0	1.0	0.0	
145348229	145350129	1900	0.4337	0.14	0.3705	
145829820	145830020	200	0.895	0.02	0.0	
145872886	145873337	451	0.0	1.0	0.0	
146191688	146192148	460	0.8391	0.0304	0.0326	
146199718	146201003	1285	0.5377	0.1704	0.1759	
146199718	146201003	1285	0.5377	0.1704	0.1759	
146229138	146229393	255	0.1059	0.8627	0.0	
146460218	146460960	742	0.4933	0.0216	0.434	
146560858	146561142	284	0.6937	0.2324	0.0	
147702529	147703040	511	0.0939	0.4423	0.4462	
147713943	147714406	463	0.4968	0.1015	0.3261	
148600282	148600686	404	0.7847	0.0792	0.0545	
148725747	148726429	682	0.7126	0.0836	0.0762	
148887712	148889356	1644	0.3236	0.1946	0.455	
148949621	148950689	1068	0.8558	0.0206	0.015	
148958231	148959710	1479	0.2306	0.142	0.5936	
148964816	148965018	202	0.9307	0.0	0.0	
149207933	149208221	288	0.5938	0.3958	0.0	
149376454	149376854	400	0.775	0.07	0.045	
149403292	149404270	978	0.3548	0.1217	0.4806	
149403292	149404270	978	0.3548	0.1217	0.4806	
149555812	149556511	699	0.4049	0.2532	0.2132	
150355684	150356796	1112	0.2824	0.0324	0.6421	
151159323	151159772	449	0.7439	0.2138	0.0022	
151720735	151723706	2971	0.1575	0.1229	0.688	
151720735	151723706	2971	0.1575	0.1229	0.688	
152605314	152606606	1292	0.4265	0.1486	0.3661	
152605314	152606606	1292	0.4265	0.1486	0.3661	
152717262	152720253	2991	0.2414	0.0799	0.6349	
154912627	154913231	604	0.0	1.0	0.0	
154922541	154925822	3281	0.2746	0.1091	0.5629	
155857118	155857905	787	0.202	0.7027	0.0534	
156070667	156071740	1073	0.2218	0.0624	0.6859	
156180078	156181228	1150	0.1226	0.1417	0.7191	
156695654	156696369	715	0.7692	0.0713	0.0336	
157318663	157319678	1015	0.2148	0.0325	0.7438	
157445949	157447329	1380	0.6116	0.0333	0.2667	
157445949	157447329	1380	0.6116	0.0333	0.2667	
157449664	157450035	371	0.7574	0.0863	0.0566	
157641912	157642113	201	0.791	0.1095	0.005	
157744803	157745799	996	0.489	0.0964	0.2892	
157752439	157752662	223	0.435	0.278	0.1794	
157753845	157754036	191	0.6335	0.2199	0.0052	
157779807	157781082	1275	0.4659	0.0486	0.4314	
157796744	157797341	597	0.7504	0.0888	0.0402	
157820497	157822274	1777	0.2307	0.1221	0.5937	
157987115	157988240	1125	0.4978	0.3893	0.0364	
158001259	158001457	198	0.8384	0.0657	0.0202	
158105054	158105777	723	0.3721	0.0996	0.4827	
158306468	158306883	415	0.5759	0.0096	0.3277	
158589569	158589710	141	0.8652	0.0213	0.0142	
159328673	159329352	679	0.3785	0.0928	0.5052	
159392600	159393173	573	0.5428	0.2129	0.2164	
159629903	159630511	608	0.4655	0.2418	0.2007	
159979686	159982861	3175	0.0602	0.0047	0.9301	
159986021	159988660	2639	0.5858	0.0947	0.2387	
160350596	160351424	828	0.7222	0.0374	0.0894	
160369778	160370245	467	0.5782	0.1071	0.2206	
160982297	160982753	456	0.0	1.0	0.0	
161336246	161336951	705	0.5362	0.1702	0.2397	
161350083	161350418	335	0.7194	0.0627	0.0806	
161350722	161350923	201	0.7313	0.01	0.1294	
161373428	161373870	442	0.4977	0.2398	0.2172	
162699277	162702600	3323	0.3828	0.1041	0.4493	
162699277	162702600	3323	0.3828	0.1041	0.4493	
163531859	163532681	822	0.3406	0.1873	0.4075	
163570697	163572872	2175	0.1205	0.2395	0.6221	
163762988	163764126	1138	0.094	0.3058	0.5975	
163799805	163800067	262	0.9771	0.0	0.0038	
165942036	165943773	1737	0.4329	0.1963	0.3172	
165952372	165953747	1375	0.6378	0.0902	0.1273	
166062667	166062920	253	0.8458	0.0474	0.004	
166093160	166093393	233	0.7511	0.03	0.0858	
166098559	166099432	873	0.5727	0.0206	0.3688	
166633212	166633800	588	0.3231	0.0102	0.6293	
168242441	168242622	181	0.7569	0.1215	0.0166	
168343828	168343995	167	0.9162	0.018	0.0	
168386845	168387337	492	0.3232	0.2154	0.3679	
168983595	168983768	173	0.9538	0.0058	0.0	
169437283	169438198	915	0.5628	0.1421	0.2415	
169443488	169443733	245	0.8694	0.0204	0.0245	
169501239	169501735	496	0.1472	0.6593	0.123	
170197836	170198879	1043	0.3231	0.1381	0.4583	
170566541	170567733	1192	0.3037	0.3104	0.375	
170838985	170840099	1114	0.4291	0.1113	0.3914	
170884028	170889290	5262	0.0768	0.0376	0.8685	
170939828	170940371	543	0.6225	0.1584	0.1215	
171147466	171148078	612	0.598	0.1552	0.1209	
171150941	171152524	1583	0.4157	0.1453	0.3613	
171381988	171382669	681	0.6931	0.0881	0.0999	
172533127	172533518	391	0.4731	0.3708	0.0588	
172699992	172700437	445	0.8809	0.0067	0.027	
173755816	173757507	1691	0.3288	0.2383	0.385	
173880592	173881792	1200	0.2683	0.1625	0.5183	
173992736	173994803	2067	0.1359	0.2346	0.6038	
174005702	174006529	827	0.1245	0.1487	0.7025	
174142144	174142721	577	0.3865	0.0312	0.5182	
174289996	174290292	296	0.4764	0.348	0.0473	
174465621	174465770	149	0.0	1.0	0.0	
174630821	174633536	2715	0.2147	0.0416	0.7153	
174649894	174650183	289	0.737	0.083	0.045	
174781664	174781893	229	0.8035	0.0349	0.0218	
174823718	174824260	542	0.4336	0.0295	0.4889	
174877507	174879797	2290	0.317	0.1581	0.4502	
174880623	174880807	184	0.5435	0.3533	0.0054	
174890361	174892304	1943	0.3093	0.0355	0.6161	
174948816	174950279	1463	0.3103	0.1203	0.5304	
175216769	175219027	2258	0.1488	0.0337	0.8056	
175460372	175461137	765	0.3516	0.2719	0.3111	
175495393	175496854	1461	0.4011	0.13	0.4319	
175495393	175496854	1461	0.4011	0.13	0.4319	
175576943	175577596	653	0.6325	0.0459	0.2619	
175714001	175714514	513	0.729	0.0643	0.1365	
175732101	175732966	865	0.7734	0.0358	0.1121	
175736612	175737483	871	0.6923	0.0471	0.1125	
176179632	176179932	300	0.8133	0.0567	0.01	
176256468	176256989	521	0.3743	0.3512	0.1919	
176347755	176348669	914	0.8118	0.0361	0.0492	
176412285	176413892	1607	0.3908	0.0853	0.4617	
176529560	176530949	1389	0.3571	0.2102	0.3686	
176915097	176915423	326	0.6871	0.0859	0.1564	
177302470	177302614	144	0.875	0.0278	0.0	
178448104	178448861	757	0.4095	0.0779	0.4399	
179601979	179602431	452	0.4801	0.0863	0.3872	
180892247	180892531	284	0.7641	0.0282	0.1268	
180981963	180982177	214	0.5514	0.2897	0.0981	
181056352	181057209	857	0.7083	0.1237	0.0525	
181076260	181077792	1532	0.3714	0.2598	0.3133	
181076260	181077792	1532	0.3714	0.2598	0.3133	
181131849	181132041	192	0.9219	0.0	0.0	
181233815	181235843	2028	0.0769	0.0828	0.8353	
181284494	181284650	156	0.8462	0.0833	0.0	
181317978	181319528	1550	0.4794	0.1548	0.2929	
181317978	181319528	1550	0.4794	0.1548	0.2929	
181542459	181542644	185	0.9297	0.0	0.0216	
181892811	181892981	170	0.9235	0.0118	0.0118	
183037975	183038327	352	0.0	1.0	0.0	
183310375	183311139	764	0.2696	0.144	0.5118	
183310375	183311139	764	0.2696	0.144	0.5118	
183357415	183358042	627	0.386	0.5247	0.0191	
183373530	183373742	212	0.3821	0.4009	0.0755	
183780933	183781394	461	0.7766	0.0846	0.0434	
184020573	184020757	184	0.913	0.0109	0.0054	
184407238	184409501	2263	0.0	1.0	0.0	
184693114	184693674	560	0.1554	0.8196	0.0	
184715056	184716834	1778	0.3144	0.4134	0.2261	
184725212	184726262	1050	0.5352	0.2171	0.1467	
184767598	184767926	328	0.0061	0.8415	0.1524	
185151204	185152079	875	0.3429	0.208	0.3509	
185172487	185173191	704	0.4787	0.1136	0.2898	
185178075	185178948	873	0.4318	0.1226	0.37	
185187874	185188920	1046	0.2782	0.0688	0.6119	
185251699	185252021	322	0.4938	0.2484	0.1553	
185712224	185714260	2036	0.3129	0.1744	0.4357	
185825241	185825639	398	0.309	0.0352	0.6055	
185825241	185825639	398	0.309	0.0352	0.6055	
186230872	186232545	1673	0.3192	0.0717	0.5541	
186545044	186545216	172	0.4826	0.2849	0.0	
186700285	186701251	966	0.3623	0.1925	0.3965	
187302329	187302527	198	0.7727	0.0707	0.0707	
187305300	187305488	188	0.8777	0.0053	0.0	
187419385	187419701	316	0.9177	0.0	0.0	
187611567	187612020	453	0.7837	0.053	0.0287	
187699116	187704564	5448	0.0668	0.0918	0.8234	
187699116	187704564	5448	0.0668	0.0918	0.8234	
188848048	188848321	273	0.7436	0.044	0.0733	
189215704	189218492	2788	0.3899	0.1331	0.4053	
189215704	189218492	2788	0.3899	0.1331	0.4053	
189268704	189268934	230	0.5609	0.387	0.0043	
189276261	189277381	1120	0.5482	0.0393	0.3384	
189287964	189288779	815	0.3877	0.1853	0.3558	
189567409	189568537	1128	0.4131	0.1879	0.359	
189597556	189599081	1525	0.3161	0.1115	0.522	
189841449	189842244	795	0.2038	0.1459	0.6377	
190183876	190186162	2286	0.1124	0.0792	0.7975	
190379817	190380125	308	0.737	0.1299	0.0325	
191327740	191328212	472	0.428	0.2987	0.2479	
192276937	192278354	1417	0.2442	0.0812	0.6613	
192873618	192873822	204	0.7794	0.1765	0.0	
192874880	192875045	165	0.8667	0.0667	0.0061	
193590388	193591456	1068	0.8127	0.0318	0.1292	
193595663	193595896	233	0.9442	0.0043	0.0	
193596216	193596669	453	0.7837	0.0177	0.0883	
193613622	193614306	684	0.443	0.193	0.307	
193865520	193866334	814	0.2396	0.1044	0.5381	
193865520	193866334	814	0.2396	0.1044	0.5381	
195243932	195244337	405	0.8444	0.0519	0.0444	
195694891	195695981	1090	0.444	0.1073	0.3945	
195694891	195695981	1090	0.444	0.1073	0.3945	
195824059	195825282	1223	0.52	0.121	0.287	
197598374	197601938	3564	0.0311	0.0561	0.9063	
197598374	197601938	3564	0.0311	0.0561	0.9063	
197656197	197658159	1962	0.5194	0.1448	0.2666	
197656197	197658159	1962	0.5194	0.1448	0.2666	
197668601	197668941	340	0.5647	0.1647	0.1971	
198620012	198621840	1828	0.4283	0.2123	0.3085	
198620012	198621840	1828	0.4283	0.2123	0.3085	
198821324	198822027	703	0.0	1.0	0.0	
199233767	199234169	402	0.4925	0.4403	0.0124	
199282482	199282998	516	0.5155	0.3333	0.0291	
200070378	200070598	220	0.7909	0.0	0.1045	
200730170	200731031	861	0.5842	0.23	0.0952	
200818523	200820014	1491	0.2012	0.1167	0.6533	
200922989	200923874	885	0.2847	0.348	0.3356	
200965918	200966416	498	0.6205	0.1787	0.1064	
201201678	201202512	834	0.6211	0.199	0.0875	
201215299	201215530	231	0.9394	0.0087	0.0087	
201295947	201296702	755	0.7695	0.0291	0.106	
201334314	201335018	704	0.5412	0.0099	0.3991	
201381987	201383974	1987	0.6407	0.0961	0.1696	
201463822	201464431	609	0.3399	0.2447	0.3678	
201480032	201481053	1021	0.4358	0.1254	0.3497	
201664540	201665477	937	0.921	0.0043	0.0117	
201789040	201789198	158	0.7658	0.1392	0.0063	
201803558	201806748	3190	0.5411	0.0972	0.3238	
201877638	201877805	167	0.8084	0.024	0.0778	
201913824	201914728	904	0.521	0.0299	0.3861	
202017308	202017776	468	0.7607	0.0983	0.0406	
202051904	202052160	256	0.8359	0.0625	0.0039	
202083312	202083577	265	0.7358	0.1245	0.034	
202324069	202324593	524	0.6966	0.1508	0.0802	
202514656	202515696	1040	0.825	0.0529	0.05	
202632031	202632371	340	0.6059	0.1588	0.1853	
202647105	202647315	210	0.0	1.0	0.0	
202825655	202826312	657	0.6545	0.14	0.1309	
203019968	203020550	582	0.5533	0.043	0.2423	
203145350	203146902	1552	0.4298	0.0876	0.4246	
203209441	203210538	1097	0.4294	0.0711	0.4348	
203352721	203353993	1272	0.8664	0.0244	0.0149	
203472515	203473588	1073	0.658	0.1007	0.151	
203507773	203508051	278	0.8417	0.0144	0.0647	
203686882	203687679	797	0.2484	0.0276	0.7102	
204036927	204037613	686	0.8717	0.0204	0.0554	
204057836	204058030	194	0.8969	0.0103	0.0	
204124609	204125259	650	0.4138	0.06	0.4646	
204413533	204413835	302	0.0	1.0	0.0	
204777085	204778410	1325	0.2604	0.0657	0.6558	
204777085	204778410	1325	0.2604	0.0657	0.6558	
205026124	205026753	629	0.7202	0.0652	0.132	
205313289	205313473	184	0.9022	0.0	0.0217	
205333828	205334377	549	0.8652	0.0383	0.0255	
205340564	205340732	168	0.9286	0.0238	0.0	
205363364	205363540	176	0.9375	0.0	0.0284	
205369299	205370028	729	0.5789	0.1166	0.2291	
205389005	205389185	180	0.0	1.0	0.0	
205418495	205419073	578	0.4862	0.2595	0.1851	
205432614	205432849	235	0.783	0.0383	0.0468	
205952097	205952322	225	0.36	0.2933	0.2311	
206025868	206027147	1279	0.631	0.043	0.2424	
206298111	206300111	2000	0.726	0.0445	0.165	
206298111	206300111	2000	0.726	0.0445	0.165	
206300935	206301347	412	0.7597	0.1141	0.0801	
206354126	206355095	969	0.4582	0.1238	0.2714	
206358110	206358714	604	0.394	0.2997	0.2748	
206367227	206370356	3129	0.5296	0.1301	0.2793	
206367227	206370356	3129	0.5296	0.1301	0.2793	
206446563	206446855	292	0.9144	0.0103	0.0205	
206460803	206461066	263	0.0	1.0	0.0	
206684474	206687476	3002	0.2219	0.1069	0.6389	
206954008	206954152	144	0.9375	0.0	0.0	
207087557	207088011	454	0.9405	0.0	0.0242	
207098000	207098244	244	0.9672	0.0	0.0	
207540636	207540895	259	0.9228	0.0	0.0386	
207629663	207631440	1777	0.256	0.0366	0.6742	
207631583	207634707	3124	0.4085	0.1018	0.4142	
207645872	207647265	1393	0.3984	0.2656	0.2642	
207693144	207693406	262	0.9198	0.0	0.0229	
207694215	207696248	2033	0.1303	0.0497	0.7969	
207792402	207792776	374	0.7781	0.0561	0.0909	
207793510	207795475	1965	0.7338	0.0254	0.171	
208016782	208017898	1116	0.5914	0.0233	0.2984	
208708159	208710675	2516	0.0807	0.1578	0.7504	
209605384	209605789	405	0.9062	0.0173	0.0049	
210312539	210314420	1881	0.6135	0.0245	0.2892	
210794171	210794310	139	0.9568	0.0	0.0	
210888541	210889214	673	0.419	0.0535	0.4487	
211287616	211288483	867	0.8697	0.0277	0.0046	
211455665	211457402	1737	0.8025	0.0294	0.0691	
211520133	211520597	464	0.8513	0.0086	0.0323	
211726763	211727395	632	0.8149	0.0285	0.0585	
211962101	211963115	1014	0.7584	0.1282	0.0493	
212100739	212101719	980	0.2765	0.1173	0.5255	
212166362	212168032	1670	0.7898	0.091	0.0737	
212658949	212659119	170	0.9588	0.0	0.0	
212661284	212661660	376	0.8298	0.0585	0.008	
212734823	212735694	871	0.3743	0.0723	0.4983	
212810145	212811321	1176	0.8707	0.0332	0.0536	
212857361	212859571	2210	0.0742	0.0213	0.8928	
212936632	212938308	1676	0.7715	0.0758	0.0746	
213035727	213036087	360	0.7722	0.1083	0.075	
213164612	213164996	384	0.5964	0.2161	0.0417	
213295522	213295847	325	0.8369	0.0308	0.0523	
213373136	213375354	2218	0.4166	0.0951	0.4184	
213691793	213693309	1516	0.1755	0.1174	0.6761	
213816581	213817413	832	0.7897	0.0505	0.024	
213939129	213939770	641	0.2871	0.3619	0.3214	
213947176	213950459	3283	0.3536	0.2723	0.3159	
213965645	213965898	253	0.253	0.5099	0.0198	
214030427	214032025	1598	0.4161	0.1402	0.3748	
214204954	214207312	2358	0.3511	0.0458	0.5547	
214204954	214207312	2358	0.3511	0.0458	0.5547	
214495291	214496145	854	0.5035	0.0398	0.4087	
214918555	214919033	478	0.8264	0.1088	0.0105	
215038214	215038917	703	0.5363	0.3542	0.0697	
215503350	215504156	806	0.3945	0.2556	0.2692	
215656173	215657182	1009	0.5243	0.1734	0.2002	
216783407	216783613	206	0.9029	0.0049	0.0194	
216788380	216789156	776	0.6263	0.1224	0.125	
216819135	216819966	831	0.5463	0.0397	0.343	
216862233	216862572	339	0.7109	0.1416	0.0619	
217046558	217047214	656	0.7851	0.0305	0.0503	
217214408	217214753	345	0.8087	0.0957	0.0174	
220270920	220271603	683	0.1903	0.0469	0.7438	
220601357	220602145	788	0.6624	0.0381	0.1434	
220602787	220603601	814	0.3747	0.2703	0.2764	
220877997	220878942	945	0.7397	0.0825	0.0656	
222223605	222225114	1509	0.2757	0.1113	0.55	
222238513	222238830	317	0.8675	0.0158	0.0	
222384793	222385071	278	0.036	0.9532	0.0	
222389820	222390707	887	0.4419	0.2638	0.1883	
222391569	222392162	593	0.5919	0.1265	0.1585	
222445846	222446545	699	0.4564	0.1831	0.2847	
222523521	222524711	1190	0.2462	0.337	0.3849	
222593589	222594290	701	0.3552	0.0357	0.5378	
222991612	222991776	164	0.0	1.0	0.0	
223000162	223001398	1236	0.8066	0.0307	0.0793	
223001644	223001916	272	0.8676	0.0184	0.0	
223019026	223019802	776	0.3789	0.1095	0.4278	
223040541	223040726	185	0.8541	0.0054	0.0486	
223078119	223078629	510	0.7569	0.0902	0.0333	
223122794	223122948	154	0.9091	0.0	0.0	
223263877	223264179	302	0.1192	0.8576	0.0	
223637521	223637747	226	0.0	1.0	0.0	
223689784	223690296	512	0.7617	0.0352	0.0723	
223695929	223696466	537	0.5736	0.27	0.0596	
223811233	223811780	547	0.9013	0.0219	0.0073	
223885247	223885399	152	0.9211	0.0	0.0	
223913242	223914098	856	0.4871	0.0152	0.4416	
224239081	224239262	181	0.8619	0.0497	0.011	
224253663	224253824	161	0.9317	0.0062	0.0311	
224440233	224440436	203	0.9064	0.0099	0.0493	
224583919	224584109	190	0.9632	0.0	0.0	
224610913	224611840	927	0.5998	0.2449	0.0615	
224727492	224729505	2013	0.5206	0.0775	0.3224	
225120458	225122878	2420	0.1921	0.0467	0.7442	
225791160	225791323	163	0.9509	0.0	0.0	
225847534	225848217	683	0.4363	0.0425	0.4773	
226046140	226047361	1221	0.2629	0.1097	0.5618	
226047967	226048970	1003	0.4387	0.1236	0.3659	
226131019	226131545	526	0.9106	0.0114	0.0114	
226229591	226229906	315	0.8698	0.0	0.0286	
226597575	226598816	1241	0.6906	0.0967	0.108	
226733403	226734438	1035	0.2599	0.4821	0.2164	
226786860	226787098	238	0.7899	0.0798	0.0168	
227148230	227148527	297	0.367	0.2492	0.2795	
227187153	227187802	649	0.3513	0.2311	0.3606	
227409443	227409934	491	0.8208	0.0407	0.0387	
227678015	227679406	1391	0.0863	0.023	0.8785	
228011042	228011744	702	0.4288	0.0499	0.4316	
228019935	228020147	212	0.8726	0.0236	0.0283	
228039862	228040678	816	0.5784	0.1838	0.1544	
228386168	228386357	189	0.7249	0.0212	0.1746	
228389059	228389435	376	0.8298	0.0133	0.0691	
228398628	228399715	1087	0.2466	0.3349	0.3818	
228669305	228670018	713	0.3983	0.1865	0.3773	
228841206	228841432	226	0.7566	0.1372	0.0442	
228848303	228849479	1176	0.5459	0.0298	0.3282	
229066919	229069296	2377	0.4973	0.1313	0.2785	
229066919	229069296	2377	0.4973	0.1313	0.2785	
229140019	229140199	180	0.8667	0.0222	0.05	
229158854	229159274	420	0.381	0.0119	0.5548	
229167773	229168268	495	0.3394	0.0384	0.5576	
229202759	229203275	516	0.2965	0.1066	0.5678	
229491320	229492760	1440	0.0958	0.1264	0.7583	
230126903	230127138	235	0.9319	0.0043	0.0128	
230145788	230145935	147	0.9048	0.0544	0.0	
230146586	230147048	462	0.6991	0.0823	0.1385	
230298136	230300434	2298	0.4417	0.1079	0.3721	
230298136	230300434	2298	0.4417	0.1079	0.3721	
230307358	230311820	4462	0.3593	0.1414	0.4256	
230345303	230347275	1972	0.2211	0.252	0.497	
230386011	230386180	169	0.7041	0.213	0.0178	
230657264	230658761	1497	0.2919	0.1824	0.4636	
230687047	230687911	864	0.5718	0.2072	0.0926	
230944914	230945758	844	0.5142	0.1173	0.314	
231140762	231140937	175	0.8743	0.0171	0.0229	
231148437	231149014	577	0.617	0.0797	0.2322	
231169421	231169633	212	0.9104	0.0	0.0613	
231366840	231370707	3867	0.2633	0.1784	0.5071	
231373942	231374513	571	0.683	0.0683	0.1173	
231375134	231376441	1307	0.7093	0.1025	0.0811	
231399296	231399789	493	0.4625	0.2231	0.2657	
231588572	231588807	235	0.8596	0.0553	0.034	
231597166	231598190	1024	0.3125	0.2529	0.3828	
231643238	231643909	671	0.8823	0.0447	0.0104	
232300969	232301196	227	0.7137	0.0176	0.1366	
232684238	232684417	179	0.5531	0.2682	0.0503	
232752299	232752720	421	0.8219	0.0428	0.0238	
232929748	232931035	1287	0.6325	0.0878	0.1888	
232974136	232975065	929	0.0	1.0	0.0	
232985089	232985959	870	0.3989	0.1563	0.3897	
232988108	232989853	1745	0.5381	0.0613	0.3146	
233007394	233007573	179	0.933	0.0	0.0056	
233107012	233107159	147	0.7687	0.0748	0.0544	
233120065	233121005	940	0.4277	0.1426	0.3596	
233162589	233163381	792	0.5013	0.0859	0.3346	
233167156	233168281	1125	0.4276	0.0373	0.4756	
233206284	233206494	210	0.881	0.0333	0.0095	
233300871	233301090	219	0.9132	0.0046	0.0046	
233322625	233322822	197	0.9188	0.0	0.0	
233833135	233834919	1784	0.5611	0.0841	0.2724	
233874127	233874629	502	0.3367	0.0219	0.6076	
233966762	233967400	638	0.5345	0.1755	0.2226	
234212942	234213103	161	0.913	0.0	0.0435	
234320376	234320515	139	0.8273	0.0	0.0791	
234320904	234321473	569	0.3163	0.1054	0.5501	
234364767	234365109	342	0.3158	0.2924	0.3655	
234462450	234464944	2494	0.2634	0.2839	0.4178	
234495748	234496778	1030	0.401	0.365	0.1583	
234553823	234557249	3426	0.2744	0.1486	0.5085	
234689082	234689504	422	0.8934	0.0024	0.0071	
234691506	234692820	1314	0.5457	0.0571	0.3333	
234729400	234731809	2409	0.3259	0.203	0.4276	
234744747	234745854	1107	0.4977	0.0632	0.3559	
234746245	234746697	452	0.8164	0.0642	0.0155	
234790562	234791367	805	0.1068	0.5317	0.3329	
234824239	234824579	340	0.5765	0.3265	0.0029	
234855313	234855594	281	0.9537	0.0	0.0071	
234875392	234876726	1334	0.533	0.0315	0.3921	
234891787	234895873	4086	0.0441	0.2036	0.7394	
234896151	234896305	154	0.8701	0.0714	0.0	
234929810	234930262	452	0.6372	0.1106	0.1018	
234976616	234977106	490	0.4469	0.0959	0.3857	
235191613	235191799	186	0.9194	0.0	0.0108	
235233626	235234438	812	0.7315	0.1182	0.069	
235360840	235361509	669	0.5202	0.0972	0.2855	
235629584	235631208	1624	0.8941	0.0308	0.0308	
235629584	235631208	1624	0.8941	0.0308	0.0308	
235670262	235670637	375	0.8	0.0053	0.0747	
235699293	235699441	148	0.4595	0.4459	0.0	
235746510	235747064	554	0.7383	0.0632	0.0325	
235760973	235761233	260	0.7192	0.0423	0.0654	
236004786	236005127	341	0.0	1.0	0.0	
236058274	236058507	233	0.0	1.0	0.0	
236058998	236060577	1579	0.2369	0.1077	0.6181	
236279980	236280396	416	0.2476	0.5673	0.1154	
236335005	236335738	733	0.8786	0.0109	0.0232	
236339119	236339252	133	0.9398	0.0	0.0	
236557274	236558003	729	0.0	1.0	0.0	
236559949	236560133	184	0.0	1.0	0.0	
236598865	236599311	446	0.5605	0.1031	0.2578	
236601803	236602116	313	0.4249	0.4409	0.0128	
236627851	236628767	916	0.6255	0.0917	0.2063	
236627851	236628767	916	0.6255	0.0917	0.2063	
236632661	236633304	643	0.9456	0.0	0.0156	
236640099	236640725	626	0.5495	0.2748	0.1358	
236641148	236642244	1096	0.5766	0.2564	0.1086	
236644835	236645319	484	0.5434	0.1074	0.3037	
236647001	236647866	865	0.8751	0.0104	0.0786	
236649299	236649683	384	0.8594	0.0078	0.0859	
236651577	236652924	1347	0.5479	0.0698	0.2895	
236732952	236733230	278	0.7374	0.0432	0.1043	
236764998	236765702	704	0.2457	0.0099	0.7287	
237060615	237065194	4579	0.0426	0.0452	0.9033	
237060615	237065194	4579	0.0426	0.0452	0.9033	
238574018	238574723	705	0.5617	0.2199	0.1404	
239227078	239227474	396	0.5884	0.1212	0.2121	
239316797	239317537	740	0.3689	0.5446	0.0108	
239498094	239498982	888	0.2646	0.089	0.5788	
240002361	240002522	161	0.8944	0.0	0.0	
240032143	240033143	1000	0.521	0.203	0.16	
240964788	240965365	577	0.5893	0.0191	0.3258	
241301286	241301543	257	0.8677	0.0467	0.0078	
241434811	241435954	1143	0.0866	0.0604	0.8276	
241434811	241435954	1143	0.0866	0.0604	0.8276	
241681709	241683294	1585	0.9413	0.0233	0.0044	
241693276	241693729	453	0.8918	0.0596	0.0	
241957139	241957722	583	0.3688	0.0223	0.5969	
242249795	242251666	1871	0.1951	0.1117	0.6585	
242249795	242251666	1871	0.1951	0.1117	0.6585	
242252513	242252679	166	0.9277	0.0	0.0	
242540349	242543353	3004	0.1362	0.0479	0.7973	
243100238	243101663	1425	0.5067	0.0989	0.3347	
243123211	243124180	969	0.582	0.1538	0.2095	
243584447	243584725	278	0.7986	0.0576	0.0396	
243635701	243636379	678	0.5841	0.174	0.1726	
243705311	243705847	536	0.194	0.5168	0.2313	
243714179	243716065	1886	0.1713	0.096	0.6935	
243801870	243804786	2916	0.3591	0.2061	0.3759	
243846607	243847323	716	0.2318	0.7332	0.007	
244066219	244066695	476	0.6324	0.1092	0.1765	
244112041	244112952	911	0.5664	0.0823	0.1537	
244213378	244213655	277	0.7329	0.1986	0.0108	
244319209	244319505	296	0.6622	0.0101	0.2095	
244496538	244498569	2031	0.5775	0.1044	0.2388	
244496538	244498569	2031	0.5775	0.1044	0.2388	
244496538	244498569	2031	0.5775	0.1044	0.2388	
244518555	244519298	743	0.7577	0.0592	0.0659	
244534131	244537596	3465	0.2413	0.0661	0.6545	
245186972	245187232	260	0.85	0.0	0.1077	
245195543	245196185	642	0.3037	0.1153	0.567	
245212112	245214060	1948	0.4076	0.1771	0.348	
245712817	245713640	823	0.2066	0.13	0.5893	
248332702	248332826	124	0.9435	0.0081	0.0	
248353791	248354003	212	0.6509	0.1321	0.1698	
248786474	248787206	732	0.4167	0.5164	0.0137	
248792427	248792677	250	0.768	0.064	0.016	
248793123	248793714	591	0.6514	0.1252	0.1201	
248916475	248916692	217	0.5853	0.235	0.0369	
249198453	249201078	2625	0.392	0.1048	0.453	
249319905	249320268	363	0.5427	0.2507	0.0634	
250691225	250692305	1080	0.0954	0.113	0.7593	
251256445	251256814	369	0.5799	0.3686	0.0163	
251265068	251268935	3867	0.4466	0.151	0.331	
252697168	252698620	1452	0.1618	0.2383	0.5523	
252724532	252728025	3493	0.1606	0.093	0.724	
252724532	252728025	3493	0.1606	0.093	0.724	
252770293	252771098	805	0.5627	0.1466	0.2236	
253008083	253009120	1037	0.0415	0.5188	0.4291	
253074477	253075999	1522	0.4402	0.115	0.3863	
253371529	253371710	181	0.895	0.0497	0.0	
253601659	253602430	771	0.3437	0.1115	0.4864	
253695153	253695360	207	0.0	1.0	0.0	
253775650	253780032	4382	0.1239	0.1639	0.6732	
253807592	253808517	925	0.4022	0.1081	0.4259	
253811264	253811513	249	0.9518	0.004	0.0	
253812270	253812604	334	0.8772	0.012	0.0749	
253917274	253917446	172	0.9128	0.0233	0.0	
253938286	253938512	226	0.8584	0.0	0.0265	
254463307	254463560	253	0.747	0.0356	0.1502	
254475735	254476758	1023	0.6383	0.0391	0.2317	
254479786	254480208	422	0.7299	0.1351	0.0355	
254488335	254488520	185	0.9135	0.0054	0.0	
255258188	255259370	1182	0.1218	0.0415	0.8257	
255575360	255576974	1614	0.575	0.1084	0.2286	
255617924	255618204	280	0.825	0.1179	0.0	
255803497	255803924	427	0.9321	0.0187	0.0047	
256190388	256190713	325	0.5292	0.1938	0.2092	
256597896	256599163	1267	0.5335	0.0726	0.3315	
256597896	256599163	1267	0.5335	0.0726	0.3315	
256772166	256772379	213	0.9108	0.0282	0.0	
257093894	257094561	667	0.8501	0.03	0.003	
257168593	257169571	978	0.5266	0.1237	0.2178	
257471170	257471731	561	0.7665	0.0731	0.0873	
257640070	257640224	154	0.9805	0.0	0.0	
257644254	257644943	689	0.4441	0.1277	0.3846	
257958344	257958793	449	0.4944	0.0468	0.3408	
258238603	258239053	450	0.5467	0.0578	0.3511	
258250599	258252809	2210	0.638	0.0846	0.2081	
258250599	258252809	2210	0.638	0.0846	0.2081	
258498101	258498295	194	0.8711	0.0309	0.0155	
258499925	258501375	1450	0.84	0.0138	0.0924	
259094539	259094939	400	0.7925	0.0575	0.0375	
259208265	259208441	176	0.8125	0.0398	0.0625	
259303569	259303932	363	0.8264	0.0413	0.0689	
259459338	259460154	816	0.7108	0.0931	0.1336	
259497605	259497957	352	0.7614	0.1193	0.0199	
259674324	259675357	1033	0.4172	0.0484	0.4889	
259674324	259675357	1033	0.4172	0.0484	0.4889	
260041576	260041710	134	0.9552	0.0	0.0	
260196771	260197765	994	0.2736	0.5121	0.1841	
260415646	260416874	1228	0.7647	0.0399	0.1164	
260421885	260422381	496	0.8246	0.0343	0.0444	
260478183	260478536	353	0.6516	0.0595	0.2181	
260519214	260520684	1470	0.1918	0.0558	0.7224	
260527521	260528647	1126	0.2256	0.1607	0.5648	
260675290	260675926	636	0.0896	0.6179	0.2406	
260676128	260676906	778	0.4177	0.1144	0.383	
260833418	260834246	828	0.7742	0.058	0.087	
260996271	260997608	1337	0.7891	0.1144	0.0254	
260998164	260999543	1379	0.8216	0.0421	0.0841	
261017748	261018484	736	0.7853	0.0652	0.0693	
261030204	261030740	536	0.7537	0.056	0.0317	
261169227	261171234	2007	0.9098	0.0184	0.011	
261291140	261291356	216	0.8194	0.088	0.0093	
261835141	261835368	227	0.8855	0.0044	0.0	
262547656	262550047	2391	0.0937	0.046	0.8448	
262828196	262828540	344	0.7616	0.0407	0.0494	
262875201	262876301	1100	0.7773	0.0236	0.0409	
263127200	263127551	351	0.6068	0.0399	0.245	
263560174	263560926	752	0.262	0.0253	0.6755	
263775393	263775766	373	0.4021	0.2654	0.2172	
263858438	263858862	424	0.0	1.0	0.0	
264192699	264193677	978	0.9744	0.0	0.0051	
264250858	264251621	763	0.578	0.1533	0.1481	
264319083	264320429	1346	0.4926	0.0765	0.3276	
264354415	264355643	1228	0.4047	0.1116	0.4047	
264447357	264448831	1474	0.2958	0.0834	0.5828	
264583184	264584019	835	0.4419	0.0946	0.4299	
264609483	264612949	3466	0.0753	0.0257	0.8927	
264750176	264750412	236	0.8432	0.0636	0.0042	
264818047	264818522	475	0.4295	0.1516	0.3032	
265403419	265403968	549	0.5392	0.1439	0.0674	
266765155	266765373	218	0.555	0.1606	0.211	
266765662	266765935	273	0.8425	0.0659	0.0073	
267875286	267875720	434	0.3779	0.2465	0.3272	
267922080	267922816	736	0.3057	0.2486	0.4171	
268035208	268035937	729	0.6886	0.0343	0.1619	
268127133	268127746	613	0.2333	0.1648	0.5856	
268143614	268145542	1928	0.5991	0.0576	0.2422	
268143614	268145542	1928	0.5991	0.0576	0.2422	
268229020	268229457	437	0.5927	0.0481	0.2883	
268276736	268277046	310	0.7613	0.129	0.0194	
268365607	268366855	1248	0.0777	0.0994	0.8173	
268749019	268749324	305	0.659	0.0328	0.2295	
269194826	269195456	630	0.8762	0.046	0.0	
269313943	269314634	691	0.4631	0.026	0.466	
269373403	269373676	273	0.7985	0.0769	0.022	
269385629	269386663	1034	0.5048	0.0909	0.2921	
269433403	269434031	628	0.6433	0.0987	0.129	
269563822	269564176	354	0.0	1.0	0.0	
269801098	269801748	650	0.9462	0.0	0.0092	
269822259	269822518	259	0.8533	0.0232	0.0502	
269859915	269860563	648	0.6528	0.1543	0.0941	
269974157	269974543	386	0.7876	0.0052	0.0518	
270092241	270093793	1552	0.0928	0.3067	0.5773	
270470054	270470449	395	0.9165	0.0481	0.0	
270660782	270660981	199	0.9347	0.0	0.005	
270691214	270691433	219	0.8402	0.0228	0.0548	
270806868	270808264	1396	0.8388	0.0487	0.0344	
270849680	270850122	442	0.8054	0.0339	0.0498	
270934253	270935774	1521	0.8711	0.0217	0.0513	
271615687	271616539	852	0.4108	0.0845	0.4143	
271867040	271868092	1052	0.3983	0.4886	0.039	
271879675	271880168	493	0.7911	0.0406	0.0487	
272250683	272252195	1512	0.203	0.127	0.6422	
272250683	272252195	1512	0.203	0.127	0.6422	
272421530	272421858	328	0.7988	0.0274	0.0671	
272425886	272429377	3491	0.5569	0.0476	0.3349	
272425886	272429377	3491	0.5569	0.0476	0.3349	
273335648	273336879	1231	0.3428	0.1113	0.4525	
273335648	273336879	1231	0.3428	0.1113	0.4525	
273527579	273528415	836	0.3708	0.4366	0.1507	
274065445	274065974	529	0.8242	0.0756	0.0284	
274070248	274070475	227	0.8899	0.0	0.0529	
274474053	274474756	703	0.4125	0.0583	0.4765	
274570040	274571602	1562	0.6408	0.2939	0.0269	
274592841	274593145	304	0.7862	0.0987	0.023	
274878557	274879664	1107	0.626	0.0668	0.2575	
275232079	275233650	1571	0.1585	0.1719	0.6493	
275360802	275361174	372	0.0	1.0	0.0	
275377693	275378489	796	0.642	0.0151	0.2751	
275563110	275563301	191	0.8691	0.0524	0.0	
275608985	275609233	248	0.9073	0.0161	0.0403	
276262365	276262811	446	0.7556	0.0852	0.0538	
276733032	276733743	711	0.2714	0.1252	0.5893	
277222750	277223451	701	0.7689	0.0499	0.0542	
277329377	277329602	225	0.8267	0.1111	0.0222	
277763592	277764565	973	0.7975	0.0329	0.111	
277893535	277893803	268	0.8806	0.0858	0.0112	
277901506	277901785	279	0.9032	0.0036	0.0251	
277902294	277903199	905	0.8232	0.0343	0.0641	
277903675	277905315	1640	0.6073	0.1762	0.1268	
278073207	278073467	260	0.8654	0.0154	0.0346	
278554598	278555332	734	0.1935	0.1131	0.6703	
279445306	279445769	463	0.8855	0.0	0.054	
280300322	280301538	1216	0.4794	0.0905	0.3487	
280492728	280492911	183	0.8306	0.0383	0.0055	
280715166	280715476	310	0.0	1.0	0.0	
280820084	280821591	1507	0.3981	0.1918	0.3324	
282423401	282423680	279	0.8208	0.0287	0.0573	
282902011	282903840	1829	0.4702	0.082	0.3789	
283060287	283060561	274	0.8248	0.0949	0.0	
283154595	283155437	842	0.8219	0.0523	0.0641	
283205370	283205891	521	0.9155	0.0	0.0345	
283225388	283225984	596	0.4178	0.1527	0.3674	
283231898	283232291	393	0.9211	0.0	0.0102	
283299558	283301883	2325	0.1015	0.0189	0.8619	
283359495	283360760	1265	0.253	0.4055	0.3123	
283362916	283364803	1887	0.1659	0.1526	0.6624	
283542253	283542575	322	0.4224	0.559	0.0	
283563891	283564406	515	0.666	0.1223	0.1437	
283566011	283568216	2205	0.585	0.0463	0.3002	
283645003	283646724	1721	0.5218	0.1842	0.2144	
283672379	283673054	675	0.8296	0.0015	0.0415	
283686510	283688853	2343	0.3133	0.1831	0.4772	
283949064	283949354	290	0.9241	0.0	0.0069	
284291138	284291584	446	0.9238	0.0179	0.0045	
284508818	284509479	661	0.5204	0.1452	0.2572	
285101985	285102270	285	0.1544	0.7579	0.0351	
285437563	285437964	401	0.813	0.0175	0.0324	
285969328	285970940	1612	0.0	1.0	0.0	
286001547	286002176	629	0.0	1.0	0.0	
286020098	286020315	217	0.0	1.0	0.0	
286078313	286078796	483	0.0	1.0	0.0	
286084295	286084957	662	0.0	1.0	0.0	
286085979	286086144	165	0.0	1.0	0.0	
286086372	286086737	365	0.0	1.0	0.0	
286091560	286092012	452	0.0	1.0	0.0	
286099348	286099815	467	0.0	1.0	0.0	
286107718	286108144	426	0.0	1.0	0.0	
286148882	286149441	559	0.8122	0.1252	0.0125	
286205578	286206269	691	0.9609	0.0014	0.0	
286370086	286370844	758	0.5237	0.1702	0.2414	
286411810	286412477	667	0.2849	0.0795	0.5892	
286688431	286688768	337	0.7567	0.0712	0.0386	
286855611	286855820	209	0.866	0.0239	0.0574	
286944081	286944833	752	0.2926	0.0691	0.6104	
286994006	286996820	2814	0.1489	0.3308	0.4883	
287007467	287010618	3151	0.2815	0.1222	0.5528	
287095822	287096685	863	0.8088	0.044	0.0429	
287143103	287143943	840	0.6536	0.0952	0.1929	
287143103	287143943	840	0.6536	0.0952	0.1929	
287144510	287145268	758	0.8997	0.0079	0.029	
287191536	287193933	2397	0.3851	0.0534	0.4969	
287191536	287193933	2397	0.3851	0.0534	0.4969	
287280209	287280436	227	0.9339	0.0176	0.0044	
287616061	287616304	243	0.8519	0.0123	0.0576	
287654140	287656102	1962	0.4857	0.1228	0.289	
288289029	288289964	935	0.8267	0.0321	0.0588	
288289029	288289964	935	0.8267	0.0321	0.0588	
288375706	288376343	637	0.0	1.0	0.0	
288376756	288377446	690	0.0	1.0	0.0	
288386303	288387679	1376	0.8103	0.0727	0.0523	
288391949	288392142	193	0.8394	0.0725	0.0	
288406087	288407040	953	0.8111	0.0409	0.0797	
288428931	288429519	588	0.665	0.0952	0.1361	
288437865	288438620	755	0.3245	0.1152	0.5205	
288450300	288452539	2239	0.6686	0.0384	0.2144	
288468100	288469420	1320	0.5523	0.1159	0.2727	
288468100	288469420	1320	0.5523	0.1159	0.2727	
288474450	288474782	332	0.8916	0.0392	0.0	
288479968	288480276	308	0.0	1.0	0.0	
288986233	288986691	458	0.1747	0.7795	0.0022	
289290399	289290699	300	0.88	0.0167	0.0067	
289295151	289296781	1630	0.3896	0.1454	0.4117	
289751773	289752057	284	0.9754	0.0	0.0	
289772071	289772251	180	0.95	0.0	0.0056	
289929956	289930949	993	0.0	1.0	0.0	
289984162	289984478	316	0.7278	0.019	0.1835	
289999173	289999499	326	0.6012	0.0521	0.2822	
290000075	290000528	453	0.5364	0.0552	0.3731	
290114164	290114999	835	0.6862	0.0539	0.1713	
290183665	290183805	140	0.9143	0.0	0.0	
290185870	290186451	581	0.2048	0.1497	0.6196	
290479632	290479842	210	0.9857	0.0	0.0	
290634329	290634508	179	0.8659	0.0559	0.0112	
290644773	290645062	289	0.8824	0.0208	0.0242	
290943987	290944311	324	0.8056	0.0185	0.0247	
291189764	291191209	1445	0.3059	0.1266	0.546	
291202069	291203207	1138	0.1784	0.1898	0.6116	
291338166	291338501	335	0.0	1.0	0.0	
291344979	291345490	511	0.0	1.0	0.0	
292018448	292018832	384	0.9766	0.0	0.0	
292048276	292048648	372	0.6989	0.043	0.1398	
292334649	292335128	479	0.8017	0.0689	0.0814	
292467426	292469532	2106	0.3599	0.1462	0.4174	
292571317	292571496	179	0.9218	0.0	0.0	
292639070	292639622	552	0.6377	0.0453	0.1558	
292752563	292756739	4176	0.2536	0.2457	0.4449	
292940197	292940469	272	0.8529	0.0184	0.0074	
292952740	292954094	1354	0.3006	0.1684	0.4564	
293053144	293053796	652	0.8666	0.0153	0.0061	
293081367	293081603	236	0.0	1.0	0.0	
293180985	293181468	483	0.0	1.0	0.0	
295690714	295691036	322	0.8168	0.0093	0.1429	
296889924	296890486	562	0.5605	0.1779	0.1797	
297064572	297064743	171	0.9474	0.0	0.0234	
297146480	297146844	364	0.7665	0.022	0.0742	
297346481	297347964	1483	0.5394	0.0465	0.3014	
298498880	298500447	1567	0.0823	0.1385	0.762	
298532201	298532356	155	0.8323	0.0323	0.0129	
298533139	298534951	1812	0.1236	0.0403	0.8168	
299689307	299689925	618	0.6294	0.2945	0.0113	
300028800	300029559	759	0.4308	0.0514	0.4348	
300718714	300719093	379	0.8892	0.0317	0.0264	
300761268	300763057	1789	0.2929	0.308	0.346	
300771699	300772001	302	0.8841	0.0497	0.0066	
300784828	300787203	2375	0.4783	0.1318	0.2922	
300811177	300811545	368	0.4212	0.4049	0.1168	
301509593	301509790	197	0.7005	0.203	0.0203	
302343743	302343960	217	0.871	0.0553	0.0	
302887587	302887933	346	0.5202	0.1301	0.2168	
303419928	303420442	514	0.5409	0.1265	0.2179	
303698295	303701495	3200	0.1478	0.2194	0.6066	
305067260	305071278	4018	0.2158	0.1797	0.5368	
305346653	305346891	238	0.7101	0.0588	0.1387	
305775290	305775543	253	0.7747	0.0356	0.0593	
306336530	306337004	474	0.5759	0.135	0.1814	
306415842	306416128	286	0.9056	0.014	0.0035	
306416714	306417295	581	0.6799	0.0792	0.105	
306535880	306536470	590	0.3492	0.2288	0.3831	
306558431	306559489	1058	0.4178	0.0397	0.4991	
306601434	306603569	2135	0.1733	0.133	0.6529	
306601434	306603569	2135	0.1733	0.133	0.6529	
306643145	306644052	907	0.4785	0.108	0.3286	
307038730	307038878	148	0.7838	0.0676	0.0338	
307258020	307258304	284	0.7852	0.081	0.0106	
307499368	307500979	1611	0.4643	0.1639	0.311	
307531636	307531949	313	0.8658	0.0096	0.0192	
307603456	307603635	179	0.0	1.0	0.0	
308622958	308624167	1209	0.3267	0.115	0.5302	
309501964	309502364	400	0.505	0.375	0.0425	
309710802	309711163	361	0.6842	0.1939	0.0249	
309747133	309747542	409	0.4108	0.2445	0.2983	
310466791	310467086	295	0.7288	0.0339	0.1153	
310663317	310663577	260	0.0	1.0	0.0	
311756520	311756767	247	0.9069	0.0	0.0607	
312928547	312930698	2151	0.4751	0.1358	0.2915	
312934824	312935042	218	0.8578	0.0413	0.0	
313025990	313026267	277	0.6426	0.2455	0.0253	
315628920	315630939	2019	0.3006	0.1322	0.522	
316012948	316013122	174	0.0	1.0	0.0	
316184139	316186103	1964	0.3366	0.1176	0.4664	
316199158	316203538	4380	0.087	0.0774	0.8263	
316363363	316363520	157	0.0	1.0	0.0	
316412433	316413338	905	0.4088	0.3249	0.1381	
316517582	316517942	360	0.0	1.0	0.0	
316616479	316617259	780	0.3718	0.1679	0.3897	
316616479	316617259	780	0.3718	0.1679	0.3897	
316652854	316656711	3857	0.1703	0.1141	0.6871	
316660695	316660995	300	0.9133	0.0	0.0133	
316753753	316755450	1697	0.6022	0.1179	0.2027	
316768668	316770150	1482	0.2881	0.2092	0.4663	
316771323	316771681	358	0.0	1.0	0.0	
317399687	317401586	1899	0.3044	0.1074	0.5403	
317437726	317439275	1549	0.3486	0.1491	0.4629	
317440372	317440681	309	0.767	0.1456	0.0032	
317450130	317450812	682	0.5161	0.3519	0.0718	
317468347	317468982	635	0.2567	0.685	0.011	
317696496	317696909	413	0.7409	0.0847	0.0702	
318150897	318151692	795	0.5937	0.1874	0.1233	
321401818	321403168	1350	0.6037	0.1059	0.1741	
321848359	321848946	587	0.3118	0.155	0.4344	
322116248	322116951	703	0.0	1.0	0.0	
322360816	322366125	5309	0.0397	0.1644	0.7904	
322405385	322407353	1968	0.1032	0.1692	0.7038	
323074664	323076306	1642	0.2119	0.1468	0.6139	
323198798	323199688	890	0.4989	0.027	0.3742	
323225548	323225953	405	0.921	0.0	0.0	
323709406	323709909	503	0.0	1.0	0.0	
324215362	324215517	155	0.7806	0.071	0.0452	
324404100	324404432	332	0.8434	0.0241	0.0542	
324474604	324474872	268	0.0	1.0	0.0	
324763046	324763447	401	0.02	0.98	0.0	
325227999	325228436	437	0.7895	0.0458	0.0389	
325273320	325273859	539	0.384	0.0093	0.5807	
325328881	325329307	426	0.8099	0.0915	0.0094	
325331176	325332817	1641	0.089	0.1121	0.7885	
325689280	325689878	598	0.699	0.1204	0.0485	
325778320	325778834	514	0.3307	0.1031	0.5272	
326868430	326868993	563	0.4281	0.0249	0.508	
327601919	327602093	174	0.9655	0.0	0.0057	
327637089	327638079	990	0.2061	0.0576	0.7051	
327704837	327705310	473	0.4799	0.148	0.2622	
328288242	328288440	198	0.8434	0.0455	0.0	
328497632	328498633	1001	0.0629	0.8701	0.046	
329058163	329059372	1209	0.4847	0.4086	0.0455	
329129392	329129884	492	0.0793	0.2642	0.6402	
329136544	329139706	3162	0.2862	0.0585	0.599	
331012584	331016258	3674	0.4603	0.1462	0.3149	
334107839	334109185	1346	0.0721	0.1226	0.7957	
334107839	334109185	1346	0.0721	0.1226	0.7957	
334112801	334113819	1018	0.502	0.1189	0.2259	
334112801	334113819	1018	0.502	0.1189	0.2259	
334118101	334121368	3267	0.1117	0.18	0.6912	
334249894	334256428	6534	0.2938	0.1713	0.496	
334249894	334256428	6534	0.2938	0.1713	0.496	
334321177	334323128	1951	0.185	0.06	0.7217	
334444541	334444740	199	0.8693	0.0	0.0151	
334925883	334927038	1155	0.2294	0.129	0.6104	
334939245	334939455	210	0.8667	0.0095	0.0286	
335117607	335117887	280	0.7893	0.0464	0.0714	
335384080	335387311	3231	0.1142	0.0192	0.8465	
335384080	335387311	3231	0.1142	0.0192	0.8465	
335384080	335387311	3231	0.1142	0.0192	0.8465	
335703801	335704061	260	0.7654	0.0423	0.05	
335884024	335884954	930	0.4172	0.2043	0.3075	
338957781	338959981	2200	0.0486	0.125	0.8218	
340124254	340125093	839	0.0	1.0	0.0	
340237287	340238438	1151	0.126	0.788	0.0547	
340366385	340366998	613	0.2137	0.292	0.4715	
340487751	340489191	1440	0.4743	0.0958	0.3514	
340487751	340489191	1440	0.4743	0.0958	0.3514	
340690537	340691059	522	0.8218	0.0402	0.0096	
340775746	340777361	1615	0.2489	0.0402	0.6502	
343133101	343133246	145	0.9793	0.0	0.0	
344150603	344151110	507	0.9053	0.0138	0.0178	
344154730	344154894	164	0.9695	0.0	0.0061	
344761501	344762153	652	0.4126	0.0445	0.4509	
344764737	344765712	975	0.4082	0.3015	0.2379	
344771831	344772970	1139	0.2888	0.2818	0.3608	
344773560	344775613	2053	0.4705	0.077	0.358	
344791847	344792251	404	0.8465	0.0149	0.0446	
345006491	345007980	1489	0.4338	0.1323	0.3365	
345162896	345163348	452	0.6062	0.1084	0.1836	
345176757	345177113	356	0.882	0.0	0.0056	
345272481	345272722	241	0.9087	0.0	0.0041	
345347599	345347864	265	0.8528	0.0491	0.0113	
345854226	345855828	1602	0.7566	0.0431	0.0968	
345854226	345855828	1602	0.7566	0.0431	0.0968	
345992531	345992809	278	0.9245	0.0036	0.0108	
346065514	346065708	194	0.701	0.0567	0.0979	
346138549	346139569	1020	0.2088	0.0206	0.7363	
346152252	346152470	218	0.0	1.0	0.0	
346190026	346190309	283	0.6749	0.0495	0.1696	
346492893	346493100	207	0.8986	0.0	0.0097	
346543309	346544252	943	0.2227	0.0308	0.72	
346573117	346574805	1688	0.5741	0.0332	0.3175	
346621568	346622545	977	0.4452	0.0573	0.4473	
346628916	346629234	318	0.8208	0.0189	0.0755	
346641059	346641368	309	0.8673	0.0162	0.0453	
347037834	347040993	3159	0.2526	0.1532	0.56	
347122250	347122974	724	0.1008	0.2003	0.6851	
347163700	347166108	2408	0.5282	0.13	0.2741	
347163700	347166108	2408	0.5282	0.13	0.2741	
347800733	347801737	1004	0.9472	0.004	0.0239	
348146403	348146651	248	0.9677	0.0081	0.004	
348557868	348558275	407	0.9066	0.0025	0.0074	
349064554	349066633	2079	0.5272	0.0991	0.3035	
349286560	349286842	282	0.7908	0.078	0.0142	
349426357	349426838	481	0.8212	0.0208	0.0166	
350038159	350039548	1389	0.3233	0.1188	0.473	
350113036	350113669	633	0.5039	0.0632	0.2591	
350198725	350198936	211	0.7962	0.0284	0.0995	
351094532	351094686	154	0.8052	0.0909	0.026	
351210911	351211238	327	0.1835	0.7615	0.0	
351916314	351917570	1256	0.3861	0.2006	0.3344	
352456766	352457045	279	0.595	0.1505	0.0717	
352782378	352784434	2056	0.5258	0.0929	0.3118	
353652591	353653494	903	0.1484	0.5471	0.2802	
354325983	354328799	2816	0.3789	0.1126	0.4403	
354325983	354328799	2816	0.3789	0.1126	0.4403	
354735473	354735625	152	0.0	1.0	0.0	
355208487	355208900	413	0.3874	0.0969	0.4843	
355413012	355413182	170	0.8529	0.0471	0.0176	
356613874	356614910	1036	0.0	1.0	0.0	
358165232	358166078	846	0.4314	0.1702	0.3251	
358166577	358166972	395	0.6354	0.081	0.1342	
358897081	358897233	152	0.9539	0.0	0.0	
359173486	359174403	917	0.5594	0.0469	0.3293	
359309063	359309716	653	0.4472	0.4671	0.0184	
359558256	359558594	338	0.4349	0.5266	0.0	
359949247	359949462	215	0.9535	0.0	0.0	
360014311	360014599	288	0.7847	0.0313	0.1597	
360495175	360495372	197	0.6193	0.0761	0.0863	
360694714	360695289	575	0.553	0.1287	0.193	
360709740	360709962	222	0.9505	0.0045	0.0	
360731894	360732432	538	0.8736	0.0353	0.0074	
360743801	360745627	1826	0.0794	0.2793	0.621	
360748227	360749158	931	0.928	0.0032	0.0118	
360842466	360842707	241	0.9253	0.0	0.0124	
360843429	360845588	2159	0.6253	0.0718	0.2395	
360857661	360858447	786	0.6145	0.1438	0.1247	
360956272	360957931	1659	0.3159	0.2586	0.3556	
361183281	361183536	255	0.949	0.0	0.0196	
361396851	361397428	577	0.8908	0.0052	0.0225	
361605116	361606617	1501	0.3877	0.0826	0.4744	
361633463	361634635	1172	0.4642	0.0751	0.3652	
361706570	361707056	486	0.6811	0.2263	0.0041	
361728314	361728919	605	0.2479	0.2562	0.4132	
361746881	361749340	2459	0.0903	0.244	0.6442	
361746881	361749340	2459	0.0903	0.244	0.6442	
363559356	363560158	802	0.0	1.0	0.0	
363638825	363639129	304	0.773	0.1678	0.0033	
363728838	363729202	364	0.9313	0.011	0.011	
363760724	363761683	959	0.952	0.0052	0.0104	
363789402	363790151	749	0.7316	0.1068	0.0841	
363870811	363871860	1049	0.51	0.101	0.3422	
363879650	363881197	1547	0.7292	0.1972	0.0284	
363914299	363914519	220	0.8591	0.0273	0.0727	
364124429	364124636	207	0.8696	0.0338	0.0242	
364187559	364189588	2029	0.2863	0.1474	0.5397	
364241249	364241556	307	0.0	1.0	0.0	
364317582	364317936	354	0.9266	0.0169	0.0113	
364717392	364717769	377	0.87	0.0504	0.0106	
364752513	364752846	333	0.8889	0.006	0.003	
364782829	364783082	253	0.9091	0.0237	0.0277	
364831909	364832254	345	0.8319	0.0145	0.0957	
365333617	365333905	288	0.9444	0.0139	0.0035	
365386216	365387012	796	0.6357	0.1847	0.1332	
365653545	365653715	170	0.9059	0.0	0.0	
365657810	365658613	803	0.9091	0.0174	0.0012	
365683555	365684504	949	0.7977	0.0421	0.0748	
365918206	365920845	2639	0.6108	0.0803	0.2501	
365918206	365920845	2639	0.6108	0.0803	0.2501	
366124031	366124660	629	0.7456	0.097	0.089	
366589658	366590020	362	0.9199	0.0221	0.0083	
366590545	366590871	326	0.8497	0.0245	0.0092	
367016455	367017065	610	0.4639	0.1213	0.3311	
367243696	367244630	934	0.4036	0.0396	0.4882	
367818202	367818437	235	0.7064	0.2	0.0	
367899634	367900188	554	0.4477	0.2202	0.2274	
368842383	368843082	699	0.0	1.0	0.0	
369043524	369044453	929	0.0022	0.282	0.7158	
369367928	369368384	456	0.2895	0.6557	0.0285	
369432856	369435527	2671	0.4508	0.0374	0.4583	
369544780	369545317	537	0.5736	0.1099	0.2309	
369568730	369570574	1844	0.5933	0.09	0.269	
369572857	369573067	210	0.8857	0.0	0.0143	
369577819	369578273	454	0.8656	0.0374	0.0044	
369586681	369586973	292	0.774	0.0445	0.1062	
369717507	369717719	212	0.5802	0.2972	0.0	
369968196	369968991	795	0.0	1.0	0.0	
369969244	369970649	1405	0.0	1.0	0.0	
371425788	371427021	1233	0.7015	0.0706	0.0754	
371462011	371463127	1116	0.0	1.0	0.0	
371701492	371701860	368	0.0	1.0	0.0	
374231185	374231875	690	0.6232	0.1377	0.0957	
374827440	374828156	716	0.0824	0.3296	0.5042	
375173618	375174348	730	0.0	1.0	0.0	
375174585	375175359	774	0.0	1.0	0.0	
376278795	376279342	547	0.4753	0.1883	0.2578	
376722376	376724208	1832	0.1436	0.0682	0.7675	
376736052	376737452	1400	0.3243	0.2221	0.3936	
376970514	376974638	4124	0.2393	0.025	0.6971	
377390355	377392826	2471	0.3509	0.1627	0.4189	
377390355	377392826	2471	0.3509	0.1627	0.4189	
377501523	377510110	8587	0.0314	0.0355	0.9285	
377689833	377690279	446	0.2152	0.722	0.0067	
378750453	378751423	970	0.2505	0.166	0.4835	
379764083	379764349	266	0.6053	0.3346	0.0038	
380610794	380610962	168	0.8333	0.0	0.0595	
380860687	380861124	437	0.2059	0.5744	0.1716	
380982698	380983680	982	0.5305	0.1538	0.2505	
381092370	381093355	985	0.3066	0.1807	0.4447	
381240739	381241820	1081	0.5893	0.1175	0.1887	
381309825	381311692	1867	0.2555	0.2341	0.4815	
381448591	381449579	988	0.0	1.0	0.0	
381486278	381486675	397	0.0	1.0	0.0	
381652570	381653257	687	0.2795	0.1805	0.4643	
381708985	381711159	2174	0.4522	0.0943	0.3413	
381773895	381775322	1427	0.5151	0.1037	0.3069	
381773895	381775322	1427	0.5151	0.1037	0.3069	
381892943	381893742	799	0.428	0.2641	0.2203	
382176314	382176795	481	0.7443	0.0312	0.0561	
382880540	382880974	434	0.6221	0.0253	0.2719	
383483738	383484913	1175	0.4698	0.1668	0.297	
383627195	383627644	449	0.8686	0.0178	0.0312	
384383874	384385376	1502	0.0	1.0	0.0	
384386297	384387439	1142	0.0	1.0	0.0	
384527845	384528130	285	0.9228	0.007	0.014	
384567156	384567632	476	0.855	0.0021	0.0189	
384568243	384568383	140	0.9357	0.0	0.0143	
384634862	384635145	283	0.9081	0.0141	0.0177	
384655839	384657181	1342	0.2452	0.0604	0.6706	
384966887	384968543	1656	0.1262	0.6105	0.2071	
385056749	385057000	251	0.8805	0.0	0.0159	
385065173	385065471	298	0.7013	0.1443	0.0268	
385068901	385069276	375	0.752	0.0133	0.128	
385076359	385076798	439	0.7995	0.0319	0.1071	
385094077	385094575	498	0.9357	0.004	0.0	
385133586	385133899	313	0.8914	0.0288	0.0	
385146229	385147296	1067	0.8941	0.0412	0.0112	
385213642	385214742	1100	0.7255	0.1255	0.1091	
385213642	385214742	1100	0.7255	0.1255	0.1091	
386450635	386450920	285	0.7298	0.0526	0.0772	
386494588	386494890	302	0.8377	0.0199	0.0596	
386890836	386891031	195	0.8667	0.0154	0.0308	
386918674	386920277	1603	0.5964	0.025	0.315	
387275396	387275699	303	0.8317	0.0396	0.0231	
387320218	387321255	1037	0.623	0.0289	0.3067	
387327463	387328237	774	0.6667	0.0207	0.2636	
387510539	387511825	1286	0.7449	0.1337	0.0575	
387510539	387511825	1286	0.7449	0.1337	0.0575	
387543833	387544414	581	0.8038	0.0069	0.1239	
387576833	387577084	251	0.9084	0.0199	0.012	
387624705	387625197	492	0.7012	0.1037	0.126	
388123232	388123500	268	0.8246	0.0	0.097	
388242967	388243180	213	0.9296	0.0	0.0	
388248109	388248863	754	0.6313	0.0968	0.1976	
388492096	388492611	515	0.8621	0.0214	0.0369	
388511746	388512401	655	0.7664	0.0809	0.0977	
388526599	388526989	390	0.8897	0.0462	0.0103	
389696675	389697251	576	0.8316	0.0226	0.0451	
389721503	389722951	1448	0.6367	0.0249	0.2742	
389726959	389727499	540	0.8833	0.0315	0.0167	
389821284	389821624	340	0.8765	0.0618	0.0118	
389858497	389859020	523	0.8241	0.021	0.0574	
389861484	389865084	3600	0.6225	0.0758	0.2111	
389861484	389865084	3600	0.6225	0.0758	0.2111	
389889953	389890141	188	0.984	0.0	0.0	
390047323	390048648	1325	0.314	0.2558	0.3736	
390180955	390181232	277	0.9206	0.0036	0.0	
390192889	390194347	1458	0.4506	0.1598	0.3416	
390246511	390246760	249	0.8795	0.0241	0.0442	
390322793	390323658	865	0.5168	0.0289	0.3977	
390324176	390324323	147	0.966	0.0	0.0	
390416737	390418033	1296	0.4498	0.0664	0.4182	
390416737	390418033	1296	0.4498	0.0664	0.4182	
390451607	390451841	234	0.5513	0.2222	0.2094	
390452396	390453532	1136	0.5907	0.1629	0.162	
390726208	390727429	1221	0.6388	0.0991	0.1753	
390759235	390759404	169	0.7692	0.0473	0.0237	
391468871	391471674	2803	0.3728	0.1691	0.4067	
391550097	391550500	403	0.5186	0.2084	0.1911	
391667022	391670623	3601	0.0744	0.1811	0.722	
391671331	391672625	1294	0.1886	0.0572	0.7272	
391671331	391672625	1294	0.1886	0.0572	0.7272	
391683904	391684224	320	0.2969	0.675	0.0187	
391773467	391773630	163	0.9509	0.0	0.0	
391779056	391779609	553	0.2532	0.3165	0.3942	
391821200	391821890	690	0.7884	0.0478	0.0435	
391881433	391882466	1033	0.3814	0.1539	0.394	
391898745	391899591	846	0.5485	0.1336	0.273	
391900356	391901351	995	0.7668	0.0553	0.1176	
391915502	391915935	433	0.5289	0.2979	0.1109	
391917468	391917994	526	0.5114	0.2357	0.2053	
391960399	391961294	895	0.4972	0.4067	0.0134	
392008848	392010388	1540	0.2604	0.1032	0.6019	
392008848	392010388	1540	0.2604	0.1032	0.6019	
392060530	392061712	1182	0.2944	0.0389	0.6108	
392159093	392160483	1390	0.5151	0.0719	0.3367	
392159093	392160483	1390	0.5151	0.0719	0.3367	
392504093	392504448	355	0.0	1.0	0.0	
392557319	392563293	5974	0.2313	0.1204	0.6065	
392574941	392577611	2670	0.2315	0.0667	0.6521	
392659193	392659491	298	0.8255	0.0101	0.0436	
392720309	392720535	226	0.6637	0.1018	0.1726	
393005185	393006010	825	0.2242	0.0133	0.7455	
393820380	393820742	362	0.8453	0.0055	0.0359	
393857195	393858294	1099	0.5341	0.1847	0.1656	
393873160	393873544	384	0.5833	0.0833	0.2813	
393888550	393888861	311	0.6334	0.2797	0.0	
393916975	393919029	2054	0.0	1.0	0.0	
393942612	393942928	316	0.8734	0.0348	0.0095	
394080419	394081257	838	0.4582	0.043	0.4236	
394144091	394144368	277	0.7112	0.0433	0.0578	
394489875	394490265	390	0.7692	0.0256	0.1615	
394716066	394716221	155	0.9677	0.0129	0.0	
394724358	394724612	254	0.9291	0.0	0.0	
394728339	394728613	274	0.9124	0.0	0.0036	
394729423	394729714	291	0.732	0.0687	0.0481	
395861973	395862371	398	0.7111	0.0302	0.201	
396078449	396078657	208	0.8558	0.0	0.0865	
396085364	396086173	809	0.3881	0.11	0.4623	
396511856	396512486	630	0.5651	0.0111	0.3698	
397241973	397246267	4294	0.1118	0.0501	0.8265	
397241973	397246267	4294	0.1118	0.0501	0.8265	
397275914	397276224	310	0.7	0.0839	0.0774	
397281260	397282770	1510	0.1775	0.2417	0.5404	
397335943	397337671	1728	0.3553	0.1667	0.423	
397382011	397383727	1716	0.4942	0.1375	0.2506	
397415643	397415858	215	0.893	0.0	0.0279	
397561509	397562003	494	0.5749	0.2146	0.1194	
397564475	397565857	1382	0.3806	0.0825	0.4957	
397570116	397571666	1550	0.4374	0.3258	0.1581	
397798514	397799033	519	0.3314	0.474	0.1426	
398019948	398020287	339	0.6047	0.1416	0.0413	
398026056	398026281	225	0.8089	0.0178	0.0178	
398062358	398062602	244	0.6475	0.2377	0.0451	
398070118	398070835	717	0.2455	0.2524	0.4575	
398184836	398185533	697	0.8049	0.0646	0.0273	
398334676	398335470	794	0.3149	0.4559	0.1675	
399287043	399287484	441	0.8027	0.0272	0.0454	
399380563	399382802	2239	0.4203	0.2443	0.2568	
399496458	399496676	218	0.9404	0.0	0.0092	
399637889	399639956	2067	0.2361	0.1717	0.5631	
399751487	399751743	256	0.9023	0.0	0.0039	
400110384	400111195	811	0.3268	0.0173	0.5931	
400723999	400724984	985	0.0	1.0	0.0	
400764466	400764666	200	1.0	0.0	0.0	
400950398	400950902	504	0.7917	0.0575	0.0833	
401008380	401009348	968	0.2727	0.3233	0.3048	
401105493	401105771	278	0.946	0.0	0.0216	
401106639	401106823	184	0.9891	0.0	0.0054	
401157388	401158717	1329	0.5305	0.0527	0.3612	
401202421	401202608	187	0.877	0.0481	0.0107	
401249813	401250007	194	0.8814	0.0515	0.0	
401449173	401450087	914	0.5219	0.1565	0.2035	
401645395	401645972	577	0.2322	0.1473	0.5806	
401646381	401647115	734	0.282	0.2793	0.3842	
401767260	401767711	451	0.7738	0.0067	0.0909	
401786555	401788423	1868	0.6006	0.1338	0.2157	
401796420	401796789	369	0.7886	0.0786	0.0217	
401820183	401820413	230	0.8609	0.0174	0.0	
401848315	401848886	571	0.4623	0.3643	0.0403	
401887505	401887652	147	0.9456	0.0	0.0	
401917163	401917442	279	0.8674	0.0072	0.0251	
402257171	402257543	372	0.8441	0.0215	0.0161	
402309700	402310676	976	0.8268	0.0277	0.0799	
402645077	402645310	233	0.6738	0.2833	0.0	
402711351	402711592	241	0.8631	0.0332	0.0207	
402850698	402851080	382	0.9293	0.0052	0.0079	
402905382	402906229	847	0.3825	0.1854	0.4038	
402905382	402906229	847	0.3825	0.1854	0.4038	
403229995	403230820	825	0.857	0.0073	0.0388	
403365735	403365911	176	0.858	0.0284	0.0227	
403413695	403414673	978	0.3558	0.2076	0.2986	
403845637	403845919	282	0.8085	0.0284	0.0567	
403874801	403876722	1921	0.2926	0.0323	0.6205	
403918075	403920024	1949	0.373	0.1596	0.4125	
403918075	403920024	1949	0.373	0.1596	0.4125	
403962902	403963959	1057	0.2687	0.1306	0.5809	
404091841	404092099	258	0.9961	0.0	0.0	
404319763	404320644	881	0.6322	0.0613	0.227	
404401498	404402843	1345	0.8201	0.0647	0.0439	
404401498	404402843	1345	0.8201	0.0647	0.0439	
404469618	404469952	334	0.0	1.0	0.0	
404494401	404496577	2176	0.324	0.1089	0.5032	
405042531	405042955	424	0.5967	0.1344	0.1698	
405622904	405623123	219	0.9224	0.0137	0.0	
407358429	407358998	569	0.0	1.0	0.0	
407381905	407382346	441	0.0	1.0	0.0	
409887507	409888597	1090	0.3936	0.155	0.4	
409887507	409888597	1090	0.3936	0.155	0.4	
410120903	410121245	342	0.655	0.2573	0.0468	
410977560	410979308	1748	0.2334	0.083	0.6579	
410977560	410979308	1748	0.2334	0.083	0.6579	
412546675	412547060	385	0.0	1.0	0.0	
412552892	412553181	289	0.0	1.0	0.0	
413122459	413123664	1205	0.2041	0.2697	0.4772	
413142398	413142654	256	0.8945	0.0	0.0195	
413220914	413221252	338	0.9586	0.003	0.0	
413708762	413709228	466	0.2639	0.3712	0.3133	
414137450	414137876	426	0.2559	0.6854	0.0094	
414226143	414226397	254	0.878	0.0157	0.0591	
414877179	414877482	303	0.0	1.0	0.0	
415234427	415235214	787	0.6747	0.0775	0.0826	
415559649	415561805	2156	0.2992	0.0835	0.571	
415607250	415607421	171	0.8889	0.0234	0.0117	
415651889	415652458	569	0.6731	0.1107	0.0492	
415677674	415677860	186	0.8978	0.0538	0.0054	
415680847	415681063	216	0.9444	0.0	0.0	
415776918	415777358	440	0.9477	0.0023	0.0114	
416017449	416018062	613	0.6803	0.0669	0.2023	
416342913	416343917	1004	0.761	0.0219	0.1235	
416582765	416583852	1087	0.5005	0.0635	0.3698	
417633809	417634002	193	0.9326	0.0155	0.0052	
418287282	418288968	1686	0.8541	0.0362	0.0285	
418287282	418288968	1686	0.8541	0.0362	0.0285	
418295785	418296298	513	0.8129	0.0292	0.0292	
418321903	418324529	2626	0.7601	0.0704	0.059	
418338154	418339475	1321	0.8327	0.0273	0.0303	
418373670	418374233	563	0.7229	0.0533	0.1528	
418392620	418393131	511	0.18	0.1742	0.5871	
418404529	418405301	772	0.9016	0.0194	0.0039	
418509081	418509302	221	0.8235	0.0995	0.0	
418587006	418587314	308	0.8279	0.0487	0.0227	
418644938	418645934	996	0.496	0.0793	0.3855	
418651847	418653013	1166	0.2822	0.1063	0.5798	
419370909	419371470	561	0.0	1.0	0.0	
419585763	419586169	406	0.4975	0.0394	0.436	
419594870	419595127	257	0.965	0.0117	0.0	
419637413	419637604	191	0.8534	0.0157	0.1047	
419651284	419651575	291	0.8316	0.0241	0.0619	
419692272	419692462	190	0.9053	0.0053	0.0	
419748249	419749284	1035	0.3536	0.1536	0.4696	
420418213	420418598	385	0.4727	0.1558	0.2571	
420572692	420573080	388	0.5335	0.3892	0.0077	
420802841	420803397	556	0.4802	0.2248	0.2608	
421152782	421154178	1396	0.2772	0.1289	0.5494	
422032160	422032505	345	0.8638	0.0058	0.0377	
422071514	422072025	511	0.7045	0.092	0.1292	
422534123	422534602	479	0.7891	0.0438	0.0418	
422672099	422677154	5055	0.1149	0.1616	0.7136	
423015695	423016463	768	0.8177	0.0964	0.0286	
423222314	423222570	256	0.8047	0.043	0.0117	
424087921	424088250	329	0.924	0.0061	0.003	
424096685	424096878	193	0.9223	0.0	0.0311	
424153781	424157016	3235	0.123	0.1873	0.6674	
424274446	424274641	195	0.8923	0.0359	0.0	
424317918	424318362	444	0.8874	0.027	0.0135	
424496312	424497739	1427	0.328	0.0042	0.6503	
424524955	424525115	160	0.8688	0.0625	0.0	
424536982	424537824	842	0.5689	0.1829	0.1449	
424709329	424709534	205	0.5415	0.4098	0.0	
424711006	424711366	360	0.8194	0.0278	0.0389	
424735093	424735820	727	0.8858	0.0385	0.0193	
425450011	425450402	391	0.8363	0.0486	0.0128	
425469424	425469583	159	0.9371	0.0063	0.0	
425769400	425769556	156	0.9551	0.0	0.0	
425827550	425828262	712	0.9565	0.0056	0.0014	
426615059	426615716	657	0.7245	0.0502	0.1035	
426884476	426884673	197	0.6853	0.2081	0.0051	
427103473	427103664	191	0.8168	0.0052	0.0628	
427853847	427855087	1240	0.8218	0.0629	0.0548	
428129912	428130512	600	0.8283	0.035	0.02	
428410132	428410475	343	0.0554	0.6589	0.2682	
428891005	428891990	985	0.1594	0.2041	0.6234	
429069414	429069722	308	0.0	1.0	0.0	
429097073	429097318	245	0.8449	0.1143	0.0122	
429102506	429102739	233	0.0	1.0	0.0	
429420650	429421526	876	0.3322	0.5365	0.0491	
429849731	429849949	218	0.844	0.0	0.0642	
430259417	430259896	479	0.3528	0.1837	0.3674	
430340479	430341561	1082	0.6035	0.1183	0.2052	
430340479	430341561	1082	0.6035	0.1183	0.2052	
430341968	430342324	356	0.8427	0.0421	0.0253	
430528041	430529917	1876	0.2436	0.291	0.3721	
431006730	431009320	2590	0.2324	0.022	0.7116	
431311304	431311916	612	0.0	1.0	0.0	
431990126	431990560	434	0.0	1.0	0.0	
432105330	432106976	1646	0.2418	0.1416	0.5863	
432528672	432529218	546	0.6136	0.0916	0.1832	
432543342	432543535	193	0.8653	0.0	0.0518	
433643415	433644024	609	0.7373	0.1117	0.0476	
435854110	435854369	259	0.0965	0.8919	0.0	
435866307	435873747	7440	0.0458	0.1263	0.8208	
435959518	435960231	713	0.4698	0.3156	0.1501	
436006140	436007183	1043	0.3097	0.1572	0.4851	
436927244	436927543	299	0.7759	0.0401	0.0602	
437464864	437465092	228	0.9254	0.0	0.0175	
437509668	437511118	1450	0.4497	0.1717	0.3069	
437766642	437767472	830	0.8229	0.0229	0.0494	
437784412	437784738	326	0.9141	0.0	0.0	
437813188	437813608	420	0.8524	0.0476	0.019	
437922556	437922900	344	0.6541	0.0262	0.1512	
437924713	437925660	947	0.3189	0.2967	0.3453	
438017203	438018168	965	0.3658	0.2311	0.3316	
438261220	438261677	457	0.86	0.0175	0.0109	
438557078	438557506	428	0.2383	0.4206	0.3224	
438566661	438569217	2556	0.0962	0.0599	0.8298	
438664232	438665669	1437	0.4899	0.1239	0.3354	
438689781	438690867	1086	0.8444	0.0451	0.023	
438705988	438707429	1441	0.5482	0.0125	0.3727	
438705988	438707429	1441	0.5482	0.0125	0.3727	
438871373	438872622	1249	0.7438	0.044	0.1401	
438874856	438875401	545	0.3706	0.0147	0.5853	
438880125	438880946	821	0.6017	0.0938	0.2594	
438937852	438939721	1869	0.8111	0.0583	0.0877	
439645654	439646133	479	0.7912	0.0334	0.0731	
439724457	439724819	362	0.8425	0.0387	0.0083	
439871887	439872055	168	0.8988	0.006	0.0595	
439907448	439908468	1020	0.8676	0.0196	0.0176	
440092187	440093306	1119	0.4656	0.0938	0.3753	
440387821	440388205	384	0.9167	0.0052	0.0286	
441280984	441281250	266	0.5827	0.3233	0.0038	
441341155	441341317	162	0.0	1.0	0.0	
441426537	441426888	351	0.7892	0.094	0.0	
441513220	441514003	783	0.3231	0.0549	0.5773	
441971500	441972065	565	0.5487	0.023	0.3823	
442199230	442199372	142	0.8521	0.1197	0.0	
442211019	442212039	1020	0.4775	0.1333	0.2706	
442248517	442248692	175	0.8629	0.0057	0.0343	
442270814	442272695	1881	0.849	0.042	0.0409	
442297618	442298119	501	0.7645	0.0878	0.016	
442323930	442324566	636	0.7437	0.0613	0.1352	
442325680	442326397	717	0.8717	0.0014	0.046	
442971001	442971851	850	0.3776	0.0824	0.4847	
442996366	442998944	2578	0.3476	0.1082	0.4942	
443510729	443512062	1333	0.1748	0.0188	0.7824	
443723835	443724026	191	0.8325	0.0471	0.0681	
443805105	443806964	1859	0.8338	0.036	0.0328	
443932223	443933285	1062	0.8239	0.0612	0.0386	
443932223	443933285	1062	0.8239	0.0612	0.0386	
443954662	443955556	894	0.4653	0.0716	0.4239	
444010049	444010764	715	0.6322	0.1245	0.2014	
444046574	444047371	797	0.8356	0.0577	0.0226	
444100139	444101011	872	0.6193	0.0917	0.1778	
444104345	444104739	394	0.5102	0.0711	0.368	
444151860	444152362	502	0.5598	0.0976	0.2789	
444156752	444158446	1694	0.2904	0.1375	0.546	
444249127	444250094	967	0.8397	0.0455	0.0414	
444288029	444289722	1693	0.5871	0.0874	0.2481	
444291399	444292448	1049	0.8141	0.0591	0.0286	
444315058	444316319	1261	0.9025	0.004	0.0365	
444603421	444605487	2066	0.789	0.0499	0.0857	
444630502	444631036	534	0.6292	0.0843	0.2603	
444778871	444779451	580	0.2707	0.7034	0.0034	
444781744	444783114	1370	0.6745	0.0657	0.1752	
444871491	444877456	5965	0.0588	0.0572	0.8706	
444871491	444877456	5965	0.0588	0.0572	0.8706	
445487287	445488262	975	0.561	0.2964	0.0615	
446222402	446222589	187	0.984	0.0	0.0	
446342784	446343921	1137	0.4169	0.2867	0.2383	
446379019	446379328	309	0.6181	0.0421	0.246	
446396465	446397214	749	0.4646	0.2163	0.2697	
446483412	446483812	400	0.945	0.0	0.0075	
446551367	446552329	962	0.4574	0.0301	0.4553	
446616691	446616908	217	0.894	0.0046	0.0092	
446796863	446797549	686	0.8688	0.0204	0.0175	
447156320	447156682	362	0.6547	0.2127	0.0442	
447594109	447594398	289	0.9412	0.0	0.0	
447791960	447792216	256	0.9297	0.0078	0.0039	
447925426	447926557	1131	0.4907	0.1291	0.2688	
448011536	448011734	198	0.8788	0.0051	0.0152	
448851581	448852325	744	0.4086	0.2003	0.3266	
449198561	449199924	1363	0.427	0.047	0.4769	
450021273	450022486	1213	0.5581	0.0462	0.3182	
450029452	450029714	262	0.8282	0.0	0.0725	
450131724	450133626	1902	0.8554	0.0258	0.0605	
450161083	450161360	277	0.8592	0.0433	0.0036	
450171769	450172851	1082	0.9307	0.0046	0.0111	
450190722	450190923	201	0.8856	0.0149	0.0199	
450274069	450274525	456	0.0	1.0	0.0	
450349165	450349935	770	0.3532	0.1117	0.4545	
450373651	450374171	520	0.8173	0.0192	0.0519	
450459975	450460226	251	0.9084	0.0	0.008	
450611382	450611979	597	0.4506	0.0251	0.4992	
450615098	450616078	980	0.7245	0.051	0.1327	
450789205	450789467	262	0.0	1.0	0.0	
451216654	451217068	414	0.8406	0.0097	0.0507	
451222951	451224454	1503	0.2728	0.2435	0.4611	
451525167	451526210	1043	0.3365	0.093	0.5216	
452764997	452765713	716	0.3003	0.0098	0.6592	
452958197	452958533	336	0.7798	0.0565	0.1042	
453581917	453584305	2388	0.085	0.0695	0.825	
453613788	453616028	2240	0.2	0.2062	0.5679	
453660051	453660574	523	0.4933	0.2027	0.2333	
453809751	453810647	896	0.4085	0.2589	0.2634	
453812471	453813456	985	0.4975	0.1614	0.2518	
453824766	453824931	165	0.8424	0.0545	0.0424	
453876134	453877754	1620	0.2654	0.271	0.4265	
454030263	454032072	1809	0.1968	0.2062	0.5384	
454364544	454365216	672	0.5848	0.119	0.122	
454546514	454546905	391	0.0	1.0	0.0	
454701818	454706054	4236	0.0767	0.0203	0.8935	
454881742	454883122	1380	0.492	0.1261	0.2957	
455091663	455098983	7320	0.0239	0.0891	0.8848	
455120631	455121061	430	0.7558	0.1256	0.0442	
455126925	455127166	241	0.8257	0.0664	0.0124	
455251981	455252417	436	0.8257	0.0436	0.0528	
456696194	456696573	379	0.6121	0.1003	0.1741	
457189145	457189627	482	0.4627	0.2448	0.2282	
457241491	457241902	411	0.8954	0.0316	0.0049	
457304233	457305090	857	0.6394	0.0595	0.2124	
458653082	458653477	395	0.9063	0.0177	0.0101	
459638196	459639458	1262	0.6719	0.107	0.1165	
459653572	459653869	297	0.4242	0.165	0.3502	
460320458	460324194	3736	0.2171	0.1574	0.5945	
460320458	460324194	3736	0.2171	0.1574	0.5945	
460320458	460324194	3736	0.2171	0.1574	0.5945	
460324457	460325042	585	0.0	1.0	0.0	
460980428	460982070	1642	0.173	0.0134	0.7783	
461108278	461110046	1768	0.3428	0.0979	0.4989	
461108278	461110046	1768	0.3428	0.0979	0.4989	
461119759	461121768	2009	0.5809	0.1224	0.214	
461119759	461121768	2009	0.5809	0.1224	0.214	
461143601	461144281	680	0.6074	0.0691	0.2029	
461465675	461466225	550	0.8145	0.0309	0.04	
461777051	461778676	1625	0.2917	0.3169	0.3428	
461953378	461955019	1641	0.0701	0.1322	0.7952	
461953378	461955019	1641	0.0701	0.1322	0.7952	
461984250	461993729	9479	0.0254	0.0028	0.9678	
462002444	462003414	970	0.4247	0.1969	0.2856	
462052822	462055614	2792	0.1716	0.1988	0.611	
462260238	462263267	3029	0.4008	0.1571	0.3882	
462260238	462263267	3029	0.4008	0.1571	0.3882	
462263479	462263657	178	0.7079	0.0899	0.0169	
462672610	462676553	3943	0.0385	0.0893	0.8669	
463023067	463023391	324	0.7377	0.0957	0.0679	
463342820	463343413	593	0.4637	0.1939	0.2563	
463546841	463547551	710	0.2451	0.3493	0.3718	
463664075	463664539	464	0.0	1.0	0.0	
463724505	463725786	1281	0.7518	0.0281	0.0757	
463879536	463879941	405	0.6173	0.2272	0.0519	
464073367	464073513	146	0.8151	0.0548	0.0411	
464223623	464225343	1720	0.2744	0.1355	0.5477	
464223623	464225343	1720	0.2744	0.1355	0.5477	
464230883	464232134	1251	0.3133	0.1023	0.5132	
464230883	464232134	1251	0.3133	0.1023	0.5132	
464239522	464240199	677	0.3072	0.1802	0.4549	
464313976	464314155	179	0.0	1.0	0.0	
464879366	464879977	611	0.7447	0.0524	0.1015	
465023311	465023954	643	0.5054	0.4028	0.0062	
465551379	465551790	411	0.871	0.017	0.0389	
465559653	465560115	462	0.7121	0.0952	0.0714	
465565238	465566323	1085	0.3548	0.3373	0.2369	
465643073	465643965	892	0.8016	0.0426	0.0684	
465656738	465657028	290	0.8655	0.0	0.0207	
465658810	465660108	1298	0.6179	0.0894	0.1757	
465679554	465680089	535	0.8187	0.028	0.0561	
466148141	466148943	802	0.5748	0.116	0.2244	
466153603	466154326	723	0.8866	0.0277	0.0346	
466194045	466195780	1735	0.0236	0.0934	0.8784	
466196166	466196705	539	0.3822	0.0891	0.475	
466211497	466211873	376	0.6303	0.1011	0.1569	
466216666	466217074	408	0.8333	0.0245	0.049	
466218870	466219320	450	0.2511	0.0578	0.6533	
466323437	466324186	749	0.1242	0.1949	0.6649	
466344449	466345272	823	0.7631	0.1009	0.068	
466350047	466350648	601	0.8386	0.0433	0.0316	
466424025	466425033	1008	0.6062	0.2897	0.0317	
466431595	466432400	805	0.2832	0.2099	0.4696	
466434216	466435016	800	0.0975	0.1888	0.6887	
466439284	466440802	1518	0.5033	0.2477	0.1884	
466549823	466550589	766	0.5339	0.2624	0.1371	
466629690	466630038	348	0.4023	0.1868	0.3851	
466757259	466757424	165	0.903	0.0121	0.0	
466929629	466930515	886	0.2517	0.0418	0.6862	
467099157	467099503	346	0.8353	0.0636	0.026	
467117666	467117890	224	0.9464	0.0045	0.0045	
467420551	467420715	164	0.9207	0.0	0.0122	
467475667	467476643	976	0.6906	0.0625	0.126	
467616480	467617824	1344	0.1726	0.0484	0.7641	
467825856	467826069	213	0.8592	0.0235	0.0235	
467842745	467843059	314	0.5255	0.1306	0.2962	
467844858	467845935	1077	0.2052	0.1699	0.597	
467847514	467847825	311	0.8875	0.0	0.0289	
467850055	467851075	1020	0.701	0.0725	0.0912	
467852595	467853889	1294	0.4165	0.2357	0.296	
467898990	467900265	1275	0.2502	0.0463	0.6682	
467898990	467900265	1275	0.2502	0.0463	0.6682	
467985727	467985955	228	0.8333	0.0132	0.0439	
467996747	467996922	175	0.0	1.0	0.0	
467998412	467999972	1560	0.5058	0.1237	0.3077	
468001844	468002441	597	0.7806	0.0469	0.0821	
468017351	468018003	652	0.0	1.0	0.0	
468098810	468099124	314	0.6497	0.0127	0.2994	
468218776	468222222	3446	0.3015	0.1489	0.5029	
468298099	468298963	864	0.3229	0.1748	0.4595	
468329545	468329721	176	0.7727	0.017	0.1136	
468334630	468334822	192	0.9479	0.0	0.0	
468335117	468338760	3643	0.1702	0.1136	0.695	
468347343	468348150	807	0.3507	0.2057	0.3767	
468413429	468414006	577	0.9289	0.0035	0.0364	
468433737	468434120	383	0.8198	0.0313	0.1123	
468476407	468476768	361	0.6066	0.1219	0.2244	
468479267	468479670	403	0.8486	0.0273	0.0769	
468684862	468685029	167	0.9461	0.024	0.0	
468834349	468835368	1019	0.5417	0.1325	0.2267	
468939544	468941289	1745	0.3232	0.1072	0.5358	
469048617	469049671	1054	0.2922	0.5626	0.0778	
469050395	469050599	204	0.8382	0.0	0.0931	
469058406	469060995	2589	0.3395	0.246	0.3496	
469069063	469071081	2018	0.1611	0.109	0.719	
469238189	469238901	712	0.0	1.0	0.0	
469418318	469419274	956	0.0356	0.2835	0.6705	
469555833	469556012	179	0.8771	0.0	0.0782	
469557827	469558671	844	0.5841	0.0142	0.3543	
469615718	469619482	3764	0.0778	0.0215	0.8935	
469664608	469664771	163	0.9632	0.0	0.0061	
469667217	469667464	247	0.8745	0.0	0.0324	
469742213	469743410	1197	0.5088	0.0292	0.3659	
469744368	469745308	940	0.8245	0.0266	0.034	
469746030	469746395	365	0.8712	0.0027	0.0301	
470430389	470430915	526	0.9582	0.0019	0.0038	
470747087	470747433	346	0.7919	0.0491	0.0578	
470747955	470748205	250	0.796	0.016	0.072	
470783303	470783716	413	0.4213	0.477	0.0218	
470835712	470838227	2515	0.6243	0.0592	0.2346	
470835712	470838227	2515	0.6243	0.0592	0.2346	
470840123	470840523	400	0.925	0.0	0.025	
470898185	470898495	310	0.2516	0.6806	0.0194	
470969815	470970166	351	0.2194	0.4302	0.2792	
471263333	471263495	162	0.4938	0.3642	0.0	
471481226	471483035	1809	0.8121	0.0846	0.0553	
471729804	471731180	1376	0.9179	0.0094	0.0305	
471912698	471913143	445	0.9169	0.0157	0.0	
471961812	471963028	1216	0.597	0.3067	0.0115	
472009535	472010381	846	0.2636	0.0875	0.617	
472099485	472099742	257	0.9222	0.0195	0.0	
472109823	472110455	632	0.8133	0.1123	0.0396	
472119035	472121017	1982	0.8073	0.0954	0.0474	
472119035	472121017	1982	0.8073	0.0954	0.0474	
472135068	472135462	394	0.0	1.0	0.0	
472139544	472139970	426	0.7371	0.1127	0.0892	
472184609	472185699	1090	0.589	0.1569	0.167	
472207733	472207933	200	0.76	0.1	0.02	
472212158	472213035	877	0.3044	0.1505	0.5165	
472228063	472228942	879	0.7076	0.0774	0.1013	
472259870	472260741	871	0.4317	0.2445	0.2732	
472276326	472276561	235	0.9064	0.0128	0.0043	
472294969	472295707	738	0.2547	0.1382	0.5989	
472326017	472326744	727	0.4924	0.3191	0.1114	
472420211	472421123	912	0.5932	0.0351	0.2928	
472443241	472443978	737	0.6323	0.2958	0.0217	
472467473	472468763	1290	0.4543	0.2922	0.1876	
472491454	472492365	911	0.2492	0.2711	0.4325	
472604209	472605127	918	0.0	1.0	0.0	
472611500	472611878	378	0.0	1.0	0.0	
472630561	472632349	1788	0.0	1.0	0.0	
472700241	472700489	248	0.0	1.0	0.0	
472828209	472828699	490	0.4327	0.0918	0.4082	
472832502	472833101	599	0.3372	0.3957	0.222	
472846799	472847150	351	0.5812	0.3561	0.0	
472849180	472851292	2112	0.1103	0.0497	0.8229	
473565204	473565538	334	0.6198	0.3054	0.003	
473647744	473651896	4152	0.034	0.1125	0.8444	
473683062	473684014	952	0.2553	0.2679	0.4559	
474081616	474081952	336	0.5417	0.1935	0.1458	
474087171	474088875	1704	0.2289	0.1438	0.5622	
474089131	474089944	813	0.3395	0.3321	0.246	
474130523	474131096	573	0.8604	0.0279	0.0297	
474208724	474209236	512	0.5723	0.0332	0.2813	
474222766	474223341	575	0.567	0.0835	0.2591	
474340254	474340416	162	0.963	0.0	0.0	
474388371	474388999	628	0.7436	0.043	0.1115	
474391079	474391451	372	0.5296	0.0941	0.3172	
474528876	474529459	583	0.0189	0.331	0.6192	
474679945	474680237	292	0.8356	0.0137	0.0377	
474703463	474703743	280	0.5071	0.4179	0.0	
474788934	474789462	528	0.7273	0.0398	0.1136	
474970742	474972433	1691	0.359	0.1496	0.45	
474999709	475000524	815	0.9055	0.0147	0.0209	
475063005	475063439	434	0.9055	0.0023	0.0138	
475078254	475079298	1044	0.2989	0.0623	0.5824	
475199314	475199460	146	0.0	1.0	0.0	
475791300	475792769	1469	0.3091	0.209	0.4295	
475877016	475877909	893	0.3673	0.1456	0.4278	
475879254	475880962	1708	0.1639	0.1481	0.6651	
475947825	475948192	367	0.7738	0.1362	0.0218	
475972259	475973039	780	0.7026	0.0551	0.1359	
476006233	476006737	504	0.7302	0.123	0.0655	
476007617	476010099	2482	0.2824	0.1446	0.5359	
476022485	476023484	999	0.6426	0.0841	0.2132	
476086127	476086300	173	0.1965	0.6821	0.0694	
476094672	476103644	8972	0.0126	0.0801	0.9048	
476168879	476169577	698	0.5774	0.1633	0.1691	
476171470	476171857	387	0.3514	0.5659	0.0181	
476195589	476196072	483	0.4948	0.2174	0.2174	
476207952	476211970	4018	0.1304	0.1264	0.722	
476914928	476915202	274	0.0	1.0	0.0	
477167813	477168033	220	0.8682	0.0364	0.0045	
477823826	477824274	448	0.6942	0.1049	0.0714	
477898145	477903505	5360	0.0461	0.0983	0.8448	
477993940	477994329	389	0.455	0.1491	0.2931	
478391122	478399878	8756	0.0391	0.0352	0.9181	
478438570	478439822	1252	0.1022	0.5463	0.3275	
478561563	478561841	278	0.8417	0.0396	0.0252	
478968310	478968455	145	0.8	0.069	0.0414	
478970635	478971395	760	0.3171	0.2132	0.4184	
479053069	479053253	184	0.0	1.0	0.0	
479169095	479170267	1172	0.1229	0.4138	0.4428	
479535148	479535501	353	0.5382	0.017	0.3541	
479579435	479580777	1342	0.1915	0.4516	0.3174	
479597158	479597718	560	0.4161	0.3482	0.15	
479856737	479858304	1567	0.0	1.0	0.0	
480167993	480168341	348	0.7644	0.023	0.0402	
480559387	480559921	534	0.7603	0.0974	0.0468	
480634882	480636113	1231	0.5199	0.078	0.2762	
480712319	480712674	355	0.7099	0.1549	0.0366	
480855685	480855844	159	0.9434	0.0	0.0	
482022506	482023166	660	0.7924	0.0076	0.0818	
482027699	482027920	221	0.1991	0.6968	0.0452	
482491547	482492644	1097	0.4558	0.0565	0.4038	
482496345	482498519	2174	0.2902	0.1697	0.4871	
482542915	482543270	355	0.6507	0.0254	0.2056	
482544233	482544889	656	0.689	0.0244	0.1982	
482574419	482574659	240	0.8375	0.0417	0.0167	
482576184	482577055	871	0.2434	0.1515	0.5786	
482612218	482612435	217	0.0	1.0	0.0	
482805621	482807514	1893	0.3328	0.1463	0.4374	
483682779	483683178	399	0.0	1.0	0.0	
483895947	483897003	1056	0.0	1.0	0.0	
483984422	483984727	305	0.0	1.0	0.0	
484216582	484216852	270	0.0	1.0	0.0	
484655470	484655709	239	0.0	1.0	0.0	
485240182	485241294	1112	0.0	1.0	0.0	
485318958	485319692	734	0.0	1.0	0.0	
485396695	485398169	1474	0.0	1.0	0.0	
485436722	485437141	419	0.0	1.0	0.0	
485719116	485719267	151	0.0	1.0	0.0	
485725216	485725609	393	0.0	1.0	0.0	
485802099	485802241	142	0.0	1.0	0.0	
485802861	485803236	375	0.0	1.0	0.0	
486013226	486014086	860	0.0	1.0	0.0	
486356882	486357187	305	0.0	1.0	0.0	
486524453	486524627	174	0.0	1.0	0.0	
486550620	486551617	997	0.0	1.0	0.0	
487398570	487399060	490	0.0	1.0	0.0	
487799696	487800413	717	0.0	1.0	0.0	
489207738	489208152	414	0.0	1.0	0.0	
489209349	489210957	1608	0.0	1.0	0.0	
489555730	489555908	178	0.0	1.0	0.0	
489804606	489805269	663	0.0	1.0	0.0	
490197220	490197833	613	0.0	1.0	0.0	
490253806	490254780	974	0.0	1.0	0.0	
490605246	490605799	553	0.0	1.0	0.0	
490726940	490727729	789	0.0	1.0	0.0	
490738214	490738910	696	0.0	1.0	0.0	
491029213	491029697	484	0.0	1.0	0.0	
