start	end	length	IDY	missing1	missing2	
100118677	100119713	1036	0.1998	0.5801	0.2017	
100120112	100121091	979	0.2952	0.286	0.3647	
100121477	100122527	1050	0.3162	0.4857	0.1686	
100152587	100153157	570	0.593	0.2018	0.086	
100163223	100163738	515	0.4252	0.0019	0.5495	
100503019	100503355	336	0.7143	0.1399	0.0327	
100611154	100611612	458	0.6987	0.0721	0.1528	
100611929	100612172	243	0.5391	0.1605	0.2305	
100685267	100686677	1410	0.2411	0.2369	0.4922	
100896656	100896992	336	0.8631	0.0208	0.0208	
10096067	10096335	268	0.709	0.0037	0.1903	
10111583	10112772	1189	0.7746	0.0235	0.1312	
101224274	101225822	1548	0.3068	0.3327	0.3366	
101319572	101319862	290	0.769	0.0241	0.069	
102484523	102485215	692	0.7991	0.1084	0.0289	
104673426	104673794	368	0.9185	0.019	0.0	
104844028	104844492	464	0.6228	0.0366	0.2349	
104880514	104880726	212	0.7358	0.0849	0.0802	
105006979	105007322	343	0.7668	0.0117	0.1574	
105007555	105008323	768	0.2669	0.5716	0.112	
105114419	105114993	574	0.4599	0.2613	0.2265	
105274019	105274670	651	0.3932	0.0061	0.553	
105441720	105442595	875	0.3074	0.0446	0.6034	
107514061	107514467	406	0.6724	0.064	0.1946	
107539445	107539610	165	0.8303	0.0	0.0242	
107660677	107661048	371	0.7736	0.0431	0.027	
10803695	10805987	2292	0.4346	0.25	0.2382	
108758278	108758943	665	0.5654	0.3128	0.0722	
109088148	109088365	217	0.8249	0.0922	0.0	
110171161	110172330	1169	0.1754	0.6621	0.1198	
110216856	110217475	619	0.8772	0.0145	0.0242	
110237345	110237672	327	0.5688	0.0214	0.3578	
110243038	110243436	398	0.907	0.0025	0.0101	
110253301	110254136	835	0.7066	0.0731	0.0946	
110412782	110412970	188	0.9255	0.0319	0.016	
111413593	111413925	332	0.9518	0.0	0.0	
111841919	111842234	315	0.8349	0.0349	0.0444	
111969872	111971287	1415	0.3887	0.2452	0.2862	
112142651	112142972	321	0.8474	0.0062	0.053	
112232478	112232856	378	0.7593	0.0265	0.1217	
112431871	112432325	454	0.7445	0.0352	0.152	
112438165	112439062	897	0.6689	0.0747	0.1873	
112733468	112733974	506	0.8953	0.0316	0.002	
112740194	112741239	1045	0.844	0.0431	0.0115	
112745232	112745629	397	0.5264	0.0227	0.3955	
112779660	112780622	962	0.6902	0.0042	0.236	
112788436	112789183	747	0.4779	0.158	0.332	
113470857	113471532	675	0.3304	0.2593	0.3659	
113486746	113487377	631	0.5214	0.0254	0.4089	
11353579	11354243	664	0.3133	0.012	0.6431	
113542956	113544247	1291	0.4415	0.1247	0.3811	
113550853	113551074	221	0.8824	0.0271	0.0362	
113568356	113570086	1730	0.2491	0.6121	0.1173	
113704544	113705154	610	0.5984	0.3	0.0328	
113969440	113970039	599	0.5392	0.0301	0.3589	
114002824	114003519	695	0.5799	0.0273	0.2964	
114302896	114303601	705	0.6496	0.0312	0.2681	
114304345	114304735	390	0.7179	0.0744	0.1205	
114366569	114367216	647	0.0	0.0	1.0	
114475394	114476796	1402	0.4044	0.5057	0.0428	
114560578	114560742	164	0.9024	0.0427	0.0122	
114615235	114615991	756	0.6944	0.1402	0.0648	
114635972	114636409	437	0.9497	0.0023	0.0092	
115048872	115049129	257	0.8716	0.0039	0.0389	
115201930	115203435	1505	0.6146	0.1116	0.1608	
115507349	115507515	166	0.9096	0.0361	0.012	
115560241	115560926	685	0.8803	0.0365	0.0088	
115574161	115575194	1033	0.666	0.1375	0.0823	
115673632	115674357	725	0.5628	0.0055	0.3834	
115702533	115703286	753	0.3745	0.4675	0.1262	
115793731	115794246	515	0.9126	0.0214	0.0155	
116426902	116427315	413	0.661	0.0847	0.1889	
116430501	116431313	812	0.7094	0.1441	0.0443	
116505693	116506622	929	0.5888	0.0592	0.282	
116650007	116650380	373	0.8177	0.0751	0.0456	
116929966	116930240	274	0.6569	0.0036	0.3175	
117075751	117076161	410	0.7049	0.0366	0.1488	
117345302	117345629	327	0.7615	0.0092	0.1223	
117413156	117413539	383	0.6762	0.0783	0.1514	
117639674	117642636	2962	0.0982	0.8626	0.0314	
118260393	118261313	920	0.3924	0.238	0.3196	
118358548	118360975	2427	0.3564	0.1372	0.4396	
118409899	118410091	192	0.8438	0.0521	0.0208	
118429643	118430833	1190	0.3092	0.2118	0.4168	
118432045	118432363	318	0.434	0.0252	0.4591	
118461210	118462537	1327	0.2057	0.3255	0.4491	
118895994	118897166	1172	0.4326	0.2671	0.2338	
118998862	119000242	1380	0.1384	0.4246	0.3812	
119001228	119001846	618	0.6133	0.0113	0.2476	
119005624	119006640	1016	0.3878	0.3789	0.1762	
119009032	119010015	983	0.2665	0.2564	0.4496	
119559530	119566029	6499	0.0468	0.9	0.0483	
120012154	120012868	714	0.1835	0.2731	0.5084	
120583615	120584417	802	0.4364	0.1284	0.3678	
120658588	120659162	574	0.4983	0.3833	0.0209	
120709524	120709916	392	0.6658	0.0179	0.2423	
120744873	120745536	663	0.4977	0.0302	0.3439	
121056007	121056679	672	0.3259	0.4107	0.2366	
121150610	121151747	1137	0.2753	0.299	0.3562	
121153482	121154461	979	0.6486	0.093	0.1399	
121326870	121327099	229	0.7293	0.0	0.2271	
121493278	121493609	331	0.5952	0.3142	0.0755	
121525618	121526616	998	0.4729	0.2064	0.2665	
122034718	122035885	1167	0.569	0.3025	0.0583	
122936856	122937697	841	0.3282	0.2485	0.3401	
123528979	123529171	192	0.9167	0.0208	0.0	
124004370	124004757	387	0.7674	0.0543	0.1189	
124233051	124233818	767	0.3807	0.3038	0.2725	
12467485	12468388	903	0.7841	0.021	0.1307	
126367013	126369816	2803	0.1316	0.7752	0.0703	
126451200	126452006	806	0.5782	0.0695	0.2184	
12667218	12667602	384	0.6641	0.0	0.2865	
1275378	1277049	1671	0.5446	0.2304	0.0928	
127995353	127996491	1138	0.4965	0.2329	0.1968	
12804818	12805324	506	0.666	0.0929	0.168	
128198607	128199727	1120	0.1964	0.6295	0.15	
129238686	129239422	736	0.4103	0.3601	0.163	
12925928	12927002	1074	0.6881	0.1229	0.0773	
12933877	12934751	874	0.7185	0.1648	0.0686	
12970981	12972330	1349	0.7665	0.0682	0.0578	
129727210	129729011	1801	0.3831	0.372	0.1843	
12985738	12986250	512	0.7031	0.0059	0.1777	
130077083	130077825	742	0.558	0.1846	0.1981	
13012567	13013510	943	0.7137	0.1166	0.0615	
130127884	130132999	5115	0.207	0.6651	0.0942	
130187927	130188270	343	0.7668	0.0058	0.2012	
130495090	130496592	1502	0.7011	0.0786	0.1185	
130684266	130684787	521	0.9712	0.0019	0.0019	
131266119	131266739	620	0.6258	0.0935	0.1758	
131484827	131485058	231	0.9004	0.026	0.0	
131612230	131613252	1022	0.8738	0.0342	0.0108	
131769602	131770099	497	0.9457	0.0	0.0141	
131784333	131784546	213	0.8826	0.0188	0.0094	
131834907	131835228	321	0.5826	0.2243	0.1121	
132123060	132123859	799	0.3329	0.1852	0.433	
132198273	132198748	475	0.5453	0.0168	0.3768	
132391565	132391824	259	0.8764	0.0232	0.0077	
132439960	132440665	705	0.5943	0.0979	0.2142	
132448715	132448912	197	0.9289	0.0203	0.0	
132454583	132454916	333	0.8889	0.027	0.006	
132479320	132479712	392	0.8954	0.0255	0.0281	
133014803	133015924	1121	0.5236	0.1508	0.2471	
133251045	133251309	264	0.7083	0.0303	0.1515	
133295858	133296707	849	0.3722	0.2721	0.2568	
133696750	133696984	234	0.6709	0.0598	0.1496	
133730737	133731032	295	0.9017	0.0136	0.0034	
133829796	133830412	616	0.5276	0.0081	0.388	
134939432	134940671	1239	0.2583	0.4988	0.2026	
135053542	135053923	381	0.7769	0.0105	0.0919	
135055239	135055689	450	0.8156	0.0267	0.0667	
135058416	135059238	822	0.3431	0.3504	0.2567	
135066609	135066831	222	0.8198	0.018	0.0721	
135102129	135102548	419	0.6874	0.031	0.1599	
135103167	135103862	695	0.3367	0.1439	0.4791	
135769662	135770304	642	0.4642	0.1511	0.3193	
136762886	136763702	816	0.4289	0.027	0.4767	
136769401	136770571	1170	0.3735	0.4402	0.1385	
136975517	136976328	811	0.455	0.2182	0.2503	
13702015	13702330	315	0.854	0.0159	0.0095	
137095650	137095970	320	0.7813	0.0344	0.1062	
137157274	137157896	622	0.7605	0.0611	0.1061	
137332019	137332673	654	0.2905	0.1391	0.5428	
137357103	137359665	2562	0.3673	0.2315	0.324	
137696826	137697748	922	0.4664	0.0846	0.3709	
1378540	1379041	501	0.8184	0.022	0.0399	
137912489	137913405	916	0.2293	0.595	0.1605	
138085344	138086101	757	0.8983	0.0066	0.0423	
138521957	138523007	1050	0.6171	0.0952	0.2038	
138785221	138785763	542	0.7712	0.0387	0.1052	
138870402	138870731	329	0.7933	0.0638	0.0152	
13888334	13888553	219	0.8311	0.0046	0.0502	
13888883	13889684	801	0.7491	0.0637	0.1036	
138896344	138896801	457	0.6783	0.1794	0.0635	
139019145	139019303	158	0.9684	0.0	0.0	
139045172	139045645	473	0.5666	0.1882	0.1966	
139215351	139217481	2130	0.5413	0.1742	0.207	
139321327	139321694	367	0.8202	0.0381	0.0	
139354917	139355130	213	0.9624	0.0141	0.0	
139367694	139369094	1400	0.6864	0.0536	0.205	
139377038	139377454	416	0.9279	0.0144	0.012	
139413264	139413479	215	0.5163	0.1721	0.2	
139427699	139428197	498	0.8414	0.0341	0.0141	
139555496	139557015	1519	0.5418	0.2646	0.0915	
13955651	13955816	165	0.897	0.0788	0.0	
139659235	139659547	312	0.8077	0.0641	0.0032	
139666941	139667301	360	0.6361	0.0194	0.2722	
139707480	139708164	684	0.7003	0.0965	0.1754	
13972997	13973456	459	0.8366	0.0479	0.0065	
139772411	139773610	1199	0.2794	0.2944	0.3895	
139774344	139774650	306	0.7386	0.0948	0.0948	
139825646	139825866	220	0.9	0.0	0.0227	
139943685	139944483	798	0.8371	0.0226	0.0439	
139951296	139952497	1201	0.2939	0.5079	0.1415	
140290236	140290703	467	0.8094	0.0278	0.0343	
140318290	140318531	241	0.9461	0.0083	0.0	
140328898	140329437	539	0.5139	0.1763	0.2412	
140746043	140746313	270	0.9	0.0185	0.0111	
140765569	140765876	307	0.899	0.013	0.0033	
140774686	140775856	1170	0.5949	0.1838	0.1077	
14086789	14087394	605	0.7256	0.0364	0.1702	
14100045	14101501	1456	0.5055	0.2644	0.1422	
141065508	141066016	508	0.7323	0.0276	0.1378	
141217226	141217551	325	0.6523	0.0769	0.2031	
141220701	141222570	1869	0.5169	0.2943	0.1295	
141483636	141484384	748	0.4826	0.2955	0.1484	
141543277	141543854	577	0.3622	0.0503	0.5615	
141603772	141604228	456	0.375	0.0197	0.5811	
141650130	141650483	353	0.6176	0.0822	0.238	
142082125	142083717	1592	0.4962	0.25	0.1966	
142623619	142625267	1648	0.6705	0.139	0.128	
142625652	142626717	1065	0.3531	0.2141	0.3822	
14288676	14289263	587	0.9284	0.0	0.0204	
143069987	143070714	727	0.4924	0.3879	0.0193	
143553990	143554914	924	0.7024	0.0563	0.1732	
143613863	143614227	364	0.739	0.0659	0.0577	
144822407	144822838	431	0.7517	0.0186	0.1369	
144865797	144866434	637	0.752	0.0769	0.0769	
145029596	145030945	1349	0.4514	0.4047	0.0756	
145058617	145059179	562	0.7064	0.1192	0.0907	
145575464	145575807	343	0.8222	0.0087	0.0612	
146205441	146206398	957	0.2675	0.3333	0.3636	
14621963	14623178	1215	0.7342	0.0897	0.1152	
146374937	146376168	1231	0.4045	0.2583	0.26	
146376483	146377421	938	0.5128	0.274	0.1173	
146455967	146456877	910	0.5758	0.0286	0.3462	
146558265	146559173	908	0.9053	0.0	0.0319	
146822608	146822944	336	0.7619	0.0238	0.122	
146823847	146824214	367	0.861	0.0163	0.0763	
14700973	14701213	240	0.8417	0.0042	0.0542	
14704255	14704463	208	0.7163	0.0337	0.2163	
14716832	14717499	667	0.8366	0.0555	0.057	
147179859	147180077	218	0.8853	0.0413	0.0046	
147222882	147223383	501	0.5868	0.1816	0.1876	
148132735	148133224	489	0.8098	0.0143	0.0859	
148154527	148155288	761	0.816	0.0788	0.0145	
148186643	148187605	962	0.6383	0.0644	0.2422	
148537162	148538283	1121	0.5789	0.1597	0.1936	
148915390	148916119	729	0.4348	0.1427	0.3759	
148942104	148942446	342	0.7719	0.0468	0.038	
148992949	148993230	281	0.9466	0.0	0.0	
14905984	14906504	520	0.8692	0.0096	0.0385	
149339388	149340133	745	0.4295	0.0081	0.498	
149547735	149548092	357	0.8263	0.0308	0.0308	
150333504	150333764	260	0.8769	0.0077	0.0538	
150338552	150338757	205	0.7073	0.1512	0.0244	
150488639	150489053	414	0.8237	0.0217	0.0145	
151066618	151067300	682	0.4531	0.346	0.1584	
151096300	151097019	719	0.4131	0.0682	0.459	
151120880	151121287	407	0.9361	0.0	0.0	
151452973	151454096	1123	0.6874	0.1371	0.0641	
151477330	151478104	774	0.4961	0.0103	0.469	
151828493	151829392	899	0.7019	0.04	0.129	
152186628	152187791	1163	0.1488	0.2322	0.5959	
152313203	152314656	1453	0.3173	0.0585	0.5822	
152632522	152632760	238	0.8319	0.0126	0.0042	
152689921	152690298	377	0.7745	0.0318	0.0928	
152690803	152691206	403	0.6476	0.2208	0.0744	
152713506	152713841	335	0.6836	0.0537	0.1851	
152741978	152744203	2225	0.6404	0.1213	0.1294	
152747034	152747325	291	0.8282	0.0241	0.0378	
152748075	152748461	386	0.6554	0.0363	0.1528	
152766979	152768443	1464	0.4563	0.0867	0.3723	
153716975	153717309	334	0.8892	0.0	0.0479	
154327682	154327966	284	0.9225	0.0	0.0317	
154333207	154333641	434	0.6198	0.1544	0.1843	
154731755	154733018	1263	0.2835	0.0808	0.578	
154868336	154868569	233	0.9571	0.0	0.0	
15518182	15518576	394	0.665	0.1751	0.0355	
15520822	15521447	625	0.9296	0.0016	0.0128	
155284990	155285164	174	0.8966	0.023	0.0	
155286197	155286975	778	0.5257	0.0758	0.3329	
156260916	156261342	426	0.7793	0.1033	0.007	
15664594	15664953	359	0.5181	0.1393	0.273	
15666278	15666606	328	0.9116	0.0274	0.0	
15667226	15667839	613	0.4307	0.0914	0.4176	
15673186	15674664	1478	0.7537	0.1313	0.0399	
15686162	15686562	400	0.85	0.0625	0.015	
156971312	156972799	1487	0.2932	0.2381	0.4122	
157482425	157482720	295	0.8983	0.0	0.0203	
158066721	158068303	1582	0.4153	0.2661	0.232	
158106376	158106816	440	0.5045	0.0432	0.4091	
158297627	158298507	880	0.4102	0.3307	0.1807	
158299357	158299590	233	0.9442	0.0	0.0043	
158560170	158560326	156	0.7436	0.0256	0.1346	
158560529	158561247	718	0.4234	0.337	0.1602	
159650162	159651850	1688	0.4615	0.2541	0.2103	
159901132	159902095	963	0.7487	0.0395	0.1246	
159923370	159924021	651	0.9109	0.0061	0.0138	
159927726	159928553	827	0.8138	0.0339	0.0665	
16055534	16055869	335	0.8627	0.0179	0.0478	
161306662	161307420	758	0.7032	0.0646	0.1121	
16151750	16151948	198	0.9343	0.0303	0.0	
162502314	162502548	234	0.8632	0.0085	0.0513	
162598633	162599619	986	0.8489	0.0233	0.0527	
16283373	16283799	426	0.5446	0.2582	0.1573	
163644690	163645156	466	0.7146	0.0129	0.2082	
16491899	16492808	909	0.7085	0.0935	0.0979	
16520157	16521669	1512	0.6753	0.0357	0.2189	
165698689	165699157	468	0.5064	0.0064	0.3825	
165699861	165701300	1439	0.3878	0.2946	0.2557	
165747771	165748047	276	0.558	0.0181	0.3768	
165787606	165787793	187	0.8824	0.0	0.0588	
165924444	165924821	377	0.4668	0.183	0.252	
166026418	166026721	303	0.8515	0.0264	0.0132	
166103054	166103493	439	0.8474	0.0046	0.0661	
166104000	166104335	335	0.8119	0.0149	0.0239	
166166129	166166760	631	0.8542	0.0032	0.0254	
167009675	167011070	1395	0.3849	0.3785	0.1792	
167407616	167407832	216	0.9028	0.0231	0.0	
167408942	167409609	667	0.2909	0.2159	0.4498	
167916492	167918155	1663	0.1984	0.1954	0.5658	
168148710	168149227	517	0.8298	0.0368	0.0406	
168238537	168239084	547	0.8355	0.0457	0.011	
168431480	168432378	898	0.5523	0.0223	0.2984	
168457343	168457637	294	0.8469	0.0306	0.0034	
168492639	168493205	566	0.4417	0.0141	0.4823	
168524916	168525162	246	0.7805	0.0081	0.0935	
168628654	168629055	401	0.7955	0.0349	0.0424	
16870246	16870396	150	0.98	0.0	0.0	
168972525	168973368	843	0.2135	0.6121	0.1613	
168991038	168992403	1365	0.8864	0.0183	0.0271	
16909060	16909245	185	0.9568	0.0054	0.0	
169842385	169843090	705	0.6	0.1716	0.1631	
169908073	169909926	1853	0.503	0.1624	0.2423	
169959416	169960312	896	0.4721	0.3002	0.1239	
170006150	170006406	256	0.8164	0.0508	0.0195	
170159433	170159983	550	0.48	0.1327	0.28	
170267850	170269955	2105	0.3786	0.1805	0.3777	
170836791	170837172	381	0.5197	0.0	0.4226	
170934302	170935045	743	0.288	0.3526	0.3244	
170959674	170960314	640	0.2813	0.0266	0.6391	
171025471	171025935	464	0.806	0.0043	0.0647	
171026525	171027443	918	0.6852	0.146	0.122	
171145915	171146251	336	0.8542	0.0119	0.0268	
171248979	171250350	1371	0.6579	0.097	0.1524	
171306704	171307937	1233	0.3212	0.3496	0.266	
171349091	171349375	284	0.8768	0.0317	0.0	
171349881	171350379	498	0.3253	0.1928	0.4538	
171351434	171352474	1040	0.149	0.8346	0.0029	
17145561	17147270	1709	0.9157	0.0246	0.0035	
172103182	172103392	210	0.6524	0.0381	0.2381	
172188812	172189236	424	0.816	0.0259	0.0236	
172199925	172200464	539	0.3525	0.3544	0.2597	
172225984	172226113	129	0.7364	0.0	0.2171	
172226740	172227279	539	0.525	0.0223	0.3284	
172316487	172317494	1007	0.4687	0.292	0.1509	
172323335	172323648	313	0.8562	0.0319	0.0447	
172323742	172324384	642	0.8707	0.0	0.0249	
172332972	172333899	927	0.8954	0.0076	0.0108	
172340008	172340350	342	0.7895	0.0292	0.0906	
172362423	172362573	150	0.9133	0.0133	0.02	
172362975	172365064	2089	0.0991	0.7367	0.1446	
172367893	172368231	338	0.8609	0.0089	0.0473	
172369728	172370574	846	0.5626	0.0579	0.2813	
172378659	172379917	1258	0.461	0.1161	0.3347	
172444878	172445524	646	0.2384	0.469	0.2601	
172446032	172446317	285	0.0	0.0	1.0	
172824735	172825461	726	0.4807	0.3774	0.0771	
172857645	172858464	819	0.5714	0.1844	0.127	
172925086	172925662	576	0.3802	0.5486	0.0087	
173038919	173039346	427	0.452	0.4918	0.0258	
173419375	173419739	364	0.6484	0.1236	0.1484	
174247218	174247612	394	0.5761	0.0178	0.3274	
174316396	174317119	723	0.4786	0.3098	0.1369	
174935060	174935262	202	0.8713	0.005	0.0149	
175144530	175145891	1361	0.4269	0.1065	0.388	
175231805	175232528	723	0.8354	0.0041	0.1079	
17530422	17531587	1165	0.4129	0.291	0.224	
175318113	175318882	769	0.2822	0.4265	0.2432	
175400909	175401451	542	0.5203	0.3229	0.0683	
175403583	175403712	129	0.8682	0.0	0.0078	
175467992	175468554	562	0.6512	0.0712	0.1993	
175551631	175551824	193	0.8342	0.0363	0.0518	
175587099	175587567	468	0.765	0.0406	0.0897	
176617304	176617799	495	0.6182	0.0101	0.2566	
176811047	176811252	205	0.8244	0.0537	0.0244	
176811806	176812100	294	0.568	0.0748	0.2959	
176830139	176830649	510	0.649	0.1333	0.1451	
176854756	176855173	417	0.801	0.0336	0.0743	
176876130	176876743	613	0.509	0.0163	0.385	
176884818	176885610	792	0.7159	0.0556	0.1035	
176897927	176898129	202	0.6733	0.1287	0.1287	
176899065	176899309	244	0.8443	0.0164	0.0328	
176959481	176959693	212	0.8774	0.0236	0.033	
176971460	176971890	430	0.3465	0.3209	0.2465	
176973522	176974147	625	0.616	0.008	0.2912	
177335487	177335882	395	0.7595	0.0	0.1342	
177748775	177749200	425	0.48	0.1224	0.3412	
177786409	177787852	1443	0.4595	0.2037	0.2807	
177798700	177799442	742	0.3841	0.2722	0.2736	
177857247	177857904	657	0.7869	0.035	0.0989	
178936214	178937141	927	0.4811	0.0378	0.4272	
179300922	179303134	2212	0.3454	0.2152	0.3847	
180252303	180252969	666	0.4174	0.2012	0.3288	
180304436	180305320	884	0.2692	0.3314	0.3575	
18065190	18065799	609	0.936	0.0	0.0033	
180910882	180911315	433	0.7321	0.0323	0.1016	
181123739	181123918	179	0.8156	0.0056	0.0838	
181537081	181537261	180	0.9833	0.0056	0.0	
18180125	18180469	344	0.5843	0.0	0.3837	
18235809	18236330	521	0.8944	0.0326	0.0	
18236799	18237280	481	0.869	0.0042	0.0894	
182543330	182544653	1323	0.26	0.1557	0.5238	
18304529	18305290	761	0.4639	0.1406	0.3009	
18308738	18310076	1338	0.6913	0.1637	0.083	
18310996	18312451	1455	0.9498	0.0089	0.0014	
183218138	183218435	297	0.7778	0.0505	0.0303	
183226412	183227425	1013	0.3929	0.2162	0.2902	
18396550	18396879	329	0.8784	0.0	0.0517	
18397689	18397930	241	0.9129	0.0166	0.0041	
184069861	184070176	315	0.7714	0.0317	0.0349	
184072012	184073395	1383	0.2856	0.3601	0.3022	
184181940	184182571	631	0.5753	0.0032	0.3582	
184259196	184259704	508	0.6929	0.1181	0.1654	
184415976	184418658	2682	0.0802	0.8762	0.0362	
184680683	184681013	330	0.497	0.0	0.4424	
184682173	184682720	547	0.6143	0.0219	0.2559	
184701209	184701554	345	0.7014	0.0493	0.1942	
18488707	18489134	427	0.9016	0.0	0.0047	
185163177	185163948	771	0.2633	0.3268	0.3917	
185193715	185194499	784	0.4056	0.2832	0.2411	
18562804	18563015	211	0.7536	0.0237	0.1517	
186282114	186283043	929	0.4413	0.0172	0.4499	
186288102	186289598	1496	0.2433	0.2988	0.4138	
186289973	186291073	1100	0.2345	0.2118	0.5045	
186305540	186307011	1471	0.2366	0.1638	0.5554	
186649928	186650787	859	0.4063	0.4284	0.0978	
187352322	187352622	300	0.8267	0.0267	0.07	
187359986	187360477	491	0.8045	0.0081	0.0448	
187449830	187450203	373	0.7265	0.1072	0.0375	
187457456	187459134	1678	0.584	0.2443	0.093	
187760124	187762078	1954	0.2753	0.1274	0.5502	
187770272	187770848	576	0.6944	0.0955	0.0417	
187830744	187832466	1722	0.694	0.0703	0.1167	
188094555	188095496	941	0.4176	0.3486	0.1605	
188236524	188237007	483	0.5631	0.0911	0.2588	
188520165	188520942	777	0.5431	0.2883	0.0412	
189583410	189583715	305	0.7016	0.118	0.1311	
189584505	189584728	223	0.9283	0.0	0.0045	
189888792	189889656	864	0.6366	0.0833	0.1944	
190669791	190670047	256	0.7422	0.1016	0.0234	
190671177	190671808	631	0.4564	0.1506	0.3201	
190672855	190673074	219	0.9406	0.0	0.0183	
190810773	190810951	178	0.8876	0.0506	0.0	
191212617	191213275	658	0.6261	0.0623	0.1261	
191237496	191238118	622	0.4405	0.1833	0.3376	
191258938	191259942	1004	0.4183	0.0299	0.4412	
192077008	192077670	662	0.6647	0.065	0.1526	
192433172	192434873	1701	0.8507	0.0253	0.057	
193870801	193872316	1515	0.2851	0.4653	0.1762	
193979000	193982135	3135	0.2909	0.3187	0.3292	
19446186	19446523	337	0.7745	0.1454	0.0119	
195313087	195313612	525	0.3867	0.4743	0.099	
195811961	195812158	197	0.8832	0.0152	0.0102	
195832767	195833279	512	0.457	0.3438	0.1719	
196304788	196305083	295	0.8814	0.0373	0.0169	
196342538	196344007	1469	0.354	0.4221	0.1511	
196345566	196345808	242	0.7438	0.0537	0.0661	
197327192	197328235	1043	0.3068	0.6136	0.0527	
197359786	197360895	1109	0.532	0.1749	0.2155	
197417379	197418136	757	0.5509	0.037	0.3303	
197435442	197435602	160	0.9125	0.0	0.0063	
197436225	197437423	1198	0.4341	0.2504	0.2571	
1992930	1993878	948	0.635	0.0981	0.1667	
199953888	199955082	1194	0.3643	0.3853	0.2027	
200052812	200053353	541	0.2791	0.1331	0.5601	
200900949	200901372	423	0.6076	0.0	0.3593	
200911859	200912090	231	0.8745	0.0087	0.0693	
200926303	200927400	1097	0.2452	0.6691	0.0593	
200932572	200932874	302	0.904	0.0132	0.0033	
200999919	201000065	146	0.8904	0.0548	0.0	
201092723	201093454	731	0.4679	0.3133	0.1409	
201328915	201329288	373	0.7426	0.0402	0.1314	
202256738	202257408	670	0.4776	0.294	0.1642	
202325776	202326285	509	0.5501	0.3536	0.0688	
202430140	202431208	1068	0.5899	0.0571	0.2987	
202648562	202649303	741	0.5506	0.1754	0.1633	
203493436	203493804	368	0.6495	0.0082	0.2554	
203496822	203497493	671	0.6677	0.082	0.1684	
203505074	203505245	171	0.9357	0.0175	0.0	
203755086	203755559	473	0.9598	0.0	0.0	
204037004	204039248	2244	0.7438	0.0896	0.1074	
204067833	204069950	2117	0.8385	0.0633	0.025	
204071445	204072136	691	0.9783	0.0	0.0	
204072495	204074169	1674	0.6762	0.0669	0.1595	
204285912	204286598	686	0.484	0.3192	0.1429	
204286675	204287031	356	0.4157	0.0702	0.4916	
2044185	2045102	917	0.566	0.2388	0.1101	
204678695	204679274	579	0.8532	0.0155	0.019	
204683987	204684407	420	0.7738	0.0667	0.0714	
204886358	204886525	167	0.8802	0.0	0.0	
20489720	20490502	782	0.6074	0.0959	0.234	
204900786	204901525	739	0.4303	0.4208	0.0609	
204901728	204902448	720	0.8333	0.0458	0.0486	
205019390	205019587	197	0.9188	0.0	0.0355	
205191810	205192074	264	0.9621	0.0	0.0	
205337954	205338219	265	0.9283	0.0	0.0151	
20539981	20540210	229	0.8428	0.0524	0.0437	
205403826	205404092	266	0.906	0.0	0.0038	
206192885	206193823	938	0.5171	0.1578	0.2441	
206221338	206221715	377	0.8462	0.0318	0.0398	
20627890	20628401	511	0.3933	0.1937	0.3738	
206377837	206378553	716	0.8408	0.0084	0.0377	
206642290	206642728	438	0.4041	0.3219	0.2374	
206672054	206672501	447	0.736	0.094	0.1186	
206709279	206709944	665	0.5233	0.1203	0.2827	
206711749	206712489	740	0.4554	0.3041	0.1743	
206867775	206868546	771	0.4981	0.1427	0.3048	
206926715	206927142	427	0.9368	0.0023	0.0094	
206963431	206964032	601	0.7787	0.0815	0.025	
207029435	207030141	706	0.9334	0.0071	0.0156	
207032573	207032812	239	0.8326	0.0042	0.0167	
20710154	20710403	249	0.8795	0.0402	0.012	
20731645	20733060	1415	0.7004	0.0622	0.1604	
207808527	207809375	848	0.4811	0.0814	0.395	
207888748	207889798	1050	0.6438	0.081	0.1676	
208015849	208016140	291	0.6357	0.244	0.0584	
208020903	208021189	286	0.8741	0.007	0.0	
208039164	208039817	653	0.6907	0.0643	0.1455	
208336022	208336350	328	0.9238	0.0061	0.0335	
208502527	208503546	1019	0.2502	0.4318	0.2826	
20857544	20857790	246	0.8211	0.0285	0.0732	
20860505	20860814	309	0.9515	0.0	0.0032	
209533946	209534526	580	0.9069	0.0086	0.0293	
209999798	210000751	953	0.3274	0.0147	0.6118	
210001381	210001998	617	0.6904	0.1102	0.1086	
210079953	210080680	727	0.6602	0.0757	0.205	
210185576	210186288	712	0.4902	0.1742	0.2809	
210287315	210288928	1613	0.8053	0.0366	0.0719	
210740740	210741611	871	0.3238	0.3111	0.3341	
210828211	210828502	291	0.8866	0.0275	0.0069	
210877750	210878452	702	0.6125	0.1638	0.1311	
210901299	210901655	356	0.8848	0.0	0.0281	
210908755	210909001	246	0.8374	0.0244	0.0528	
210913871	210914139	268	0.9328	0.0112	0.0037	
210982481	210983002	521	0.6795	0.0768	0.0845	
211032205	211032601	396	0.7222	0.0657	0.1566	
211033682	211033833	151	0.947	0.0265	0.0	
211778992	211779257	265	0.883	0.0453	0.0	
211824860	211825688	828	0.5978	0.0592	0.2669	
211844481	211845900	1419	0.58	0.2072	0.148	
211851413	211851729	316	0.8829	0.0285	0.0063	
211855654	211856841	1187	0.8635	0.0514	0.0185	
211865310	211865903	593	0.8533	0.032	0.0438	
2118783	2119622	839	0.6007	0.0715	0.1979	
211999922	212000164	242	0.938	0.0	0.0	
212035651	212035832	181	0.8177	0.0552	0.0221	
212046487	212046679	192	0.8958	0.0	0.0313	
212047470	212047728	258	0.8178	0.0078	0.0543	
212238126	212238606	480	0.5625	0.0292	0.3083	
212434427	212434661	234	0.641	0.0171	0.3034	
212559363	212559746	383	0.9295	0.0	0.0157	
212596566	212597424	858	0.6853	0.0664	0.1399	
213026485	213027102	617	0.8363	0.0389	0.0438	
214056663	214057911	1248	0.5353	0.1795	0.2284	
214870211	214870452	241	0.9793	0.0	0.0041	
214987778	214988230	452	0.8208	0.0376	0.0177	
215108520	215109679	1159	0.5229	0.0846	0.277	
215405786	215407110	1324	0.5378	0.065	0.2908	
21543391	21543882	491	0.5153	0.1161	0.2831	
215662999	215665348	2349	0.4134	0.3261	0.2048	
215685085	215685449	364	0.7912	0.0467	0.1154	
215728023	215728313	290	0.7	0.1586	0.0655	
215728883	215729478	595	0.5983	0.1832	0.1143	
216840863	216842136	1273	0.3849	0.2176	0.3119	
216887560	216888027	467	0.591	0.0171	0.2912	
217365503	217367282	1779	0.362	0.4384	0.1411	
21913439	21914769	1330	0.7173	0.0872	0.0917	
222470221	222470838	617	0.4506	0.0956	0.3809	
222881781	222882221	440	0.9614	0.0	0.0227	
223163701	223163946	245	0.902	0.0122	0.0	
223605426	223605991	565	0.3522	0.3381	0.269	
223683959	223684234	275	0.5964	0.0182	0.3382	
223689350	223691065	1715	0.4542	0.2875	0.1708	
223861129	223861589	460	0.7239	0.0478	0.1565	
22388632	22389480	848	0.8184	0.0283	0.0413	
22396833	22398435	1602	0.4675	0.4076	0.0325	
22469642	22469947	305	0.7869	0.0033	0.141	
224715315	224715749	434	0.8733	0.023	0.0484	
225443598	225443910	312	0.7949	0.016	0.0641	
225720565	225720882	317	0.8675	0.0347	0.0284	
22602349	22602833	484	0.8223	0.0372	0.0393	
226446912	226447186	274	0.8832	0.0	0.0328	
22644819	22645302	483	0.8116	0.0269	0.0807	
227888850	227889181	331	0.716	0.0393	0.139	
22813435	22815690	2255	0.8678	0.0412	0.0377	
228383629	228384367	738	0.6856	0.1233	0.0908	
228679210	228679589	379	0.8734	0.029	0.0317	
228681721	228682741	1020	0.7059	0.0402	0.1716	
229968372	229968568	196	0.8622	0.0255	0.0204	
230359439	230359973	534	0.4794	0.3446	0.1086	
230360270	230361569	1299	0.4465	0.2579	0.2325	
230420989	230422351	1362	0.2665	0.2651	0.4288	
230822519	230822852	333	0.6216	0.1171	0.1592	
230823443	230824221	778	0.3805	0.4653	0.1118	
230863866	230864017	151	0.7219	0.0265	0.1589	
230864743	230865077	334	0.8503	0.0	0.0659	
230969413	230969956	543	0.6501	0.0092	0.2376	
231410329	231410518	189	0.9048	0.0317	0.0	
231513403	231513940	537	0.4413	0.2961	0.1844	
231539890	231541366	1476	0.7547	0.061	0.0528	
231574421	231574741	320	0.9	0.0094	0.0281	
231952083	231952384	301	0.7542	0.0332	0.1362	
231961172	231961966	794	0.2368	0.2368	0.4811	
233178820	233179459	639	0.7825	0.0203	0.0814	
233742764	233744130	1366	0.3331	0.4458	0.1691	
233839268	233839551	283	0.6502	0.0283	0.2473	
233912144	233912584	440	0.8955	0.0114	0.0114	
233913976	233915211	1235	0.6858	0.068	0.1587	
233918098	233918418	320	0.8688	0.025	0.0187	
233930550	233931260	710	0.5493	0.0169	0.3338	
233932058	233932635	577	0.6256	0.1248	0.1664	
233932943	233933213	270	0.8778	0.0296	0.0296	
233937720	233938362	642	0.8193	0.0078	0.053	
234716135	234716522	387	0.8734	0.0052	0.0129	
234716944	234717428	484	0.7231	0.0537	0.1364	
235183122	235183648	526	0.77	0.0209	0.0285	
235200474	235201268	794	0.4106	0.2771	0.2531	
235202245	235202757	512	0.6367	0.041	0.252	
235207223	235207809	586	0.3396	0.0034	0.6212	
235235951	235236168	217	0.8341	0.0138	0.0415	
235236899	235237316	417	0.5276	0.0384	0.4125	
23575969	23577428	1459	0.5963	0.2714	0.0356	
236294976	236295773	797	0.5358	0.2472	0.1393	
23630536	23631680	1144	0.389	0.125	0.4554	
236374204	236374503	299	0.7559	0.01	0.1237	
236491360	236491786	426	0.7254	0.0822	0.0869	
236492430	236493293	863	0.2908	0.3847	0.2711	
236498456	236499513	1057	0.4456	0.0662	0.4305	
236877603	236878195	592	0.326	0.0169	0.6267	
237067766	237067987	221	0.6063	0.0543	0.2262	
23789683	23789962	279	0.8961	0.0	0.0036	
23811262	23811539	277	0.6245	0.2347	0.0614	
238973535	238974693	1158	0.3394	0.3964	0.2038	
23962935	23963413	478	0.5711	0.0167	0.3431	
241259718	241260534	816	0.4277	0.1544	0.3811	
241335329	241335636	307	0.7948	0.0195	0.101	
241342869	241343073	204	0.7304	0.0245	0.201	
241350146	241350461	315	0.7079	0.0032	0.2063	
241354042	241355121	1079	0.3253	0.5042	0.1307	
241362186	241362431	245	0.898	0.0082	0.0163	
241999984	242000164	180	0.9278	0.0	0.0444	
242729432	242730340	908	0.3756	0.0088	0.5694	
242736304	242738152	1848	0.5368	0.1223	0.2159	
242991408	242991642	234	0.9316	0.0171	0.0	
243030469	243030948	479	0.9645	0.0	0.0	
243075555	243076331	776	0.7564	0.0735	0.018	
243079142	243079339	197	0.868	0.0	0.066	
243090095	243090966	871	0.3548	0.4145	0.2067	
243129964	243130376	412	0.8544	0.0	0.0558	
243361025	243361343	318	0.7327	0.0943	0.0346	
243619807	243620673	866	0.6178	0.2575	0.0647	
243643558	243643783	225	0.8933	0.0133	0.0178	
243645261	243645510	249	0.8715	0.004	0.008	
243646573	243647011	438	0.8105	0.0091	0.1279	
244212088	244212835	747	0.4123	0.178	0.3226	
244341635	244342201	566	0.917	0.0053	0.0106	
244503611	244503918	307	0.5831	0.1987	0.1661	
245233759	245234620	861	0.2927	0.6353	0.0221	
245267606	245267811	205	0.8293	0.0683	0.0195	
245300941	245301297	356	0.868	0.0028	0.059	
245307201	245307676	475	0.3958	0.04	0.5158	
245320881	245321303	422	0.6919	0.064	0.1517	
245326853	245327173	320	0.9406	0.0	0.0094	
245947102	245947497	395	0.0	0.0	1.0	
2460044	2461997	1953	0.2028	0.1214	0.6267	
246259568	246260826	1258	0.4006	0.2719	0.2782	
247746291	247746470	179	0.8101	0.0782	0.0	
248160751	248161485	734	0.4918	0.3338	0.0995	
248166725	248167290	565	0.7788	0.0566	0.0637	
248172011	248172269	258	0.8566	0.0	0.0698	
248183925	248184719	794	0.2242	0.4395	0.33	
248653029	248653958	929	0.5953	0.1399	0.1808	
248759300	248759871	571	0.7268	0.0788	0.0701	
248796691	248797443	752	0.5306	0.1423	0.2553	
249090203	249090514	311	0.8328	0.0096	0.045	
249101723	249102761	1038	0.1975	0.5944	0.1686	
2505235	2511578	6343	0.0605	0.9172	0.018	
250998812	250999018	206	0.8301	0.0777	0.0583	
251240520	251240906	386	0.7098	0.0207	0.171	
251261047	251261433	386	0.9016	0.0052	0.0285	
251269912	251270323	411	0.635	0.09	0.1703	
251608228	251608394	166	0.9337	0.0241	0.0	
25205401	25205738	337	0.5875	0.0475	0.2641	
252904161	252904333	172	0.936	0.0	0.0349	
252927101	252927736	635	0.5197	0.0945	0.3181	
253424290	253425141	851	0.3596	0.4148	0.1586	
255251928	255252261	333	0.8859	0.006	0.033	
255555412	255555648	236	0.9025	0.0297	0.0127	
256682072	256682213	141	0.8794	0.0355	0.0213	
256896147	256896727	580	0.3086	0.6086	0.0638	
256978272	256978550	278	0.8777	0.0	0.0072	
257039866	257040225	359	0.7521	0.1337	0.0223	
257306012	257306621	609	0.8259	0.0181	0.0706	
257568185	257568888	703	0.66	0.2205	0.0555	
257615478	257616354	876	0.6815	0.153	0.1096	
257663793	257664946	1153	0.8491	0.0165	0.0729	
257713381	257713676	295	0.8949	0.0271	0.0169	
257717715	257718503	788	0.8566	0.0393	0.0622	
257760446	257760692	246	0.7886	0.0041	0.1545	
257849331	257849755	424	0.6981	0.0047	0.2547	
257981791	257982036	245	0.7102	0.0286	0.2408	
258437236	258437522	286	0.8462	0.0175	0.028	
25874930	25875103	173	0.7919	0.0405	0.0289	
258864673	258865791	1118	0.5546	0.1315	0.2299	
258866437	258866890	453	0.8587	0.0177	0.053	
258872815	258873400	585	0.5795	0.0342	0.3197	
258877986	258880994	3008	0.1785	0.6805	0.1263	
258892943	258893769	826	0.8995	0.0169	0.0133	
259681646	259682229	583	0.6364	0.1252	0.1269	
259987874	259988482	608	0.8553	0.0247	0.0296	
259991227	259991392	165	0.9212	0.0	0.0	
260728159	260728578	419	0.9141	0.0095	0.0167	
2607405	2608198	793	0.7554	0.0958	0.0757	
260838082	260839093	1011	0.7428	0.0475	0.1108	
260841458	260843582	2124	0.2194	0.5993	0.1511	
261019273	261019826	553	0.868	0.0018	0.0561	
261034015	261034579	564	0.7039	0.0816	0.0638	
261035315	261035459	144	0.8819	0.0	0.0625	
261105133	261106223	1090	0.5037	0.3092	0.1294	
261135621	261135920	299	0.5753	0.0669	0.3211	
261215471	261215638	167	0.9281	0.0	0.0359	
261216628	261216940	312	0.9038	0.016	0.016	
261220005	261220672	667	0.7691	0.027	0.1529	
261241939	261242818	879	0.4209	0.0865	0.413	
261247460	261248705	1245	0.3205	0.1317	0.506	
261285918	261287149	1231	0.6661	0.0666	0.1332	
261619365	261619829	464	0.6078	0.0043	0.3039	
261630033	261630416	383	0.8433	0.0131	0.0366	
261912669	261912883	214	0.6682	0.1542	0.0514	
262775768	262776362	594	0.3047	0.2054	0.4697	
262776782	262777398	616	0.4269	0.3555	0.1558	
262792656	262793572	916	0.6779	0.0928	0.1157	
262877439	262878685	1246	0.6011	0.2047	0.0626	
262923142	262923729	587	0.4719	0.1789	0.2419	
262924080	262925284	1204	0.3937	0.3978	0.1628	
262937173	262938936	1763	0.211	0.4736	0.2638	
263387273	263388477	1204	0.3314	0.088	0.5208	
263389264	263389699	435	0.7287	0.069	0.0897	
263394886	263396231	1345	0.5963	0.1026	0.2015	
263432473	263432901	428	0.6986	0.0093	0.1799	
263455132	263456029	897	0.5518	0.1093	0.2586	
264750837	264751088	251	0.6892	0.0398	0.1633	
264751604	264752131	527	0.5294	0.1992	0.1689	
264757482	264758187	705	0.4823	0.0709	0.3773	
26522474	26522641	167	0.8323	0.006	0.0	
266815826	266817898	2072	0.1834	0.6834	0.1033	
266950058	266950718	660	0.6758	0.0182	0.1394	
267468527	267469433	906	0.5464	0.1678	0.2285	
267485422	267486006	584	0.6832	0.1712	0.0651	
267486752	267488265	1513	0.3972	0.1633	0.3648	
268217379	268218078	699	0.6781	0.0186	0.2289	
268520861	268521165	304	0.9145	0.0	0.0164	
268571515	268571796	281	0.9217	0.0	0.0036	
268573264	268573443	179	0.8547	0.0391	0.0	
268677484	268679206	1722	0.572	0.1684	0.1771	
268724671	268725503	832	0.5204	0.3654	0.0565	
268725847	268726335	488	0.8484	0.0348	0.0369	
268772838	268773222	384	0.8047	0.0234	0.0599	
269029903	269031960	2057	0.4638	0.4098	0.0676	
269142338	269143304	966	0.4306	0.0942	0.3778	
269557686	269558336	650	0.4615	0.46	0.0338	
269558659	269560583	1924	0.6705	0.1133	0.1091	
269563170	269564570	1400	0.2693	0.6364	0.0621	
269574276	269575146	870	0.5839	0.0552	0.3184	
269591817	269591984	167	0.8862	0.024	0.006	
269592477	269594094	1617	0.2208	0.6945	0.0662	
269665007	269665619	612	0.5752	0.1748	0.1601	
26975778	26976356	578	0.673	0.0381	0.1453	
26976863	26977853	990	0.8101	0.0465	0.0162	
26977927	26978808	881	0.8922	0.0102	0.0238	
269815213	269816238	1025	0.719	0.0566	0.081	
269857682	269858006	324	0.5679	0.0494	0.3364	
270571341	270571707	366	0.6038	0.2486	0.1066	
270721398	270721633	235	0.8851	0.0255	0.0383	
270762745	270762997	252	0.8849	0.0357	0.0357	
270766937	270767150	213	0.8967	0.0141	0.0188	
271015790	271016256	466	0.7468	0.0322	0.0815	
271016454	271017004	550	0.6491	0.14	0.0727	
271361350	271361951	601	0.7304	0.0749	0.1414	
271365100	271365370	270	0.8556	0.0222	0.0074	
271401037	271401394	357	0.8067	0.0336	0.084	
271504176	271505076	900	0.3656	0.5656	0.0233	
271512340	271512840	500	0.368	0.236	0.366	
272887736	272888205	469	0.9041	0.0021	0.0213	
273149168	273150150	982	0.8951	0.0071	0.0122	
273420180	273420449	269	0.8067	0.0855	0.0	
27353124	27354142	1018	0.2544	0.2083	0.4637	
273661096	273661945	849	0.8869	0.0283	0.0212	
273673726	273675268	1542	0.8204	0.07	0.0409	
274024249	274025084	835	0.5617	0.0431	0.3138	
274251114	274251596	482	0.8714	0.0104	0.0788	
274269490	274270204	714	0.7493	0.1176	0.084	
274313055	274313298	243	0.8519	0.0123	0.1029	
274886439	274886889	450	0.5556	0.1667	0.2289	
275039662	275040359	697	0.8293	0.033	0.0603	
275733185	275734188	1003	0.66	0.2542	0.0249	
275751601	275752044	443	0.8555	0.0384	0.0271	
275767143	275767795	652	0.2531	0.0598	0.6672	
276678480	276679041	561	0.7148	0.1747	0.0695	
276679761	276681136	1375	0.8989	0.0189	0.016	
276684304	276684713	409	0.9682	0.0	0.0	
276702235	276704547	2312	0.5415	0.2132	0.16	
276745595	276745767	172	0.8779	0.0349	0.0	
276983862	276984463	601	0.9334	0.02	0.01	
277015557	277016179	622	0.8875	0.0129	0.0659	
277016292	277016893	601	0.8835	0.03	0.0233	
277073134	277073490	356	0.9494	0.0	0.0	
277161307	277161721	414	0.7198	0.0242	0.1618	
277196727	277197282	555	0.9369	0.0036	0.0126	
277208166	277208940	774	0.8695	0.0749	0.0103	
278980913	278981132	219	0.9817	0.0	0.0	
279131226	279131456	230	0.9522	0.0	0.0	
279303695	279304255	560	0.8143	0.0482	0.0875	
279369982	279370180	198	0.6616	0.0556	0.2172	
279406305	279406720	415	0.8024	0.0602	0.0265	
280476646	280477154	508	0.4291	0.0787	0.4193	
280477702	280478021	319	0.674	0.2038	0.0721	
280642554	280642948	394	0.7107	0.2234	0.0102	
280653921	280654993	1072	0.4431	0.0457	0.4244	
280869301	280870329	1028	0.5195	0.1245	0.2597	
281151137	281151484	347	0.7291	0.0115	0.1758	
281188656	281189032	376	0.8218	0.0239	0.0824	
281189496	281190653	1157	0.2299	0.6776	0.0804	
281482968	281484379	1411	0.1892	0.1368	0.6478	
281875062	281875681	619	0.7318	0.1131	0.0355	
281876206	281876759	553	0.557	0.2116	0.1555	
281996470	281997431	961	0.3507	0.1977	0.41	
281998377	281998757	380	0.4237	0.0895	0.4526	
282011815	282012679	864	0.3183	0.1481	0.4468	
282014400	282015939	1539	0.7011	0.1735	0.0773	
282017079	282018560	1481	0.5679	0.1479	0.156	
282019456	282019970	514	0.1712	0.0856	0.7023	
282020342	282020822	480	0.1688	0.3354	0.4542	
282385810	282387256	1446	0.4682	0.1259	0.3465	
282387586	282388105	519	0.6898	0.0482	0.1773	
282389522	282389875	353	0.9207	0.0113	0.0028	
282390292	282390747	455	0.7582	0.0132	0.1011	
282526033	282526385	352	0.8324	0.0227	0.0114	
282526903	282527250	347	0.8617	0.0058	0.0432	
282531099	282532388	1289	0.8619	0.014	0.0287	
282598799	282599927	1128	0.5115	0.2695	0.1374	
282634088	282634815	727	0.7139	0.1582	0.0468	
282644308	282645485	1177	0.6219	0.2566	0.0501	
282652072	282652672	600	0.7617	0.14	0.0483	
282823803	282824197	394	0.5939	0.2843	0.0355	
282830795	282831145	350	0.68	0.2057	0.0657	
283072577	283072997	420	0.6976	0.0619	0.1833	
283097810	283097933	123	0.9593	0.0	0.0	
283098294	283099007	713	0.6858	0.0491	0.1781	
283137327	283138316	989	0.7563	0.0576	0.09	
283640421	283641727	1306	0.366	0.4273	0.1654	
283668112	283668575	463	0.7667	0.0194	0.1037	
283684290	283685266	976	0.46	0.3535	0.1209	
283738290	283738712	422	0.8152	0.0261	0.0829	
283739142	283739491	349	0.7765	0.0659	0.063	
283740102	283740660	558	0.509	0.0627	0.3656	
283911307	283912494	1187	0.4591	0.2502	0.1786	
283922626	283924415	1789	0.6574	0.1274	0.1191	
284019514	284020451	937	0.6211	0.1814	0.0843	
284156373	284156822	449	0.7929	0.0935	0.0468	
284750552	284750969	417	0.6763	0.0863	0.1751	
284753249	284754056	807	0.6729	0.0186	0.2317	
284757871	284758305	434	0.5806	0.2281	0.0691	
284758998	284760048	1050	0.4867	0.14	0.3181	
284911538	284912505	967	0.2937	0.6453	0.0176	
285086248	285087657	1409	0.3612	0.5195	0.0646	
285093779	285094160	381	0.8425	0.0131	0.0525	
285132377	285133467	1090	0.533	0.1055	0.2725	
285573917	285574087	170	0.9765	0.0	0.0	
285776577	285777233	656	0.4024	0.4268	0.1235	
286114796	286115745	949	0.5743	0.2097	0.1096	
286158653	286159226	573	0.637	0.1501	0.1361	
286268362	286269814	1452	0.5613	0.0833	0.2851	
286534830	286535795	965	0.8052	0.0207	0.0995	
286903691	286904467	776	0.5103	0.2977	0.1495	
287307584	287309089	1505	0.6784	0.0671	0.1834	
287309368	287309543	175	0.9314	0.0114	0.0	
287317722	287318722	1000	0.647	0.177	0.102	
287556939	287557624	685	0.6891	0.0409	0.1474	
287629835	287630362	527	0.6964	0.2239	0.0209	
287791406	287791931	525	0.6057	0.0362	0.2629	
288279008	288279265	257	0.9455	0.0117	0.0	
288285695	288286047	352	0.8011	0.0341	0.0852	
288326505	288327578	1073	0.7866	0.0457	0.0522	
288392624	288392940	316	0.9335	0.0095	0.0	
288415546	288415979	433	0.9376	0.0046	0.0231	
288549944	288550722	778	0.6067	0.0656	0.2584	
288983017	288984648	1631	0.3961	0.4181	0.1079	
289257594	289258164	570	0.5877	0.2228	0.1123	
289270814	289271065	251	0.8924	0.0239	0.004	
289666094	289666880	786	0.9288	0.0051	0.0153	
289714154	289714589	435	0.5172	0.3701	0.0874	
290000815	290001318	503	0.8012	0.0298	0.0417	
290090288	290091444	1156	0.3633	0.3547	0.2405	
290107006	290107543	537	0.8585	0.0279	0.0112	
290217039	290217606	567	0.9206	0.0194	0.0053	
290223391	290223926	535	0.9196	0.0	0.0224	
290332811	290333947	1136	0.544	0.1417	0.2509	
290432257	290432608	351	0.8291	0.0427	0.0627	
290937655	290937863	208	0.9567	0.0	0.0048	
290959636	290960106	470	0.466	0.0809	0.4	
29108346	29110033	1687	0.3082	0.0978	0.5293	
291132207	291132434	227	0.6035	0.022	0.2643	
291283416	291284017	601	0.7621	0.0383	0.0849	
291403514	291403835	321	0.7601	0.0	0.1402	
291697298	291698321	1023	0.2004	0.7791	0.0068	
291773786	291774338	552	0.4185	0.1069	0.4402	
291810447	291810749	302	0.8477	0.0497	0.0099	
291958911	291959512	601	0.7837	0.0116	0.1298	
292038295	292038626	331	0.9245	0.006	0.0	
292133184	292133544	360	0.825	0.0194	0.1028	
292134160	292135174	1014	0.5099	0.1371	0.2702	
292156507	292157021	514	0.8696	0.0117	0.0409	
292903305	292903755	450	0.6844	0.0311	0.2089	
293119021	293120173	1152	0.5998	0.0391	0.2561	
293213467	293214883	1416	0.3764	0.2818	0.2818	
293216424	293217589	1165	0.3305	0.3519	0.2575	
293218331	293219295	964	0.3693	0.5436	0.029	
293242134	293242456	322	0.9006	0.0248	0.0155	
29331547	29332114	567	0.612	0.0935	0.1728	
29388336	29388738	402	0.898	0.005	0.0075	
294466192	294466570	378	0.4603	0.1746	0.2566	
294586580	294587180	600	0.62	0.2533	0.025	
29589006	29589527	521	0.7466	0.0269	0.0365	
296608545	296609506	961	0.4037	0.359	0.1436	
297234008	297235010	1002	0.2525	0.3723	0.3473	
297456503	297457036	533	0.5347	0.212	0.1951	
297524749	297525223	474	0.7869	0.019	0.0844	
297688583	297688896	313	0.6933	0.0128	0.2236	
297713220	297713466	246	0.8049	0.0366	0.061	
298328996	298329492	496	0.6069	0.0444	0.2258	
29926152	29926448	296	0.5709	0.0439	0.3176	
29927533	29928348	815	0.5276	0.265	0.0859	
299609603	299610075	472	0.5042	0.1568	0.2818	
299671582	299672559	977	0.566	0.3163	0.0358	
299694012	299694167	155	0.4774	0.1032	0.2839	
299694748	299695086	338	0.0	0.0	1.0	
299786258	299787230	972	0.4465	0.3025	0.2058	
299823917	299824298	381	0.3517	0.1627	0.4593	
299824744	299825458	714	0.5308	0.0308	0.3193	
299880083	299880563	480	0.4813	0.2146	0.2292	
299888107	299888264	157	0.8726	0.0318	0.0127	
299894048	299894249	201	0.8657	0.005	0.0647	
300075104	300075697	593	0.3895	0.3777	0.172	
300076457	300076872	415	0.0	0.0	1.0	
300166302	300167169	867	0.4268	0.0773	0.4175	
300202707	300203219	512	0.3086	0.2793	0.3457	
300223441	300223861	420	0.7214	0.1024	0.0571	
300738284	300739424	1140	0.7904	0.0807	0.0737	
301727681	301727944	263	0.9354	0.0228	0.0	
301756680	301757015	335	0.6985	0.0299	0.1582	
301757868	301758119	251	0.6653	0.0	0.2709	
301934532	301935433	901	0.6593	0.0466	0.172	
30207795	30208195	400	0.82	0.0275	0.0575	
302364014	302364758	744	0.8831	0.0202	0.0242	
302412179	302412738	559	0.5385	0.2326	0.161	
302416994	302417503	509	0.5128	0.0432	0.387	
302508391	302511180	2789	0.5414	0.2234	0.1764	
302565317	302565710	393	0.5903	0.1679	0.1883	
30296555	30297484	929	0.9376	0.0043	0.0118	
303212259	303212422	163	0.908	0.0	0.0	
30366892	30367678	786	0.2786	0.6209	0.0725	
303852961	303853567	606	0.4274	0.0165	0.505	
30401515	30402250	735	0.5361	0.1823	0.2395	
304773388	304773747	359	0.7242	0.0167	0.2006	
305303416	305303853	437	0.4783	0.2265	0.1808	
305310089	305312359	2270	0.3819	0.226	0.3291	
30536185	30536587	402	0.4552	0.1667	0.296	
305375839	305376740	901	0.6038	0.0222	0.2841	
305395470	305395743	273	0.7253	0.0037	0.2125	
305407481	305407995	514	0.8444	0.0292	0.0019	
305414019	305415137	1118	0.5948	0.3247	0.0268	
305430439	305430982	543	0.674	0.1473	0.0313	
305435142	305435726	584	0.7003	0.0325	0.161	
305453731	305454398	667	0.6897	0.0555	0.1379	
305503970	305504335	365	0.5726	0.0247	0.3507	
305519599	305520652	1053	0.321	0.4255	0.1985	
305525096	305525515	419	0.4057	0.0215	0.5394	
305533613	305533801	188	0.8351	0.0	0.117	
305539584	305540081	497	0.4004	0.2334	0.3179	
305561680	305562871	1191	0.4576	0.4039	0.0269	
305572749	305572910	161	0.9503	0.0	0.0	
305685504	305685721	217	0.894	0.0	0.023	
305784033	305784819	786	0.3982	0.514	0.0407	
306082597	306083141	544	0.3382	0.5349	0.0993	
306650005	306650615	610	0.8148	0.023	0.041	
306800779	306801121	342	0.5789	0.0088	0.3392	
306954285	306955047	762	0.6247	0.0315	0.1588	
308630847	308631840	993	0.3525	0.5921	0.0242	
309003524	309004397	873	0.3368	0.142	0.4674	
309005960	309006237	277	0.4693	0.1264	0.3357	
309731195	309732462	1267	0.5257	0.2194	0.1539	
309974540	309974853	313	0.9137	0.0032	0.0	
310220096	310221383	1287	0.3124	0.4235	0.2059	
310300295	310300522	227	0.7885	0.0264	0.0837	
310467743	310468332	589	0.4601	0.2241	0.2479	
310480079	310483403	3324	0.3643	0.1808	0.361	
310483567	310484621	1054	0.5275	0.1338	0.2429	
310682568	310683113	545	0.4752	0.0679	0.3908	
311130457	311130907	450	0.6956	0.2111	0.04	
311870528	311872306	1778	0.5652	0.1479	0.243	
312947411	312948025	614	0.7248	0.0928	0.0407	
312948644	312948969	325	0.72	0.1077	0.0954	
313020817	313021524	707	0.5233	0.0976	0.2999	
313082441	313083431	990	0.7172	0.0404	0.0929	
313195335	313197429	2094	0.4265	0.1036	0.3911	
313198112	313198706	594	0.729	0.032	0.1599	
314052909	314053692	783	0.3908	0.0358	0.5019	
314066526	314066736	210	0.9	0.0333	0.0048	
314140510	314141046	536	0.7705	0.0541	0.028	
314243254	314243994	740	0.6649	0.1135	0.1176	
315100195	315100878	683	0.3939	0.0117	0.5637	
315121792	315122883	1091	0.7388	0.0807	0.0871	
315153542	315153851	309	0.3948	0.0	0.5825	
315154680	315154949	269	0.881	0.0112	0.0149	
315155740	315156984	1244	0.3191	0.1503	0.4831	
315190706	315191244	538	0.3513	0.2677	0.3457	
315284464	315284889	425	0.8212	0.0871	0.0518	
315295391	315296841	1450	0.2655	0.1214	0.5455	
315375033	315375451	418	0.5	0.0191	0.3971	
315490249	315490723	474	0.4895	0.1371	0.3312	
315495355	315496061	706	0.4816	0.1331	0.2833	
316259078	316259993	915	0.4142	0.2656	0.2546	
316315152	316316229	1077	0.6955	0.1606	0.065	
316362162	316362882	720	0.5444	0.1986	0.1667	
316385473	316386526	1053	0.4074	0.4758	0.0484	
316397239	316398299	1060	0.2934	0.15	0.5189	
316414108	316417550	3442	0.3359	0.2745	0.3202	
316749164	316749615	451	0.8914	0.0	0.0244	
317172949	317173900	951	0.2555	0.6046	0.103	
317632092	317633229	1137	0.3351	0.5567	0.0554	
318180127	318181435	1308	0.3662	0.2294	0.318	
319301346	319303190	1844	0.5206	0.2272	0.1735	
320728265	320728806	541	0.5028	0.0462	0.3734	
321080842	321081273	431	0.3735	0.4896	0.1044	
322294998	322296472	1474	0.3392	0.2958	0.3277	
322329644	322331378	1734	0.1182	0.5888	0.2716	
322350311	322350747	436	0.8005	0.0413	0.0826	
322391672	322393512	1840	0.1467	0.5679	0.2511	
322436412	322436831	419	0.7542	0.0048	0.1193	
322438214	322438619	405	0.6642	0.079	0.0938	
322659592	322659844	252	0.9048	0.0119	0.004	
322947673	322948138	465	0.5505	0.0925	0.2753	
324359471	324360099	628	0.6879	0.0525	0.1401	
324775615	324777633	2018	0.2493	0.6046	0.111	
324785164	324785565	401	0.8653	0.015	0.0324	
325289797	325290167	370	0.5757	0.3432	0.0054	
325325229	325325822	593	0.5902	0.113	0.1467	
32736873	32737265	392	0.6122	0.1199	0.1837	
327469553	327469751	198	0.9242	0.0152	0.0	
327470093	327470667	574	0.723	0.115	0.0819	
327741869	327742077	208	0.8654	0.024	0.0	
328238365	328239161	796	0.2802	0.6683	0.0214	
328240054	328240372	318	0.934	0.0	0.0031	
328244097	328244271	174	0.908	0.0	0.0	
328249000	328249445	445	0.6899	0.0247	0.1483	
328254872	328255275	403	0.6228	0.273	0.0372	
328318265	328318906	641	0.4477	0.1654	0.3214	
328623072	328623479	407	0.8698	0.0	0.0393	
328668717	328669700	983	0.2187	0.3642	0.4028	
328674529	328675163	634	0.571	0.0237	0.3659	
329205730	329206061	331	0.6798	0.1601	0.0211	
329227052	329227580	528	0.767	0.0492	0.0341	
33068241	33068416	175	0.7143	0.0	0.2	
330780594	330780888	294	0.6259	0.1088	0.1735	
330853116	330853818	702	0.4644	0.0641	0.3689	
330923785	330924094	309	0.7184	0.0518	0.2071	
330976435	330976664	229	0.607	0.0175	0.3057	
334314458	334315159	701	0.2953	0.5093	0.174	
335261853	335262251	398	0.7111	0.1508	0.0879	
335262726	335262989	263	0.9163	0.0038	0.0	
335310602	335312111	1509	0.6607	0.0557	0.1047	
335566635	335569113	2478	0.5646	0.1146	0.224	
335594544	335595649	1105	0.6181	0.0633	0.2281	
336102143	336102894	751	0.2676	0.3968	0.2956	
336124050	336125329	1279	0.4793	0.1994	0.2228	
336128463	336128731	268	0.8843	0.0522	0.0075	
336154048	336155141	1093	0.5636	0.1482	0.2068	
336177549	336178141	592	0.4375	0.0878	0.4172	
336182127	336182854	727	0.5076	0.0935	0.3232	
336213565	336214271	706	0.3116	0.1686	0.4518	
336218379	336219615	1236	0.2702	0.3972	0.2985	
336266851	336267523	672	0.8884	0.0045	0.0789	
336427980	336428656	676	0.6583	0.0858	0.1731	
336552824	336553744	920	0.3554	0.088	0.5228	
336568389	336568560	171	0.8421	0.0819	0.0	
336646756	336647724	968	0.5403	0.1302	0.2552	
336787906	336788463	557	0.5171	0.1293	0.3196	
336914132	336914811	679	0.5405	0.0839	0.3093	
33694010	33694202	192	0.8125	0.0365	0.0677	
338707239	338707990	751	0.6418	0.1411	0.1465	
338922136	338922626	490	0.3551	0.3265	0.1755	
339199140	339199848	708	0.3333	0.5523	0.0749	
33952941	33953190	249	0.6265	0.0803	0.2169	
340243934	340244914	980	0.2367	0.0582	0.6745	
340434282	340434645	363	0.7879	0.0331	0.0937	
340533526	340534292	766	0.517	0.2023	0.1945	
340676709	340676859	150	0.8867	0.0	0.0067	
340897650	340898097	447	0.7763	0.0358	0.0872	
340903315	340903784	469	0.6013	0.0704	0.2473	
340907283	340907494	211	0.8436	0.0095	0.1043	
340910569	340911083	514	0.7276	0.0953	0.1128	
340926884	340927702	818	0.3325	0.1944	0.434	
340929519	340930110	591	0.6379	0.0389	0.2386	
340930954	340931200	246	0.8374	0.0	0.065	
340970533	340970950	417	0.6235	0.2254	0.0791	
340971793	340972001	208	0.7981	0.0288	0.0577	
341075303	341075604	301	0.6279	0.1196	0.2226	
341237507	341239755	2248	0.327	0.2171	0.3972	
341250514	341251162	648	0.5015	0.1775	0.1929	
341283959	341284821	862	0.4571	0.2007	0.239	
341317652	341318294	642	0.5467	0.0997	0.2321	
341343659	341344062	403	0.8015	0.0571	0.0397	
341388230	341389697	1467	0.5917	0.0654	0.2788	
341810003	341810795	792	0.5593	0.0177	0.3523	
342016314	342016785	471	0.6093	0.0085	0.327	
342137246	342137431	185	0.9297	0.0	0.0	
34260992	34262049	1057	0.3491	0.0653	0.5374	
342996298	342997097	799	0.7872	0.025	0.1126	
34348412	34348850	438	0.653	0.0594	0.2078	
343850757	343851052	295	0.8034	0.0068	0.0508	
34390997	34392013	1016	0.2904	0.1496	0.501	
344042247	344042764	517	0.9014	0.0135	0.0058	
34426619	34426872	253	0.7194	0.0119	0.2095	
34447278	34449282	2004	0.2355	0.5594	0.1637	
344804968	344805559	591	0.8308	0.0338	0.0558	
344812115	344812463	348	0.5805	0.2069	0.1667	
344844430	344844625	195	0.841	0.0513	0.0154	
344912136	344912603	467	0.788	0.03	0.0321	
344916245	344916712	467	0.5846	0.0236	0.2998	
345018653	345019004	351	0.7094	0.0598	0.1368	
345020692	345020864	172	0.8895	0.0058	0.0174	
345026681	345026842	161	0.8323	0.0311	0.0124	
345038622	345038884	262	0.8626	0.0	0.0344	
345649706	345650467	761	0.5283	0.0	0.4231	
345931498	345933218	1720	0.3529	0.4058	0.1802	
345998025	345998457	432	0.912	0.037	0.0023	
346528770	346530048	1278	0.3944	0.5164	0.0274	
346568274	346568515	241	0.8423	0.0	0.0747	
346578208	346578485	277	0.9314	0.0	0.0181	
346597157	346597717	560	0.2821	0.05	0.6571	
346656579	346657655	1076	0.6626	0.1227	0.1199	
346660455	346660608	153	0.915	0.0	0.0	
346676524	346677525	1001	0.5335	0.0629	0.3087	
346677888	346678152	264	0.5152	0.2992	0.1098	
346957831	346958041	210	0.9048	0.0238	0.0	
347029837	347030917	1080	0.3759	0.4759	0.1083	
34713185	34713644	459	0.7908	0.0	0.1133	
347176285	347176718	433	0.6397	0.1109	0.1801	
347357726	347358033	307	0.6352	0.0163	0.2671	
347359537	347360055	518	0.8205	0.0	0.0965	
347434849	347435497	648	0.6651	0.0509	0.2052	
347522855	347523802	947	0.5576	0.2735	0.0792	
347525755	347525912	157	0.9108	0.0	0.0127	
347593724	347595377	1653	0.7877	0.0145	0.1276	
347599242	347599823	581	0.4664	0.0138	0.4871	
34764583	34765829	1246	0.3162	0.3555	0.264	
347862145	347862684	539	0.3395	0.1039	0.4805	
348273197	348273635	438	0.4543	0.4977	0.0183	
348274348	348274680	332	0.7078	0.0151	0.2229	
348388771	348389340	569	0.6292	0.1599	0.0808	
348427034	348427503	469	0.7889	0.1045	0.0512	
348668208	348669502	1294	0.8338	0.0363	0.0587	
348881127	348882496	1369	0.3828	0.2177	0.3367	
348883897	348884046	149	0.5839	0.0134	0.2617	
349072055	349072430	375	0.848	0.008	0.0533	
349170872	349171062	190	0.8474	0.0	0.0474	
349176060	349176870	810	0.3	0.5815	0.0765	
349636443	349637522	1079	0.2382	0.3837	0.3614	
350126925	350127211	286	0.4476	0.2378	0.2762	
350194070	350194359	289	0.8235	0.0761	0.0346	
350194994	350195642	648	0.8534	0.0247	0.0093	
350362465	350363350	885	0.3141	0.0136	0.6282	
350494343	350496309	1966	0.3098	0.3672	0.2726	
350498855	350500551	1696	0.4617	0.0908	0.3561	
350503100	350503432	332	0.9066	0.0	0.0181	
350808688	350810414	1726	0.1842	0.6866	0.0852	
350850754	350854329	3575	0.0571	0.8476	0.082	
351328812	351329391	579	0.3126	0.3351	0.3264	
351371619	351373044	1425	0.2674	0.6449	0.0449	
35145640	35146243	603	0.7048	0.0133	0.1675	
352248517	352248692	175	0.96	0.0	0.0	
352334861	352335018	157	0.8217	0.0318	0.0446	
352412278	352414380	2102	0.4025	0.1503	0.3554	
352465674	352465884	210	0.9333	0.0	0.0	
352572665	352572990	325	0.6677	0.0615	0.1815	
353558149	353560361	2212	0.6221	0.1537	0.1293	
354091409	354096000	4591	0.1512	0.614	0.2104	
354287530	354288394	864	0.5961	0.0926	0.2338	
354288759	354289251	492	0.3232	0.0305	0.5915	
354289813	354290219	406	0.6995	0.1798	0.0123	
354296213	354296779	566	0.5318	0.0247	0.3781	
354307665	354308098	433	0.7021	0.0485	0.1247	
354540654	354541246	592	0.6351	0.0456	0.1959	
354773913	354774379	466	0.8155	0.0408	0.0494	
355458465	355459609	1144	0.9598	0.0061	0.0	
355461648	355462146	498	0.9779	0.0	0.0	
35582390	35582758	368	0.6549	0.0598	0.1549	
355914236	355915940	1704	0.5023	0.2406	0.1796	
357453152	357453905	753	0.6507	0.1089	0.1461	
358450166	358451223	1057	0.2744	0.2573	0.4361	
358459464	358459745	281	0.7509	0.0285	0.1459	
358969588	358969733	145	0.9793	0.0	0.0	
358987430	358988224	794	0.8992	0.0277	0.0025	
358991071	358991239	168	0.9226	0.006	0.006	
359515920	359516164	244	0.7951	0.0697	0.0656	
359559921	359560340	419	0.8592	0.0263	0.0191	
359560481	359561029	548	0.573	0.1661	0.2007	
359589856	359589993	137	0.9051	0.0	0.0146	
359653192	359653699	507	0.8895	0.0276	0.0099	
359758620	359759534	914	0.2396	0.454	0.2845	
359760301	359760724	423	0.5083	0.0	0.4374	
359964094	359964515	421	0.5748	0.0309	0.2375	
360039848	360040111	263	0.9011	0.0	0.0228	
360070108	360070844	736	0.8533	0.0625	0.0109	
360417469	360417976	507	0.8481	0.0158	0.0355	
360431307	360431634	327	0.8654	0.0092	0.0306	
360487490	360488458	968	0.3678	0.312	0.2779	
361159241	361159747	506	0.7846	0.004	0.1206	
361610439	361612660	2221	0.7605	0.0594	0.0896	
361622004	361622855	851	0.2479	0.6698	0.0494	
361670892	361671353	461	0.4729	0.1323	0.3471	
361777991	361778227	236	0.8602	0.0085	0.0212	
361884329	361884859	530	0.7377	0.1075	0.0679	
361912739	361913280	541	0.7985	0.0924	0.0111	
361919624	361920667	1043	0.79	0.0709	0.0681	
362140342	362140715	373	0.6595	0.0992	0.1769	
362428477	362428881	404	0.745	0.1782	0.005	
363013911	363014497	586	0.6399	0.1195	0.1143	
363022665	363022999	334	0.7275	0.0539	0.1407	
363056237	363056404	167	0.9401	0.0	0.018	
363080445	363081079	634	0.6246	0.0552	0.2019	
363140035	363140211	176	0.8068	0.0682	0.0341	
363195841	363196405	564	0.8759	0.0035	0.0301	
363196728	363197026	298	0.849	0.0336	0.0235	
363534134	363535198	1064	0.5855	0.2932	0.0404	
364207812	364208642	830	0.3711	0.1639	0.4289	
364965582	364966504	922	0.8514	0.0282	0.0282	
365921905	365922068	163	0.9018	0.0	0.0675	
366323811	366324146	335	0.6716	0.0119	0.2418	
366503966	366504128	162	0.9198	0.0247	0.0062	
366761195	366761447	252	0.9286	0.0	0.0	
3671713	3672230	517	0.5667	0.0174	0.3694	
3672848	3673422	574	0.6063	0.0209	0.3258	
368158226	368158738	512	0.5137	0.3301	0.0957	
368906725	368907214	489	0.589	0.272	0.1125	
368919108	368919454	346	0.8121	0.0462	0.0347	
369090946	369093046	2100	0.3176	0.1481	0.4786	
369093273	369093667	394	0.7716	0.033	0.1066	
369094169	369095381	1212	0.2863	0.2756	0.3919	
369117357	369118038	681	0.4816	0.1145	0.3289	
369119591	369120248	657	0.9117	0.0213	0.0015	
369125740	369127937	2197	0.6641	0.0938	0.1406	
369402378	369402983	605	0.7405	0.0281	0.1686	
369448256	369448745	489	0.5317	0.3088	0.1084	
369457000	369457285	285	0.9228	0.007	0.0	
369482184	369482833	649	0.5624	0.0169	0.3374	
369588667	369589509	842	0.867	0.0178	0.0439	
369595904	369597065	1161	0.6701	0.0586	0.1955	
36999286	36999527	241	0.805	0.0041	0.0705	
37019745	37020383	638	0.4828	0.1505	0.2586	
37046532	37047247	715	0.4895	0.1287	0.2839	
37049476	37049853	377	0.4377	0.0318	0.4377	
37088719	37089985	1266	0.782	0.0363	0.1011	
37106682	37107525	843	0.3665	0.4318	0.1139	
3713552	3713938	386	0.5622	0.0	0.3938	
371543495	371543893	398	0.8392	0.0302	0.0176	
371544454	371544663	209	0.7656	0.0144	0.1627	
37203797	37204190	393	0.7506	0.0407	0.0712	
373048903	373049504	601	0.6323	0.0998	0.1614	
373069046	373069727	681	0.5624	0.1542	0.1527	
373293462	373294517	1055	0.7403	0.0493	0.0806	
373965183	373965412	229	0.821	0.0437	0.0524	
373966791	373967976	1185	0.6962	0.0743	0.119	
37425117	37426435	1318	0.2033	0.4537	0.3096	
374503398	374503667	269	0.8327	0.0558	0.026	
374649876	374650914	1038	0.5385	0.2775	0.0877	
3764025	3765363	1338	0.4656	0.0972	0.3864	
377040151	377040928	777	0.3681	0.2227	0.3449	
378413431	378414447	1016	0.19	0.1516	0.6348	
378415490	378416754	1264	0.3236	0.3204	0.3157	
378742795	378743409	614	0.4267	0.3974	0.1498	
3810413	3811150	737	0.768	0.0963	0.0299	
381064280	381065151	871	0.5683	0.1917	0.1642	
381089724	381090378	654	0.3379	0.0749	0.5413	
381234209	381234927	718	0.624	0.0641	0.2075	
381275925	381276838	913	0.6331	0.1139	0.1073	
381452086	381453574	1488	0.3374	0.2554	0.3098	
381747047	381747824	777	0.7181	0.0644	0.1094	
381877795	381878531	736	0.288	0.3016	0.3845	
381973897	381974130	233	0.8927	0.0	0.0429	
382157974	382158452	478	0.5962	0.1213	0.2155	
382334893	382336120	1227	0.5844	0.1475	0.1638	
382381876	382382606	730	0.4315	0.4178	0.0973	
382383016	382383787	771	0.5914	0.2023	0.1336	
382532498	382533860	1362	0.5837	0.0551	0.2283	
382539363	382539595	232	0.9052	0.0345	0.0129	
382907222	382907510	288	0.6736	0.0347	0.2326	
383210788	383211410	622	0.8521	0.0016	0.0434	
383248191	383248648	457	0.4311	0.4902	0.0044	
383254909	383256790	1881	0.4902	0.2451	0.1903	
383278899	383280721	1822	0.3957	0.4116	0.1136	
383297095	383297572	477	0.4172	0.0314	0.5115	
383325787	383327838	2051	0.4764	0.1848	0.2204	
383466925	383467591	666	0.53	0.3183	0.0886	
383491221	383491491	270	0.7778	0.1556	0.0222	
383571320	383573187	1867	0.6465	0.1585	0.1082	
383676005	383676837	832	0.2885	0.0541	0.631	
384532933	384533160	227	0.8943	0.0088	0.0	
384541182	384541397	215	0.9767	0.0	0.0	
384623780	384625284	1504	0.6057	0.2108	0.0957	
384676800	384676985	185	0.973	0.0	0.0	
385092117	385093196	1079	0.797	0.1029	0.0278	
385508567	385510357	1790	0.4665	0.1598	0.3022	
385572081	385572624	543	0.9079	0.0037	0.0074	
385825012	385825478	466	0.5279	0.103	0.3262	
386653406	386653814	408	0.902	0.0245	0.0123	
387509102	387509336	234	0.8932	0.0299	0.0085	
387858037	387858268	231	0.6926	0.0043	0.2511	
387978521	387978779	258	0.7287	0.0155	0.2016	
387980037	387980643	606	0.7888	0.0512	0.071	
388133691	388134157	466	0.4807	0.2725	0.2232	
388249953	388250466	513	0.8947	0.0039	0.0273	
388402228	388402926	698	0.7493	0.0315	0.1676	
388418185	388418983	798	0.7306	0.0514	0.1253	
388468066	388468871	805	0.4733	0.1441	0.2944	
388475325	388477141	1816	0.3656	0.5143	0.071	
388477371	388477821	450	0.9222	0.0111	0.0156	
388481929	388482205	276	0.9022	0.0	0.0399	
388482393	388483216	823	0.8566	0.017	0.0389	
388483929	388484646	717	0.9317	0.0	0.0321	
388485091	388486158	1067	0.6992	0.0956	0.1218	
388513725	388514264	539	0.5566	0.0204	0.3729	
388540596	388540851	255	0.8	0.0353	0.0549	
388574555	388575407	852	0.6596	0.2136	0.0681	
3893783	3894215	432	0.8495	0.037	0.0	
389467320	389467586	266	0.8947	0.0263	0.0	
389573479	389574980	1501	0.8328	0.066	0.0413	
389850016	389850933	917	0.5125	0.1036	0.3261	
389893533	389893776	243	0.9959	0.0	0.0	
389991039	389991613	574	0.6498	0.1376	0.1551	
390186605	390186895	290	0.8517	0.0241	0.069	
390243084	390244040	956	0.7019	0.0973	0.0994	
390244595	390244796	201	0.8955	0.0199	0.0249	
390283575	390284595	1020	0.2755	0.3824	0.3127	
390334906	390335164	258	0.4225	0.0	0.4535	
390348067	390348251	184	0.9076	0.0	0.0054	
390366617	390368402	1785	0.7434	0.1563	0.0375	
390389846	390390562	716	0.6355	0.0936	0.1997	
390425620	390426689	1069	0.5229	0.4041	0.0337	
390431266	390431788	522	0.6207	0.2778	0.0307	
390872474	390873480	1006	0.5586	0.1879	0.1789	
390935697	390936427	730	0.6068	0.1726	0.1233	
391194596	391194944	348	0.954	0.0	0.0	
391204885	391205319	434	0.9332	0.0046	0.0046	
391491341	391491699	358	0.7989	0.0335	0.0587	
391520071	391520870	799	0.383	0.3116	0.2416	
391744514	391745044	530	0.7	0.0358	0.1717	
391757437	391757879	442	0.7738	0.052	0.1176	
391758584	391758917	333	0.7447	0.021	0.1832	
391833198	391833770	572	0.5052	0.0962	0.3514	
392135669	392136213	544	0.7482	0.1029	0.0386	
392160923	392161453	530	0.4849	0.4566	0.0208	
392325612	392326048	436	0.8073	0.0849	0.0229	
392449525	392450250	725	0.5255	0.2193	0.1972	
392620212	392625980	5768	0.0359	0.9253	0.0338	
393654574	393655271	697	0.4562	0.099	0.4075	
393812051	393812513	462	0.6017	0.013	0.3506	
393819015	393819866	851	0.7015	0.0987	0.1481	
393851674	393852469	795	0.7107	0.0755	0.1409	
393874448	393875279	831	0.2768	0.2611	0.4224	
393902689	393906094	3405	0.5416	0.1877	0.2097	
394429394	394430514	1120	0.4286	0.4143	0.1018	
394494630	394495226	596	0.7181	0.0839	0.0956	
394571365	394571563	198	0.9141	0.0101	0.0	
394574496	394574920	424	0.6297	0.1297	0.2075	
394766254	394766732	478	0.8243	0.0209	0.0481	
395155062	395155801	739	0.613	0.1759	0.1326	
39517114	39517458	344	0.6192	0.0233	0.2791	
39544080	39544547	467	0.7623	0.0171	0.0835	
39568775	39569418	643	0.4883	0.0544	0.3841	
39586263	39588230	1967	0.2135	0.5689	0.1683	
39652296	39652851	555	0.4613	0.018	0.4577	
39689985	39690233	248	0.8548	0.0242	0.0202	
396993696	396993993	297	0.862	0.0236	0.0236	
397103581	397104154	573	0.7818	0.0017	0.1204	
397227600	397228293	693	0.2569	0.3232	0.3651	
397621597	397621928	331	0.3897	0.0	0.5317	
398944082	398945480	1398	0.5093	0.1602	0.2461	
399068022	399069618	1596	0.3308	0.2694	0.3503	
399896629	399898683	2054	0.4601	0.2824	0.1962	
400340460	400341368	908	0.7324	0.1211	0.0815	
401154116	401154919	803	0.5791	0.1831	0.1606	
401261307	401261592	285	0.9088	0.0	0.0211	
401283095	401285310	2215	0.6483	0.1174	0.1142	
401290086	401290402	316	0.4968	0.0222	0.3449	
401472258	401473277	1019	0.6663	0.0393	0.2257	
401480729	401481340	611	0.4599	0.3273	0.1915	
401491616	401491970	354	0.8531	0.048	0.0056	
401505295	401505861	566	0.6961	0.1343	0.076	
40164857	40165149	292	0.4966	0.3322	0.1336	
401789866	401790166	300	0.85	0.0	0.05	
402321406	402322511	1105	0.4154	0.4805	0.067	
402440277	402440420	143	0.9231	0.0	0.007	
402814507	402814881	374	0.6497	0.0	0.3102	
402854296	402854464	168	0.9583	0.0119	0.0	
403068694	403069713	1019	0.4563	0.3111	0.1354	
403149007	403149654	647	0.2983	0.3215	0.357	
403163617	403163864	247	0.8947	0.0445	0.004	
403177640	403177928	288	0.8021	0.0521	0.0278	
403330414	403330686	272	0.9044	0.0368	0.0037	
403401756	403402700	944	0.6133	0.0752	0.161	
403422734	403423443	709	0.7546	0.055	0.048	
403423601	403424178	577	0.7123	0.1231	0.0589	
403653855	403654126	271	0.8081	0.0037	0.1144	
403702084	403702714	630	0.5206	0.0175	0.3889	
404283579	404283869	290	0.8931	0.0276	0.0069	
404330541	404330714	173	0.9191	0.0231	0.0058	
404344874	404345279	405	0.721	0.1259	0.1012	
404387783	404389014	1231	0.6515	0.0894	0.1901	
404413529	404413838	309	0.9482	0.0	0.0	
404480524	404481085	561	0.8663	0.0018	0.0143	
40451382	40451652	270	0.8778	0.0481	0.0222	
40452131	40452535	404	0.3985	0.5	0.047	
405117123	405117556	433	0.8083	0.0	0.0554	
405142034	405142726	692	0.5448	0.0116	0.3873	
405422675	405423880	1205	0.6705	0.1544	0.1029	
405434942	405435130	188	0.9415	0.0	0.0	
405500064	405500848	784	0.5408	0.2551	0.1224	
405501037	405501300	263	0.8061	0.0342	0.0837	
405504704	405505036	332	0.9127	0.012	0.0301	
405509101	405509747	646	0.5759	0.2957	0.0774	
405513708	405513876	168	0.9643	0.0	0.006	
405514458	405515285	827	0.3422	0.0677	0.555	
405520767	405520997	230	0.8957	0.0	0.0174	
405521973	405523067	1094	0.543	0.2614	0.1143	
406698941	406700280	1339	0.2875	0.6468	0.0456	
407256158	407256977	819	0.5409	0.1575	0.2027	
407441931	407442595	664	0.4428	0.1913	0.3117	
407956733	407958063	1330	0.4865	0.1699	0.2654	
40798217	40798562	345	0.5826	0.0029	0.342	
40834232	40835711	1479	0.0494	0.6775	0.2394	
40836690	40837554	864	0.684	0.0556	0.125	
408419536	408419840	304	0.8618	0.0066	0.0033	
40842685	40843139	454	0.6432	0.2555	0.0242	
409002124	409002739	615	0.5577	0.1024	0.2764	
410678266	410679012	746	0.2909	0.0201	0.6287	
410684238	410685040	802	0.2631	0.1434	0.5723	
410703981	410705119	1138	0.3699	0.2425	0.3489	
410706781	410707216	435	0.4736	0.3356	0.1448	
410710861	410711690	829	0.532	0.0591	0.3172	
410717631	410717976	345	0.5768	0.0029	0.3391	
410734018	410734997	979	0.9346	0.0102	0.0	
410739073	410740380	1307	0.28	0.0038	0.6634	
410753129	410753824	695	0.9137	0.0	0.0029	
410762231	410762650	419	0.3055	0.1241	0.5465	
410879430	410880144	714	0.7479	0.0336	0.0966	
410920859	410922014	1155	0.4831	0.1688	0.2545	
410922398	410924259	1861	0.1822	0.2649	0.5363	
410925002	410927112	2110	0.5066	0.2701	0.1469	
410929689	410930328	639	0.9358	0.0	0.0047	
410931278	410932072	794	0.4521	0.2909	0.1927	
410936452	410936737	285	0.8702	0.0456	0.0	
410949959	410950514	555	0.7892	0.0973	0.0198	
410951805	410953259	1454	0.7331	0.055	0.1107	
410953547	410955282	1735	0.7764	0.0813	0.0951	
410955431	410955658	227	0.7445	0.1013	0.0352	
410959030	410960003	973	0.1829	0.0699	0.7153	
411108207	411108576	369	0.8699	0.0136	0.0325	
411626357	411626920	563	0.6394	0.1723	0.0906	
412649331	412649547	216	0.8981	0.0	0.0185	
413146546	413146845	299	0.6589	0.0736	0.2074	
413289147	413289707	560	0.4661	0.2214	0.2054	
413313523	413314461	938	0.9424	0.0	0.0	
413581847	413582133	286	0.9476	0.0035	0.0	
413584972	413585960	988	0.4372	0.3816	0.1407	
413891453	413891726	273	0.9121	0.0	0.0	
413923415	413923785	370	0.8919	0.0027	0.0135	
413924189	413925114	925	0.5849	0.0703	0.267	
414497316	414497599	283	0.8551	0.0106	0.0318	
414502516	414503647	1131	0.5358	0.3475	0.0592	
414519138	414521785	2647	0.4564	0.2089	0.2686	
414523174	414523450	276	0.7391	0.1123	0.0725	
415322215	415322790	575	0.4174	0.1078	0.3983	
415596080	415597296	1216	0.7048	0.0576	0.1061	
415825018	415826610	1592	0.5666	0.1363	0.1677	
415833022	415833396	374	0.7995	0.0668	0.016	
416271941	416272641	700	0.3643	0.15	0.42	
416473934	416476365	2431	0.2452	0.5142	0.1872	
416517353	416517762	409	0.7628	0.0024	0.132	
416574302	416574593	291	0.9519	0.0	0.0	
416692550	416693290	740	0.6297	0.0378	0.2216	
416704396	416704865	469	0.9574	0.0	0.0	
417387207	417387508	301	0.5781	0.0797	0.2724	
417398500	417399812	1312	0.2508	0.2477	0.4665	
418181609	418181954	345	0.6348	0.0435	0.2435	
418208081	418208479	398	0.8844	0.0101	0.0025	
418327375	418327836	461	0.6226	0.2017	0.1085	
418361614	418363731	2117	0.1285	0.8498	0.0028	
418377347	418377541	194	0.7938	0.0876	0.0258	
418397959	418398374	415	0.8265	0.0289	0.012	
418424893	418425435	542	0.5203	0.2952	0.1421	
418522202	418523152	950	0.7263	0.0221	0.1695	
418609058	418609458	400	0.8575	0.0175	0.0175	
419287925	419288800	875	0.5177	0.0149	0.4057	
419406912	419407629	717	0.6011	0.0251	0.3026	
419424564	419424751	187	0.9251	0.0214	0.0	
419431957	419433115	1158	0.1416	0.1114	0.7098	
419434066	419434690	624	0.274	0.3397	0.3494	
419435070	419435510	440	0.7023	0.0727	0.1136	
419445360	419446261	901	0.6016	0.1676	0.1387	
419453232	419457210	3978	0.3278	0.275	0.3469	
419481175	419481816	641	0.0	0.0	1.0	
419568972	419569384	412	0.9369	0.0121	0.0	
419640919	419641269	350	0.9743	0.0	0.0	
419645753	419645918	165	0.9515	0.0	0.0	
419745150	419745451	301	0.8904	0.0033	0.0332	
420461411	420461764	353	0.8017	0.0057	0.085	
421091024	421091217	193	0.9171	0.0259	0.0155	
421123400	421123591	191	0.9215	0.0	0.0314	
421132240	421132529	289	0.8651	0.0	0.0554	
421649685	421650246	561	0.5152	0.1569	0.246	
421659229	421659983	754	0.4456	0.366	0.1525	
421678006	421678358	352	0.7784	0.017	0.0938	
421740501	421740975	474	0.9515	0.0	0.0063	
422030994	422032483	1489	0.7226	0.1075	0.0967	
422083141	422083751	610	0.4492	0.2246	0.2295	
422138432	422138947	515	0.6369	0.0816	0.1728	
422426657	422427394	737	0.3012	0.27	0.3853	
422677	423758	1081	0.5504	0.1924	0.1499	
422839825	422840383	558	0.6344	0.1004	0.1828	
423584145	423585205	1060	0.1726	0.7915	0.0151	
423774085	423774441	356	0.8961	0.0253	0.014	
423802085	423802499	414	0.8261	0.0024	0.0459	
423988099	423988574	475	0.8358	0.0063	0.0884	
424307254	424307446	192	0.875	0.0	0.1042	
424442346	424442726	380	0.9132	0.0105	0.0	
424462187	424463792	1605	0.8299	0.0343	0.0561	
424470972	424471357	385	0.7429	0.0727	0.1169	
424569805	424570136	331	0.8036	0.0091	0.1148	
424760618	424761674	1056	0.375	0.0616	0.5028	
424762162	424762918	756	0.1971	0.1217	0.6601	
424809010	424812060	3050	0.1282	0.7997	0.0502	
424814204	424814338	134	0.9627	0.0	0.0	
425303017	425303606	589	0.7317	0.1562	0.0441	
42551766	42552169	403	0.6873	0.0248	0.201	
425619189	425619363	174	0.8851	0.0	0.0057	
425625938	425626731	793	0.802	0.0214	0.1009	
425637137	425637620	483	0.8095	0.0021	0.1366	
425638007	425638445	438	0.7763	0.089	0.0411	
425639106	425639601	495	0.8808	0.0242	0.0141	
425648482	425649016	534	0.6423	0.0	0.3221	
425724562	425724744	182	0.967	0.0	0.0	
425735053	425735355	302	0.8874	0.0066	0.0232	
426372070	426372603	533	0.9062	0.0	0.0507	
426844450	426844623	173	0.7746	0.0809	0.0116	
426845483	426846038	555	0.0	0.0	1.0	
426918434	426921784	3350	0.3603	0.3728	0.2254	
426926473	426927487	1014	0.3649	0.5513	0.0572	
426950680	426952123	1443	0.5877	0.0839	0.2488	
426964423	426964895	472	0.8432	0.0	0.089	
42732679	42736541	3862	0.0999	0.6605	0.2281	
42737069	42737278	209	0.0	0.0	1.0	
42737935	42738887	952	0.437	0.1092	0.3456	
427400865	427401381	516	0.4554	0.124	0.374	
427675422	427675813	391	0.8568	0.0179	0.023	
427889317	427890240	923	0.792	0.0293	0.0715	
427901132	427901636	504	0.8353	0.0655	0.0278	
428425741	428425904	163	0.8834	0.0613	0.0	
428475226	428475779	553	0.5732	0.0181	0.3544	
428666851	428667022	171	0.883	0.0585	0.0117	
42900853	42903167	2314	0.1707	0.4404	0.3643	
42921655	42921857	202	0.7871	0.0248	0.0545	
42924459	42925816	1357	0.1592	0.493	0.308	
429357247	429358530	1283	0.7295	0.0865	0.092	
42941849	42942019	170	0.9588	0.0	0.0	
42953066	42955074	2008	0.2694	0.3431	0.3347	
429713401	429714326	925	0.6086	0.0832	0.253	
43026391	43026662	271	0.8561	0.0037	0.0664	
432696115	432696383	268	0.8694	0.041	0.0037	
433498610	433498951	341	0.8592	0.0528	0.0147	
43356875	43357384	509	0.7407	0.0314	0.1061	
433784134	433790049	5915	0.1156	0.8774	0.0005	
43382674	43383227	553	0.3526	0.0904	0.528	
433968922	433969516	594	0.8047	0.0286	0.0101	
434037985	434038284	299	0.893	0.0	0.0301	
434038508	434039094	586	0.7457	0.0324	0.1126	
435346528	435347357	829	0.4849	0.1074	0.3052	
436320832	436321743	911	0.2492	0.6937	0.0406	
436576017	436576543	526	0.5913	0.0399	0.2586	
43672633	43672829	196	0.8673	0.0408	0.0	
436733407	436734481	1074	0.5708	0.0885	0.2365	
437081326	437081736	410	0.9195	0.0195	0.0341	
437082449	437082696	247	0.9271	0.0	0.0	
437202892	437203312	420	0.5	0.0119	0.4524	
437210234	437210965	731	0.9658	0.0	0.0	
437531149	437532016	867	0.3656	0.4521	0.1499	
437545919	437546304	385	0.8104	0.039	0.0753	
437757100	437758661	1561	0.5259	0.1051	0.2979	
438007338	438008035	697	0.4103	0.2367	0.3113	
438008221	438008763	542	0.7066	0.131	0.0517	
438020073	438021041	968	0.6684	0.1043	0.1395	
438068582	438069267	685	0.7971	0.0745	0.0453	
438131499	438132284	785	0.293	0.3338	0.3592	
438132644	438134362	1718	0.4686	0.2538	0.2061	
438156379	438157066	687	0.8006	0.0218	0.0539	
438176112	438176483	371	0.8841	0.0108	0.0431	
438250953	438252116	1163	0.4015	0.2425	0.3035	
438711867	438712629	762	0.6955	0.0486	0.1129	
438731944	438732265	321	0.8941	0.0467	0.0093	
438746423	438746989	566	0.8481	0.0177	0.083	
438787638	438788526	888	0.5304	0.2523	0.1678	
438926169	438926716	547	0.8282	0.0512	0.0329	
438927124	438927617	493	0.7221	0.0304	0.1501	
438942108	438942330	222	0.9054	0.018	0.045	
438998559	438999723	1164	0.3179	0.4124	0.2131	
439044662	439045765	1103	0.2974	0.4388	0.2149	
440285142	440285604	462	0.6255	0.1147	0.1861	
440286258	440286916	658	0.7492	0.0745	0.0517	
440367657	440367862	205	0.9024	0.0	0.0244	
440386229	440386547	318	0.9245	0.0031	0.0	
440397241	440398244	1003	0.7966	0.0419	0.0867	
440828083	440828627	544	0.4522	0.2555	0.2243	
440917288	440917931	643	0.4355	0.3546	0.154	
441022740	441023088	348	0.7615	0.0144	0.0948	
441970161	441970390	229	0.8865	0.0	0.0218	
442178289	442178441	152	0.9671	0.0	0.0	
442283449	442283848	399	0.8722	0.0276	0.0301	
442320964	442321159	195	0.9385	0.0	0.0	
442461247	442462251	1004	0.9502	0.0	0.0	
442940722	442941020	298	0.7685	0.0201	0.1409	
442972220	442972585	365	0.8685	0.0685	0.0082	
442979033	442979777	744	0.8763	0.0	0.0255	
442982863	442983364	501	0.7745	0.0259	0.1058	
44356593	44357473	880	0.4057	0.2	0.3409	
444021095	444021323	228	0.8947	0.0263	0.0219	
445013943	445014114	171	0.9532	0.0	0.0175	
445058184	445059022	838	0.7888	0.0418	0.0764	
445475528	445475830	302	0.8609	0.0166	0.0232	
446139758	446140486	728	0.7349	0.1044	0.0659	
4463340	4463621	281	0.7829	0.0	0.1459	
446677008	446677773	765	0.5111	0.0458	0.3856	
446971226	446975319	4093	0.3179	0.4075	0.2255	
447019996	447020306	310	0.6871	0.0194	0.2613	
447110428	447110589	161	0.913	0.0435	0.0	
447129700	447131043	1343	0.7148	0.1579	0.0752	
447174903	447175127	224	0.9821	0.0	0.0089	
447186633	447186800	167	0.976	0.0	0.006	
44722297	44723244	947	0.4192	0.1404	0.377	
447646672	447647392	720	0.9264	0.0083	0.0042	
447666044	447666467	423	0.8416	0.0047	0.104	
447902177	447902690	513	0.6277	0.117	0.1501	
447933871	447934460	589	0.3939	0.2649	0.3158	
447936720	447936946	226	0.6947	0.0575	0.2035	
448606314	448606587	273	0.8901	0.0073	0.0623	
448726913	448727365	452	0.9358	0.0177	0.0	
448875814	448875999	185	0.8486	0.0703	0.0	
449011653	449013287	1634	0.3366	0.3384	0.2766	
449085450	449086053	603	0.3665	0.2886	0.3217	
449111230	449112241	1011	0.4441	0.1553	0.2938	
449851112	449851321	209	0.7656	0.1388	0.0335	
449916276	449916928	652	0.4141	0.3267	0.2132	
450006957	450007357	400	0.7725	0.0975	0.05	
450114201	450115090	889	0.3093	0.5276	0.1372	
450141537	450141947	410	0.7171	0.1268	0.0732	
450240146	450240509	363	0.8127	0.0992	0.0193	
450628435	450628606	171	0.9123	0.0	0.0175	
450631487	450632098	611	0.8691	0.0115	0.036	
450643507	450643821	314	0.6497	0.1783	0.1019	
450757853	450758465	612	0.4101	0.3644	0.1781	
450758812	450759287	475	0.4232	0.2821	0.2421	
450766016	450766592	576	0.6094	0.0243	0.3108	
451009655	451009827	172	0.8779	0.0	0.0407	
451243253	451244169	916	0.2653	0.6561	0.0546	
451304249	451304687	438	0.6689	0.1438	0.0959	
451387853	451388539	686	0.5802	0.0335	0.2536	
4514850	4515832	982	0.5051	0.3523	0.0886	
451519379	451520207	828	0.3418	0.4855	0.1353	
451550038	451550797	759	0.7708	0.0329	0.0277	
451567661	451567998	337	0.6795	0.1039	0.1454	
451594583	451595223	640	0.3078	0.1703	0.475	
451862437	451864740	2303	0.4003	0.4894	0.0534	
452110285	452110838	553	0.8246	0.0036	0.0253	
452397025	452397325	300	0.7967	0.0333	0.0567	
452613409	452613879	470	0.8872	0.0149	0.0213	
452910005	452911130	1125	0.3209	0.0729	0.5502	
452939058	452939634	576	0.4514	0.1215	0.3733	
452961277	452961779	502	0.3825	0.5239	0.0359	
453482700	453482967	267	0.9251	0.0075	0.0	
453542812	453543027	215	0.6233	0.0279	0.3209	
453556606	453557907	1301	0.4604	0.0769	0.3859	
453609958	453610588	630	0.5143	0.2206	0.2048	
453762175	453763005	830	0.3892	0.4386	0.0687	
453778447	453779693	1246	0.4944	0.1356	0.2681	
453783515	453783708	193	0.8756	0.0	0.0518	
453785619	453786815	1196	0.4055	0.2157	0.3161	
453787106	453787650	544	0.4577	0.0772	0.3658	
453830901	453832298	1397	0.6958	0.1024	0.1124	
453867355	453868301	946	0.259	0.0698	0.6332	
453911380	453911803	423	0.5248	0.0898	0.2624	
454246654	454247761	1107	0.5312	0.2755	0.0985	
454889187	454890019	832	0.4279	0.0757	0.4303	
455136103	455136730	627	0.4179	0.0766	0.4689	
455376066	455376353	287	0.7038	0.0732	0.0941	
455377829	455380157	2328	0.3333	0.2934	0.308	
457078302	457080882	2580	0.3469	0.5609	0.0345	
457289502	457290795	1293	0.8353	0.0263	0.058	
457833931	457834094	163	0.8957	0.0307	0.0	
459206404	459207268	864	0.1852	0.3947	0.4144	
459214386	459215087	701	0.7404	0.0456	0.0699	
459215723	459215908	185	0.9243	0.0	0.0	
46263529	46264638	1109	0.4527	0.2858	0.2317	
46265587	46267108	1521	0.3208	0.3485	0.3064	
463719543	463720917	1374	0.6769	0.2183	0.0306	
463721269	463722135	866	0.709	0.0912	0.0774	
465099537	465100091	554	0.4729	0.1444	0.2708	
465100736	465100911	175	0.0	0.0	1.0	
465478378	465479661	1283	0.3913	0.1146	0.4224	
46594790	46595398	608	0.5313	0.1776	0.0789	
466618949	466621738	2789	0.5672	0.2255	0.1284	
466672200	466672594	394	0.8096	0.0051	0.1091	
469015394	469015773	379	0.8707	0.0106	0.0475	
469609370	469610325	955	0.6817	0.244	0.0314	
470067373	470067901	528	0.589	0.017	0.3239	
4701908	4702197	289	0.8754	0.0173	0.0346	
470698971	470699927	956	0.8839	0.0209	0.0209	
471947244	471948127	883	0.419	0.4281	0.1178	
472085421	472085739	318	0.8585	0.0314	0.0094	
47265237	47265551	314	0.4459	0.2771	0.2134	
472939500	472940147	647	0.7635	0.0479	0.0773	
474689343	474689787	444	0.6689	0.036	0.1959	
474804080	474804258	178	0.8146	0.0393	0.0281	
474887972	474888481	509	0.7682	0.0354	0.0845	
475851850	475852319	469	0.5842	0.0981	0.2601	
47630379	47631106	727	0.447	0.0413	0.4732	
47743701	47744468	767	0.6793	0.0013	0.2477	
478721168	478721959	791	0.3009	0.0	0.6789	
478761547	478761857	310	0.829	0.0097	0.0806	
478780881	478781326	445	0.8809	0.0	0.0427	
479069892	479070169	277	0.7545	0.0361	0.1083	
480557179	480557631	452	0.5332	0.0708	0.3341	
481885994	481886634	640	0.7266	0.1625	0.025	
482358313	482358749	436	0.617	0.0894	0.2362	
482359789	482360090	301	0.6877	0.01	0.1827	
48872832	48873755	923	0.8342	0.0271	0.0531	
48900846	48901171	325	0.8523	0.0031	0.0646	
49905057	49905304	247	0.83	0.0486	0.0324	
503488	503888	400	0.46	0.28	0.1875	
50798052	50799134	1082	0.6137	0.1525	0.1081	
50800774	50801725	951	0.4795	0.1703	0.2671	
50807476	50807807	331	0.5408	0.281	0.136	
50808422	50809113	691	0.3517	0.3343	0.2952	
50815238	50815781	543	0.8803	0.0221	0.0166	
50871706	50873261	1555	0.373	0.1833	0.3878	
51375136	51375810	674	0.2715	0.1513	0.5386	
51407385	51407695	310	0.8935	0.0032	0.0645	
51442052	51442792	740	0.5743	0.0541	0.323	
51456938	51457405	467	0.6938	0.0321	0.1627	
51515138	51515290	152	0.9605	0.0	0.0132	
51518059	51518325	266	0.891	0.0376	0.0	
51610928	51611847	919	0.3134	0.3613	0.259	
5208040	5208492	452	0.8584	0.0177	0.0111	
5233189	5233628	439	0.7494	0.0683	0.0524	
5237313	5238078	765	0.4863	0.3843	0.0444	
5307532	5307971	439	0.5103	0.1002	0.2506	
53287216	53287874	658	0.7128	0.0973	0.0805	
53430370	53431057	687	0.5619	0.0116	0.377	
53466060	53466393	333	0.7327	0.1381	0.045	
53511319	53511713	394	0.6853	0.2107	0.0203	
54925984	54926740	756	0.6455	0.0503	0.1865	
55147794	55148692	898	0.3764	0.2305	0.333	
55291382	55291803	421	0.8029	0.0024	0.1259	
55304959	55305168	209	0.933	0.0	0.0048	
55469360	55469687	327	0.7554	0.0061	0.156	
55525468	55525793	325	0.8492	0.0154	0.08	
55526091	55526700	609	0.4778	0.1396	0.3186	
55542847	55543312	465	0.7376	0.1247	0.0516	
57079089	57081106	2017	0.6346	0.1993	0.0699	
57089947	57091096	1149	0.8973	0.007	0.0183	
5711080	5711880	800	0.4863	0.0512	0.3738	
57225292	57225763	471	0.5796	0.0149	0.31	
57598610	57599856	1246	0.8202	0.049	0.0682	
5846188	5846580	392	0.7347	0.0	0.199	
58568132	58568415	283	0.9081	0.0177	0.0106	
59019790	59020227	437	0.9153	0.0023	0.0046	
59329192	59329549	357	0.7955	0.0476	0.0196	
59359677	59359842	165	0.9273	0.0	0.0121	
59415557	59416009	452	0.8518	0.0155	0.0155	
59504803	59505123	320	0.9625	0.0	0.0	
60044239	60044827	588	0.3214	0.585	0.0612	
60212628	60212842	214	0.9206	0.014	0.0093	
60239512	60239779	267	0.8801	0.0524	0.0112	
60260080	60260721	641	0.4711	0.0312	0.468	
60349742	60350016	274	0.8467	0.0511	0.0182	
60524433	60524786	353	0.6686	0.0057	0.255	
61881891	61882293	402	0.7612	0.0522	0.1393	
62041510	62041787	277	0.9025	0.0217	0.0108	
62388857	62390592	1735	0.5591	0.083	0.2836	
62491958	62492688	730	0.8959	0.0233	0.0342	
62516217	62517336	1119	0.7819	0.0581	0.0447	
63224807	63225035	228	0.9079	0.0044	0.0307	
64392600	64393433	833	0.4262	0.2053	0.3061	
64506023	64506297	274	0.8431	0.0182	0.0365	
64519687	64521351	1664	0.6466	0.03	0.223	
64521556	64521738	182	0.7527	0.0934	0.022	
64960967	64961247	280	0.8393	0.0464	0.05	
65083580	65084844	1264	0.6258	0.1503	0.1535	
65097901	65098078	177	0.7684	0.0452	0.096	
65611079	65611632	553	0.7541	0.0958	0.0723	
66463571	66464199	628	0.6545	0.0478	0.2261	
67321489	67321904	415	0.8313	0.0313	0.094	
67330273	67339771	9498	0.0413	0.9493	0.0035	
67340551	67340821	270	0.863	0.0111	0.0259	
67650768	67651134	366	0.8443	0.0	0.0765	
67685913	67686608	695	0.3007	0.1957	0.4791	
68159477	68160195	718	0.6212	0.1184	0.1421	
68165002	68165537	535	0.6131	0.0093	0.329	
68201517	68204304	2787	0.1482	0.7779	0.042	
69237802	69238582	780	0.7231	0.1077	0.1026	
69984866	69985434	568	0.5669	0.3187	0.0458	
69992115	69993297	1182	0.2741	0.2276	0.4552	
7023746	7023981	235	0.817	0.0043	0.017	
70646672	70647095	423	0.5674	0.1797	0.2128	
70773965	70775072	1107	0.4481	0.28	0.2014	
70781862	70782464	602	0.706	0.0731	0.088	
70799601	70799840	239	0.8494	0.0711	0.0	
70801497	70801669	172	0.9419	0.0058	0.0	
70929081	70929460	379	0.5488	0.3905	0.0132	
70941832	70942929	1097	0.2352	0.6399	0.0884	
70960682	70961496	814	0.2985	0.1658	0.5025	
7477779	7479016	1237	0.2619	0.4899	0.2102	
74992371	74992588	217	0.8387	0.0599	0.0092	
75061174	75062125	951	0.4953	0.3722	0.0599	
75062540	75062890	350	0.9371	0.0	0.0029	
75064385	75064722	337	0.7656	0.0237	0.1098	
75091606	75092808	1202	0.525	0.3669	0.0399	
75096613	75097382	769	0.6775	0.1469	0.0806	
75109101	75109642	541	0.8022	0.085	0.0407	
75150240	75150546	306	0.7778	0.0784	0.0556	
75188256	75188722	466	0.8176	0.0	0.1416	
75227168	75227582	414	0.8237	0.0338	0.0097	
7530993	7531714	721	0.3024	0.2829	0.3828	
75322771	75322953	182	0.8077	0.1044	0.0275	
75496009	75496249	240	0.7	0.0167	0.1958	
75523844	75524153	309	0.7476	0.068	0.1197	
75538828	75539200	372	0.8548	0.0161	0.0161	
75640627	75640946	319	0.8809	0.0219	0.0313	
78050530	78051691	1161	0.5426	0.1189	0.2653	
78056316	78056533	217	0.8571	0.0046	0.0783	
78298600	78300995	2395	0.6802	0.1106	0.1532	
78645455	78646595	1140	0.7526	0.0877	0.0491	
79467163	79467827	664	0.6837	0.1732	0.0708	
79722689	79722926	237	0.8439	0.0253	0.0422	
79732944	79733454	510	0.7824	0.0235	0.0549	
79734619	79735578	959	0.4265	0.3764	0.1335	
79738581	79739588	1007	0.2254	0.6296	0.1122	
79762857	79763272	415	0.8337	0.0337	0.0241	
79768452	79769230	778	0.8021	0.0257	0.0797	
79895026	79895222	196	0.8878	0.0	0.0102	
79903737	79904717	980	0.1888	0.2398	0.55	
80139676	80140280	604	0.5927	0.1391	0.1043	
80166369	80166628	259	0.888	0.0116	0.0039	
80337943	80338820	877	0.4048	0.3934	0.13	
80364324	80364911	587	0.5707	0.0239	0.1908	
8036928	8037302	374	0.7674	0.0401	0.0963	
80371823	80372367	544	0.7151	0.079	0.114	
80574304	80574965	661	0.879	0.0061	0.0182	
80601791	80603008	1217	0.6023	0.2153	0.0813	
80862680	80863145	465	0.9183	0.0043	0.0	
81718994	81719468	474	0.3966	0.0105	0.5401	
8240905	8241753	848	0.3703	0.0684	0.5083	
8249230	8249470	240	0.8833	0.0167	0.0	
8259820	8260773	953	0.425	0.149	0.3652	
82920994	82921622	628	0.4713	0.0557	0.4188	
84609602	84610078	476	0.5987	0.2941	0.0483	
85381043	85381545	502	0.4283	0.3825	0.1036	
8558881	8559719	838	0.2637	0.3365	0.3795	
85952200	85954376	2176	0.165	0.2652	0.523	
85957486	85958814	1328	0.0979	0.7899	0.0264	
85959286	85962000	2714	0.1242	0.5671	0.2811	
86297768	86298116	348	0.5517	0.2385	0.1034	
86301675	86303134	1459	0.4112	0.2008	0.3132	
86303700	86303862	162	0.7346	0.0	0.179	
86304763	86305341	578	0.7145	0.0138	0.0761	
86416515	86417004	489	0.5092	0.319	0.1145	
86473428	86476915	3487	0.2515	0.6174	0.0648	
87182430	87182722	292	0.7568	0.0171	0.1507	
87217725	87217867	142	0.9296	0.0	0.0	
87218345	87218505	160	0.9187	0.0063	0.0187	
87825125	87825808	683	0.4378	0.4348	0.1069	
87915238	87915596	358	0.7626	0.0587	0.1369	
88197971	88198194	223	0.8744	0.0	0.0314	
88674911	88676779	1868	0.1536	0.7157	0.1017	
88730374	88730627	253	0.8419	0.0553	0.004	
88893511	88894444	933	0.9239	0.0	0.0032	
88910288	88911636	1348	0.7886	0.0111	0.1372	
88916359	88917067	708	0.4393	0.0395	0.4379	
88934701	88936121	1420	0.4697	0.1697	0.2599	
88940659	88940947	288	0.6875	0.0417	0.1597	
88960676	88961106	430	0.7465	0.1302	0.0302	
88962654	88963809	1155	0.4139	0.0978	0.4675	
88965573	88965976	403	0.8015	0.0149	0.1067	
88971765	88971996	231	0.8528	0.026	0.0	
88990060	88990557	497	0.8511	0.0221	0.0986	
88996181	88996414	233	0.6609	0.0858	0.1974	
88997321	88998415	1094	0.2239	0.628	0.1124	
89023204	89024171	967	0.607	0.1396	0.2006	
89024813	89025795	982	0.8921	0.001	0.0295	
89454784	89455397	613	0.398	0.4241	0.1191	
8951799	8952709	910	0.5593	0.0275	0.3319	
89969414	89969852	438	0.7192	0.0845	0.0868	
89971580	89972745	1165	0.3614	0.3399	0.2309	
90465199	90467589	2390	0.2732	0.5674	0.1322	
90611567	90611773	206	0.8495	0.0291	0.0485	
90962952	90963769	817	0.4529	0.3635	0.0857	
90967854	90968263	409	0.6259	0.0269	0.2983	
91380659	91382373	1714	0.0998	0.846	0.0403	
91434719	91436066	1347	0.1811	0.2584	0.5234	
91549105	91549953	848	0.5106	0.0802	0.2972	
91564457	91564732	275	0.5418	0.0073	0.3855	
91591378	91591898	520	0.35	0.0135	0.6058	
92443653	92444405	752	0.3059	0.3949	0.2593	
92508262	92508750	488	0.7439	0.0594	0.0656	
9275888	9276501	613	0.6525	0.0832	0.1811	
92958790	92959281	491	0.7841	0.0591	0.0387	
93199901	93200070	169	0.8757	0.0	0.0296	
93212375	93213104	729	0.4321	0.2359	0.2716	
93249050	93249345	295	0.8983	0.0373	0.0	
93320260	93322391	2131	0.1652	0.4252	0.3763	
93350077	93350251	174	0.9195	0.0115	0.0287	
93375752	93376253	501	0.3014	0.1038	0.5768	
93420088	93421118	1030	0.6777	0.1146	0.068	
93440470	93441053	583	0.5815	0.2281	0.0858	
93447244	93447851	607	0.7611	0.0247	0.112	
93459284	93459574	290	0.5586	0.0379	0.3103	
93491112	93491375	263	0.8669	0.0266	0.0114	
93559126	93560147	1021	0.6797	0.1087	0.1234	
93567137	93567577	440	0.4932	0.0545	0.3977	
93570323	93570941	618	0.3107	0.5841	0.0469	
93571792	93572078	286	0.6224	0.035	0.2762	
93608232	93608569	337	0.7715	0.0356	0.0415	
93637787	93637930	143	0.8951	0.042	0.021	
93638309	93639464	1155	0.6398	0.0935	0.1645	
9428266	9428491	225	0.6978	0.0	0.2444	
94447803	94448156	353	0.8499	0.0227	0.051	
9449510	9450536	1026	0.963	0.0039	0.0	
94520164	94520673	509	0.609	0.0432	0.2259	
95158220	95158895	675	0.3852	0.5348	0.0148	
95684261	95684993	732	0.3975	0.209	0.2937	
95783987	95784197	210	0.8952	0.0095	0.0429	
95796050	95796411	361	0.9529	0.0055	0.0	
95839374	95839627	253	0.8656	0.0	0.0751	
95840106	95840655	549	0.8324	0.0492	0.0364	
95840997	95841621	624	0.7228	0.0016	0.149	
95855301	95855506	205	0.8488	0.0	0.0537	
95861996	95862517	521	0.9175	0.0019	0.0154	
96239950	96241562	1612	0.5354	0.201	0.1948	
96378263	96379560	1297	0.3308	0.1989	0.4071	
96444522	96445222	700	0.5843	0.1729	0.1414	
96560065	96560487	422	0.6043	0.218	0.0806	
96752441	96752673	232	0.8836	0.0431	0.0172	
96756917	96757412	495	0.4121	0.099	0.4525	
96757605	96758531	926	0.4741	0.27	0.1901	
97094309	97094621	312	0.7244	0.0353	0.1058	
97095376	97095785	409	0.8289	0.0269	0.0318	
97105874	97106563	689	0.2743	0.3672	0.312	
97107385	97107752	367	0.5668	0.0463	0.3161	
97211341	97213320	1979	0.1066	0.1829	0.6908	
97641999	97643045	1046	0.1769	0.0057	0.7916	
97855983	97856382	399	0.5514	0.1604	0.2381	
98179565	98180076	511	0.863	0.0254	0.0235	
98455353	98455785	432	0.7616	0.0046	0.0671	
98479217	98479408	191	0.8586	0.0105	0.0733	
9867878	9868808	930	0.1344	0.3215	0.5247	
98741019	98741292	273	0.8535	0.0183	0.0403	
98742410	98742717	307	0.8078	0.0326	0.0521	
98938219	98938905	686	0.4417	0.0321	0.4388	
9965391	9966458	1067	0.8144	0.0225	0.0244	
9982616	9983090	474	0.9388	0.0	0.0042	
99891947	99892609	662	0.6888	0.0166	0.1979	
