start	end	length	IDY	missing1	missing2	
500347	501296	949	0.627	0.0759	0.2034	
1113682	1114458	776	0.4523	0.0412	0.4652	
1207876	1208251	375	0.7467	0.016	0.056	
1350242	1351173	931	0.3276	0.015	0.6122	
1884044	1884307	263	0.4183	0.4601	0.038	
1993635	1994009	374	0.5428	0.0267	0.3235	
2139679	2140227	548	0.4033	0.5493	0.0036	
2460684	2461605	921	0.3583	0.0793	0.4832	
2511038	2511427	389	0.7866	0.1799	0.0	
2607382	2607648	266	0.7744	0.0226	0.1165	
2608000	2608211	211	0.9289	0.0	0.0237	
2706764	2707176	412	0.4199	0.3252	0.1869	
2782226	2782385	159	0.9308	0.0	0.0	
2782605	2783406	801	0.015	0.3408	0.6292	
3326277	3326442	165	0.903	0.0	0.0242	
3671786	3674119	2333	0.3635	0.1226	0.4801	
3711148	3711410	262	0.9198	0.0229	0.0	
3765036	3765959	923	0.351	0.0845	0.533	
4348477	4348899	422	0.5972	0.0711	0.2512	
4463250	4464343	1093	0.2635	0.0174	0.6908	
4579361	4579779	418	0.2799	0.2057	0.4282	
4692910	4693624	714	0.7815	0.0686	0.0392	
4702025	4702426	401	0.5736	0.1421	0.2145	
5208282	5209224	942	0.4374	0.1518	0.3662	
5237644	5237827	183	0.8197	0.1366	0.0	
5710571	5710743	172	0.8547	0.0058	0.0116	
5845321	5847031	1710	0.3094	0.1684	0.4883	
5933104	5933257	153	0.7843	0.1569	0.0	
5985306	5985670	364	0.5687	0.3626	0.0	
7040026	7040684	658	0.3997	0.1489	0.3647	
7478360	7478769	409	0.6406	0.1149	0.1663	
7531263	7532667	1404	0.1553	0.1403	0.688	
7941820	7941986	166	0.8072	0.0181	0.0482	
8037074	8038258	1184	0.2677	0.1486	0.5405	
8223574	8223717	143	0.8601	0.0	0.0	
8248985	8249552	567	0.6966	0.1958	0.0018	
8259049	8261013	1964	0.2357	0.1945	0.5341	
8332864	8333171	307	0.7329	0.114	0.0326	
8559234	8560382	1148	0.2456	0.25	0.4861	
8742428	8743262	834	0.2506	0.5635	0.1535	
8747677	8747886	209	0.866	0.0239	0.0144	
8952191	8952377	186	0.914	0.0054	0.0215	
9242660	9243253	593	0.5413	0.1248	0.1821	
9427027	9428545	1518	0.1897	0.114	0.6765	
9455980	9456405	425	0.5247	0.1859	0.2	
9482334	9483258	924	0.2056	0.2273	0.54	
9485970	9486542	572	0.8636	0.0122	0.0297	
9517730	9517967	237	0.4473	0.5359	0.0127	
9868268	9870336	2068	0.0875	0.1214	0.7766	
9884888	9885157	269	0.0	1.0	0.0	
9966039	9966454	415	0.8289	0.0169	0.0337	
10111646	10111998	352	0.9347	0.0	0.0	
10112218	10112688	470	0.6681	0.0404	0.2191	
10608965	10609115	150	0.9867	0.0	0.0	
10997185	10998712	1527	0.8926	0.0275	0.019	
11319447	11320013	566	0.4505	0.0389	0.4346	
11569173	11570037	864	0.9479	0.0	0.0023	
11936438	11937273	835	0.2743	0.103	0.5533	
12344360	12345786	1426	0.0	1.0	0.0	
12466642	12468227	1585	0.7451	0.0101	0.2038	
12926024	12926298	274	0.9489	0.0	0.0	
12934401	12934797	396	0.9268	0.0025	0.0177	
12971871	12972596	725	0.4952	0.0441	0.4083	
12985776	12985954	178	0.9831	0.0	0.0	
13005754	13006629	875	0.1909	0.0229	0.7669	
13012728	13013142	414	0.8937	0.0024	0.0169	
13888338	13888990	652	0.7055	0.0613	0.1288	
13955622	13956451	829	0.5163	0.2593	0.1351	
13981956	13982099	143	0.8741	0.0	0.0	
14095991	14096327	336	0.8333	0.0119	0.0893	
14100368	14103341	2973	0.2647	0.0646	0.6229	
14297166	14297331	165	0.9455	0.0	0.0061	
14704214	14704783	569	0.3128	0.0211	0.6415	
14716817	14717097	280	0.9321	0.0214	0.0071	
14749552	14750024	472	0.6801	0.1229	0.0636	
14989037	14989612	575	0.5061	0.4226	0.0226	
15139360	15139530	170	0.8882	0.0412	0.0	
15516828	15518600	1772	0.2568	0.0734	0.6287	
15664073	15667739	3666	0.3202	0.0649	0.5603	
15814532	15814741	209	0.866	0.0	0.0574	
16571930	16572100	170	0.9471	0.0	0.0176	
16577373	16578096	723	0.0	1.0	0.0	
17069376	17069648	272	0.9559	0.0	0.0	
17204389	17204567	178	0.9607	0.0	0.0169	
17221946	17222280	334	0.9581	0.0	0.0	
17530852	17531362	510	0.6431	0.1235	0.1549	
17943795	17944224	429	0.0	1.0	0.0	
18309142	18309779	637	0.9011	0.0188	0.0345	
18396608	18397509	901	0.2619	0.1398	0.5771	
18562115	18562994	879	0.4027	0.1399	0.4096	
18636032	18636235	203	0.7931	0.0	0.0443	
18983861	18984099	238	0.6975	0.1429	0.0336	
19302384	19302723	339	0.7463	0.0944	0.0472	
19487687	19487871	184	0.962	0.0	0.0	
19579899	19581144	1245	0.0	1.0	0.0	
20712937	20713197	260	0.8731	0.0154	0.0038	
20731962	20732465	503	0.8748	0.0577	0.008	
21078364	21078630	266	0.6767	0.1128	0.1767	
21393945	21394641	696	0.0	1.0	0.0	
21543607	21543773	166	0.9036	0.0	0.0	
21913515	21913941	426	0.7629	0.0329	0.1221	
22397237	22397681	444	0.4797	0.4279	0.0158	
22692427	22692788	361	0.9114	0.0111	0.0139	
22856751	22857283	532	0.4944	0.1053	0.3759	
23281380	23283287	1907	0.3429	0.1185	0.4515	
23576740	23577429	689	0.3948	0.5138	0.0102	
23630746	23633254	2508	0.1683	0.1152	0.7033	
23811317	23811853	536	0.3731	0.1026	0.4701	
24212477	24212762	285	0.8596	0.0386	0.0	
24768966	24769119	153	0.7778	0.0327	0.0719	
24798743	24799550	807	0.596	0.2094	0.0954	
25108368	25109685	1317	0.4852	0.1792	0.2468	
25205272	25206919	1647	0.1773	0.1439	0.6466	
25532702	25532892	190	0.9105	0.0105	0.0474	
25685177	25685455	278	0.7482	0.0396	0.0288	
25874753	25876143	1390	0.1619	0.0417	0.7698	
26227132	26227378	246	0.0	1.0	0.0	
26468884	26469786	902	0.4124	0.3337	0.1874	
26522446	26523060	614	0.3078	0.1091	0.5309	
26548069	26549527	1458	0.5645	0.1283	0.1893	
27004472	27007711	3239	0.2031	0.1889	0.578	
27405648	27406068	420	0.0	1.0	0.0	
27479367	27479631	264	0.6553	0.2273	0.0265	
27597366	27597792	426	0.8427	0.0141	0.0493	
28300340	28300609	269	0.6766	0.0967	0.0483	
28301482	28303221	1739	0.0414	0.4416	0.4738	
28469472	28476358	6886	0.0508	0.025	0.9123	
29080904	29081071	167	0.9281	0.0	0.0	
29122081	29122397	316	0.8797	0.0	0.0063	
29331712	29331955	243	0.8683	0.0082	0.0247	
29388252	29389120	868	0.7097	0.076	0.1118	
29853498	29855312	1814	0.2321	0.258	0.4454	
29926075	29926770	695	0.3396	0.0201	0.5986	
30207867	30209131	1264	0.3307	0.0166	0.6036	
30240385	30241137	752	0.6476	0.0213	0.2819	
30299501	30300815	1314	0.6545	0.0175	0.2291	
30360786	30361521	735	0.4272	0.1823	0.3347	
30367449	30367670	221	0.8597	0.0136	0.0362	
30535584	30536867	1283	0.3889	0.074	0.4599	
31004037	31004478	441	0.5896	0.0612	0.2041	
31293018	31294952	1934	0.1727	0.0295	0.7766	
32693521	32693902	381	0.643	0.042	0.1549	
32736458	32738662	2204	0.1266	0.1534	0.7001	
33068217	33068588	371	0.3801	0.4232	0.1563	
33119079	33119266	187	0.5455	0.3048	0.0588	
34348192	34349305	1113	0.3288	0.1725	0.4465	
34448182	34448857	675	0.6059	0.203	0.0948	
34737605	34737967	362	0.6796	0.0746	0.116	
34746369	34747191	822	0.3175	0.4453	0.1557	
34764064	34764747	683	0.284	0.0351	0.6384	
35145761	35145984	223	0.8296	0.0	0.0404	
35287583	35288288	705	0.5773	0.0667	0.2383	
35581814	35582907	1093	0.4172	0.0878	0.4181	
35970722	35972248	1526	0.0	1.0	0.0	
35973409	35973580	171	0.0	1.0	0.0	
36871092	36871576	484	0.593	0.2645	0.0413	
37019977	37020805	828	0.4867	0.2693	0.1461	
37048000	37048219	219	0.8174	0.0822	0.0	
37048902	37049797	895	0.2849	0.0134	0.6492	
37167663	37167994	331	0.9094	0.0	0.0544	
37711705	37712963	1258	0.1558	0.0111	0.8172	
39525476	39525878	402	0.6741	0.1592	0.0448	
39531730	39531975	245	0.8857	0.0041	0.0327	
39568621	39570607	1986	0.1843	0.1707	0.6148	
39586645	39586932	287	0.0	1.0	0.0	
39700144	39700843	699	0.2904	0.1245	0.5465	
40164809	40165691	882	0.2018	0.1599	0.5952	
40317578	40318318	740	0.4162	0.4149	0.1014	
40451084	40452451	1367	0.2977	0.338	0.3438	
40663880	40664353	473	0.5455	0.1734	0.1712	
40798217	40799662	1445	0.1391	0.0464	0.7972	
40835080	40835403	323	0.0	1.0	0.0	
40842858	40843982	1124	0.3345	0.2473	0.3781	
40919305	40919508	203	0.0	1.0	0.0	
41608294	41608597	303	0.0	1.0	0.0	
41623626	41625372	1746	0.2532	0.2234	0.4576	
42689908	42690374	466	0.0	1.0	0.0	
42732962	42733407	445	0.2157	0.0899	0.6831	
42735994	42738004	2010	0.1179	0.0418	0.8274	
42738156	42740627	2471	0.1777	0.0453	0.7398	
42902632	42903814	1182	0.214	0.231	0.5262	
42907580	42907800	220	0.6	0.1909	0.1636	
42924919	42925570	651	0.2842	0.0983	0.5791	
42945951	42946135	184	0.9076	0.038	0.0	
42954173	42955434	1261	0.3418	0.2593	0.3434	
43026031	43026694	663	0.6094	0.0377	0.27	
43382912	43383091	179	0.7542	0.1341	0.0391	
44287774	44288749	975	0.2359	0.0995	0.5549	
44300198	44301993	1795	0.215	0.1226	0.6273	
44511216	44511349	133	0.9173	0.0	0.0376	
44722489	44722695	206	0.8883	0.0388	0.0097	
44728290	44728481	191	0.8848	0.0	0.0209	
45520826	45522235	1409	0.2378	0.088	0.6182	
45905980	45906292	312	0.9006	0.0353	0.0096	
45957628	45958732	1104	0.0	1.0	0.0	
46222052	46222700	648	0.0	1.0	0.0	
46264232	46264431	199	0.9497	0.0302	0.0	
46537600	46537833	233	0.9013	0.0043	0.0129	
46607722	46608215	493	0.0	1.0	0.0	
47264276	47265600	1324	0.2636	0.1012	0.5846	
47787278	47788478	1200	0.0725	0.085	0.8242	
47866883	47867048	165	0.9576	0.0	0.0	
47883816	47884335	519	0.5973	0.0983	0.2408	
48489758	48491190	1432	0.2256	0.1585	0.5635	
48822105	48823469	1364	0.283	0.107	0.5587	
48873103	48873347	244	0.9098	0.0	0.0123	
49114005	49114198	193	0.8912	0.0104	0.0207	
49342930	49343270	340	0.0	1.0	0.0	
49763193	49763399	206	0.8738	0.0388	0.0485	
49822748	49823380	632	0.4003	0.0158	0.5396	
49841320	49841576	256	0.875	0.0313	0.0	
49868192	49868511	319	0.0	1.0	0.0	
49894259	49894496	237	0.0	1.0	0.0	
50070608	50070897	289	0.436	0.4844	0.0035	
50221653	50221840	187	0.8075	0.0214	0.0535	
50412508	50412828	320	0.8031	0.0531	0.0375	
50761430	50762761	1331	0.3156	0.2434	0.3794	
50797797	50798466	669	0.716	0.0927	0.0478	
50798919	50799106	187	0.8717	0.0	0.0481	
50800989	50801452	463	0.6976	0.0324	0.1361	
50807622	50809402	1780	0.3556	0.1444	0.4691	
50851685	50852069	384	0.25	0.6823	0.0052	
50967699	50967992	293	0.0	1.0	0.0	
51051265	51051506	241	0.8008	0.0539	0.0	
51369515	51369930	415	0.7494	0.0723	0.0024	
51457123	51458161	1038	0.2004	0.2062	0.5713	
51474227	51475118	891	0.0	1.0	0.0	
52505992	52506616	624	0.0	1.0	0.0	
53563712	53564044	332	0.6506	0.262	0.0422	
55199335	55199572	237	0.0	1.0	0.0	
55291382	55292815	1433	0.2359	0.0733	0.6706	
55335552	55335796	244	0.7459	0.0943	0.0287	
55383171	55383540	369	0.7154	0.1707	0.0352	
55526435	55527136	701	0.2525	0.1327	0.5906	
55848297	55848476	179	0.8994	0.0112	0.0056	
55922059	55922470	411	0.618	0.1071	0.1825	
56512509	56513555	1046	0.2629	0.0048	0.7122	
57080312	57080996	684	0.902	0.0088	0.0161	
57141643	57142222	579	0.3282	0.3523	0.2556	
57162466	57162812	346	0.4827	0.2486	0.1936	
57205514	57206541	1027	0.85	0.0156	0.0419	
57247688	57247818	130	0.8	0.1154	0.0154	
57250007	57250297	290	0.7793	0.0793	0.0103	
57250854	57251844	990	0.1788	0.0414	0.7566	
58568130	58570982	2852	0.0961	0.0245	0.8713	
59359650	59360128	478	0.3703	0.023	0.5795	
59469997	59470820	823	0.6574	0.0146	0.2211	
59498655	59499488	833	0.461	0.2029	0.3001	
59541372	59541729	357	0.8824	0.0056	0.0392	
59595767	59596087	320	0.9	0.0063	0.0156	
59911688	59911999	311	0.8842	0.0	0.0289	
59983428	59983717	289	0.5398	0.2042	0.1972	
60044466	60045353	887	0.2131	0.1578	0.6077	
60260420	60260717	297	0.936	0.0067	0.0067	
60349255	60350009	754	0.4019	0.2825	0.2599	
60434608	60434818	210	0.0	1.0	0.0	
60483079	60483386	307	0.8664	0.0	0.0261	
61862715	61863391	676	0.3269	0.4053	0.1967	
62716750	62717108	358	0.8408	0.0279	0.0279	
62862707	62863155	448	0.8013	0.0112	0.0379	
63880925	63881122	197	0.0	1.0	0.0	
64520720	64521754	1034	0.5203	0.0474	0.3327	
64861986	64862480	494	0.4514	0.0405	0.4615	
64864868	64865347	479	0.7954	0.048	0.0167	
64985187	64986415	1228	0.3168	0.1474	0.4748	
65077437	65077928	491	0.5397	0.0631	0.3259	
65083574	65083952	378	0.463	0.3148	0.172	
65097905	65098326	421	0.3515	0.0546	0.5297	
65109323	65109656	333	0.6547	0.1982	0.039	
65611505	65611626	121	0.9835	0.0	0.0	
66287206	66287820	614	0.0	1.0	0.0	
66349140	66349487	347	0.0	1.0	0.0	
66350505	66351687	1182	0.0	1.0	0.0	
66462873	66464296	1423	0.5566	0.0253	0.3415	
66553468	66554157	689	0.2395	0.2612	0.4412	
66592104	66592750	646	0.3111	0.404	0.2399	
67289512	67289852	340	0.7941	0.1	0.0176	
67338618	67338915	297	0.0	1.0	0.0	
67339274	67341158	1884	0.3726	0.163	0.4007	
67420013	67420297	284	0.7852	0.0282	0.0493	
67823127	67823470	343	0.7405	0.1195	0.0292	
67823623	67824507	884	0.3507	0.2557	0.3032	
68156344	68156852	508	0.0	1.0	0.0	
68203661	68204787	1126	0.4964	0.0915	0.3135	
68354279	68354580	301	0.8937	0.01	0.0	
68432405	68432822	417	0.9233	0.0	0.0	
68762486	68762796	310	0.7355	0.1226	0.0548	
69238007	69239753	1746	0.3895	0.0137	0.5573	
69985163	69985528	365	0.8521	0.0329	0.0384	
69992711	69993017	306	0.8137	0.1078	0.0033	
70646415	70647407	992	0.2802	0.2046	0.4798	
70774235	70774414	179	0.8492	0.1006	0.0056	
70788459	70788876	417	0.8969	0.0312	0.0072	
70799466	70803082	3616	0.2685	0.1875	0.4912	
70849120	70849272	152	0.8487	0.0	0.0724	
70917714	70917878	164	0.878	0.0	0.0122	
70936292	70936526	234	0.7137	0.0214	0.1368	
70942607	70942812	205	0.7854	0.0341	0.0976	
70969721	70970255	534	0.794	0.0468	0.0393	
72158048	72158316	268	0.8507	0.0	0.0597	
73090982	73091328	346	0.0	1.0	0.0	
73104896	73105491	595	0.3479	0.0303	0.5933	
73412572	73413977	1405	0.3338	0.3673	0.2484	
73537371	73537631	260	0.7615	0.0	0.1038	
73957067	73957414	347	0.0	1.0	0.0	
74991974	74992592	618	0.5421	0.0566	0.3285	
75013804	75014275	471	0.6815	0.2463	0.0276	
75061697	75061948	251	0.9283	0.0	0.004	
75091696	75091877	181	0.9061	0.0442	0.0	
75109209	75109412	203	0.7833	0.1527	0.0394	
75495709	75496201	492	0.6382	0.1423	0.0305	
75502651	75502931	280	0.5536	0.05	0.2893	
75506712	75507631	919	0.4603	0.1197	0.3286	
75521979	75523121	1142	0.2548	0.2382	0.4711	
75524872	75525120	248	0.9274	0.0121	0.0161	
75525857	75527025	1168	0.2072	0.2611	0.506	
75991019	75992221	1202	0.0	1.0	0.0	
77625793	77626825	1032	0.188	0.2703	0.5058	
77705314	77705896	582	0.0	1.0	0.0	
77706714	77707013	299	0.0	1.0	0.0	
77707359	77707792	433	0.0	1.0	0.0	
78051396	78051689	293	0.8396	0.0375	0.0239	
78298699	78299625	926	0.6631	0.041	0.2279	
78348435	78349314	879	0.0	1.0	0.0	
78645630	78645863	233	0.5236	0.279	0.1631	
78921999	78922215	216	0.4676	0.2407	0.2407	
79496000	79496646	646	0.8731	0.0	0.0139	
79585880	79586136	256	0.8516	0.0	0.0391	
79735233	79735513	280	0.8643	0.0821	0.0	
79739348	79739613	265	0.8	0.0264	0.0453	
79768412	79770156	1744	0.3968	0.0969	0.4587	
79904287	79905683	1396	0.1676	0.1905	0.611	
80138785	80139951	1166	0.2942	0.2916	0.325	
80308709	80308857	148	0.8649	0.0473	0.0	
80337905	80339934	2029	0.345	0.2844	0.3139	
80364555	80364826	271	0.8229	0.0221	0.0148	
80573344	80574889	1545	0.3974	0.1372	0.3987	
80597477	80598471	994	0.5513	0.0956	0.327	
80602143	80602430	287	0.8258	0.0105	0.0523	
80862668	80864219	1551	0.3372	0.1122	0.5229	
80889342	80889523	181	0.9392	0.0	0.0	
81469141	81471381	2240	0.071	0.0165	0.9076	
81541094	81541767	673	0.416	0.2927	0.2125	
81565113	81565293	180	0.85	0.0	0.0111	
81567882	81569233	1351	0.1281	0.1088	0.7461	
81683273	81683497	224	0.8214	0.0268	0.1071	
81719090	81720605	1515	0.229	0.0739	0.6521	
82619197	82619875	678	0.0	1.0	0.0	
82689935	82690076	141	0.1135	0.6383	0.0071	
82815508	82816266	758	0.3338	0.3786	0.2507	
83997533	83997808	275	0.5127	0.4473	0.0	
84115668	84115850	182	0.2418	0.533	0.0495	
84579002	84580521	1519	0.2903	0.0125	0.6557	
84937850	84938113	263	0.0	1.0	0.0	
84992873	84993079	206	0.7427	0.0534	0.1359	
85177216	85177421	205	0.9024	0.0	0.0146	
85304188	85304925	737	0.4953	0.0488	0.365	
85379562	85381531	1969	0.3174	0.1285	0.4845	
85569867	85570043	176	0.9545	0.0	0.0	
85953108	85957595	4487	0.1259	0.0727	0.7745	
85960459	85961607	1148	0.1307	0.2726	0.5618	
86197201	86202680	5479	0.0571	0.0383	0.8949	
86297547	86299846	2299	0.194	0.0857	0.6842	
86302845	86303820	975	0.3272	0.1395	0.4677	
86408741	86411427	2686	0.0	1.0	0.0	
86473436	86474259	823	0.7643	0.0085	0.0425	
87824319	87824631	312	0.7724	0.0801	0.0385	
87825456	87826209	753	0.6282	0.0558	0.2616	
87837751	87838782	1031	0.5694	0.0815	0.2687	
88453468	88454342	874	0.1739	0.087	0.6739	
88674552	88675368	816	0.4142	0.1115	0.3824	
88913013	88917161	4148	0.1102	0.0716	0.7919	
88934651	88935392	741	0.5682	0.0513	0.2402	
88940701	88941280	579	0.582	0.0553	0.285	
88941923	88943690	1767	0.1466	0.1081	0.7261	
88960915	88961110	195	0.7487	0.0923	0.0462	
88963635	88965002	1367	0.2926	0.1683	0.5157	
88971727	88973477	1750	0.3737	0.1314	0.432	
88995927	88997494	1567	0.1883	0.1723	0.612	
88998110	88998247	137	0.854	0.0219	0.0146	
89455106	89455835	729	0.3951	0.0206	0.5103	
89972344	89973404	1060	0.2623	0.2047	0.4934	
90061173	90061721	548	0.6478	0.0858	0.1588	
90426493	90427365	872	0.2924	0.1112	0.5378	
90463662	90464132	470	0.2617	0.4255	0.2298	
90465596	90465839	243	0.8724	0.0082	0.0165	
90611117	90611751	634	0.2792	0.0741	0.6199	
90884294	90884657	363	0.5289	0.4353	0.0	
90929756	90929966	210	0.5143	0.1	0.2619	
90963558	90963772	214	0.6542	0.1916	0.0234	
91255218	91255736	518	0.5328	0.0405	0.3784	
91360136	91360949	813	0.3862	0.1107	0.4453	
91382098	91382328	230	0.7391	0.1435	0.013	
91435011	91435332	321	0.5483	0.3364	0.0343	
91564280	91565357	1077	0.2591	0.1226	0.571	
91572335	91573656	1321	0.3013	0.1325	0.5125	
92211363	92211918	555	0.8324	0.0162	0.0216	
92409427	92409889	462	0.5498	0.2771	0.1234	
92444139	92444378	239	0.8326	0.0293	0.0335	
92507383	92507596	213	0.0376	0.9202	0.0	
92508546	92508741	195	0.8	0.1231	0.0103	
93268811	93269673	862	0.2274	0.1531	0.5545	
93270896	93273169	2273	0.5055	0.121	0.2868	
93420190	93420471	281	0.9146	0.0	0.0391	
93450849	93450990	141	0.8511	0.0496	0.0142	
93517413	93517555	142	0.6972	0.0775	0.0423	
93567280	93567477	197	0.7716	0.0711	0.0711	
93571545	93572156	611	0.3601	0.0393	0.5516	
93638431	93638774	343	0.7259	0.0466	0.1749	
93773295	93773479	184	0.0	1.0	0.0	
94306514	94306746	232	0.9095	0.0043	0.0	
94542878	94543447	569	0.7381	0.1301	0.0193	
95156689	95157204	515	0.4932	0.3942	0.0233	
95158597	95159277	680	0.5735	0.0971	0.2044	
95187902	95188412	510	0.8333	0.0098	0.0333	
95257373	95257780	407	0.4939	0.2973	0.1597	
95684688	95684976	288	0.7326	0.0	0.1111	
95783927	95784425	498	0.4759	0.2771	0.1928	
96046876	96047028	152	0.9342	0.0	0.0	
96379094	96379350	256	0.8477	0.0313	0.0195	
96444783	96445095	312	0.8109	0.0321	0.0192	
96560116	96560269	153	0.8105	0.0719	0.0131	
96752441	96754306	1865	0.1812	0.0472	0.7507	
96757262	96757652	390	0.3897	0.0205	0.5462	
96758097	96758517	420	0.7167	0.019	0.2143	
97094194	97094434	240	0.8625	0.025	0.0375	
97610779	97611078	299	0.4749	0.1304	0.311	
97641055	97644110	3055	0.1385	0.11	0.7332	
97815713	97816784	1071	0.24	0.212	0.4949	
98179852	98180077	225	0.8267	0.0578	0.0311	
98279109	98279806	697	0.5868	0.2453	0.0775	
98397406	98397760	354	0.9322	0.0198	0.0056	
98697392	98697725	333	0.7598	0.027	0.1081	
98726787	98727486	699	0.3705	0.0429	0.5064	
98734944	98735841	897	0.4738	0.0401	0.3902	
98763237	98764042	805	0.3764	0.082	0.5019	
100119353	100125024	5671	0.1712	0.1936	0.6147	
100152955	100153451	496	0.4194	0.2137	0.3065	
100163067	100164837	1770	0.174	0.0571	0.7379	
100281646	100281827	181	0.0	1.0	0.0	
100611128	100612182	1054	0.481	0.0797	0.3776	
100713701	100714115	414	0.7005	0.0749	0.07	
101285917	101288085	2168	0.1661	0.149	0.6647	
101317246	101318708	1462	0.3454	0.1792	0.3824	
101319623	101320191	568	0.3222	0.0475	0.5739	
101327832	101328896	1064	0.2002	0.1823	0.5874	
102302427	102306420	3993	0.0303	0.0323	0.9336	
102528167	102529410	1243	0.0	1.0	0.0	
102738132	102738580	448	0.4933	0.0335	0.3705	
102753702	102754613	911	0.2975	0.0263	0.6378	
102904558	102904758	200	0.3	0.455	0.175	
103636201	103636594	393	0.0	1.0	0.0	
104111860	104112108	248	0.7702	0.1008	0.0645	
104671806	104672633	827	0.4135	0.1245	0.3942	
104822950	104823293	343	0.9096	0.0321	0.0	
104843501	104844604	1103	0.6555	0.0653	0.1532	
104909116	104909308	192	0.8594	0.0833	0.0	
104989883	104990759	876	0.6039	0.032	0.3037	
105002234	105002777	543	0.919	0.0018	0.0074	
105008050	105008692	642	0.3801	0.0685	0.4875	
105009007	105010594	1587	0.4518	0.1096	0.3894	
105050594	105050842	248	0.4516	0.1371	0.3387	
105441927	105442129	202	0.9059	0.0149	0.0	
105534968	105535130	162	0.8889	0.0	0.0062	
105691771	105692608	837	0.3011	0.1685	0.4767	
105780188	105780538	350	0.0	1.0	0.0	
107539137	107539636	499	0.6132	0.0501	0.2104	
110172098	110173012	914	0.2046	0.047	0.6969	
110237141	110237517	376	0.4468	0.5	0.016	
110251801	110252911	1110	0.1721	0.0739	0.7225	
111186051	111186255	204	0.9069	0.0147	0.0049	
111968115	111969327	1212	0.1452	0.1782	0.6543	
112142604	112143392	788	0.5635	0.0698	0.2741	
112232512	112233232	720	0.5417	0.1236	0.2472	
112296714	112297701	987	0.0841	0.3546	0.5502	
112297934	112299077	1143	0.2047	0.0945	0.6675	
112437074	112440812	3738	0.2972	0.1394	0.5241	
112744782	112745558	776	0.3093	0.0077	0.6302	
112788822	112789474	652	0.704	0.1074	0.1396	
112820132	112820599	467	0.0343	0.9443	0.0021	
112973670	112973915	245	0.0	1.0	0.0	
113073350	113073947	597	0.2412	0.0704	0.6667	
113397877	113398984	1107	0.1987	0.1481	0.5899	
113434561	113435152	591	0.3046	0.0203	0.6379	
113471194	113471509	315	0.6635	0.1492	0.0921	
114366148	114367705	1557	0.2505	0.0706	0.6397	
114476117	114476279	162	0.9321	0.0	0.0	
114615751	114615993	242	0.8926	0.0248	0.0124	
114764685	114764984	299	0.9532	0.0	0.0	
115048882	115049484	602	0.4801	0.1561	0.3056	
115128515	115129120	605	0.4744	0.1223	0.3339	
115507033	115507506	473	0.5053	0.0127	0.463	
115574752	115575188	436	0.5963	0.1491	0.1353	
115744181	115744893	712	0.4522	0.0604	0.4129	
116303161	116303863	702	0.1895	0.1895	0.6026	
116427137	116427305	168	0.9167	0.0	0.0119	
116519655	116519796	141	0.9433	0.0	0.0	
116683662	116684290	628	0.5637	0.1338	0.1752	
116923008	116923268	260	0.8077	0.0308	0.0923	
117415753	117416309	556	0.6475	0.1331	0.1295	
117642305	117643962	1657	0.1581	0.0241	0.8087	
118409675	118410811	1136	0.4155	0.0695	0.4331	
118429709	118430253	544	0.3952	0.443	0.0864	
118460211	118463288	3077	0.1635	0.2018	0.6191	
118713648	118714293	645	0.5225	0.0682	0.3271	
118742551	118742916	365	0.8164	0.0411	0.0356	
118997781	118999390	1609	0.028	0.6103	0.3518	
119006319	119007579	1260	0.4444	0.1651	0.3349	
119009833	119010026	193	0.9223	0.0	0.0155	
119565644	119566051	407	0.7518	0.0811	0.0786	
120012353	120013530	1177	0.1113	0.1325	0.7349	
120496973	120498135	1162	0.117	0.0835	0.7788	
120583850	120584017	167	0.7964	0.1198	0.0359	
120589564	120590503	939	0.2258	0.2258	0.4995	
120617344	120621006	3662	0.062	0.0066	0.9238	
120658843	120659534	691	0.4385	0.0608	0.4052	
120709576	120710354	778	0.3406	0.0938	0.5219	
120744692	120745184	492	0.5264	0.3679	0.0102	
121056484	121056820	336	0.7262	0.1845	0.0357	
121151158	121153821	2663	0.2058	0.0345	0.7184	
121326870	121327715	845	0.3373	0.0627	0.5515	
121492439	121493631	1192	0.2844	0.2357	0.4513	
121571939	121572223	284	0.0	1.0	0.0	
121578204	121578922	718	0.0	1.0	0.0	
121763306	121763547	241	0.1037	0.8838	0.0	
121929681	121930302	621	0.3961	0.1176	0.4444	
122336668	122336838	170	0.8529	0.0294	0.0	
122896166	122896435	269	0.5056	0.0595	0.342	
122937254	122937652	398	0.6281	0.201	0.0327	
125954814	125955278	464	0.8879	0.0151	0.0	
126368296	126368831	535	0.4841	0.2879	0.1626	
126385740	126387550	1810	0.0398	0.2779	0.6768	
126410924	126411195	271	0.0	1.0	0.0	
126415477	126416130	653	0.0	1.0	0.0	
127992758	127993101	343	0.7172	0.0583	0.137	
127997296	127999376	2080	0.376	0.1572	0.426	
128199347	128201394	2047	0.1065	0.0254	0.8549	
128573629	128573894	265	0.0	1.0	0.0	
128765594	128766435	841	0.3781	0.1356	0.4185	
129462112	129462881	769	0.2692	0.0481	0.6333	
129728213	129728401	188	0.9202	0.0372	0.0	
130077527	130077851	324	0.8735	0.0463	0.0154	
130131923	130133062	1139	0.6119	0.0781	0.1958	
130487820	130488343	523	0.0	1.0	0.0	
130496158	130496565	407	0.8256	0.0344	0.0418	
130879355	130880262	907	0.2503	0.2359	0.4719	
131265373	131266876	1503	0.316	0.0719	0.5556	
131545624	131545789	165	0.8061	0.1333	0.0	
132123568	132124073	505	0.3168	0.2931	0.3604	
132138867	132139139	272	0.6397	0.2904	0.0037	
132440480	132440820	340	0.7588	0.0941	0.0471	
133015393	133015588	195	0.8769	0.0462	0.0051	
133113630	133114227	597	0.6968	0.1457	0.0469	
133696774	133697354	580	0.2966	0.1569	0.5	
133730853	133730982	129	0.9535	0.0	0.0	
133829981	133831713	1732	0.1807	0.0121	0.7818	
133966031	133966199	168	0.8869	0.0179	0.0	
134245250	134246046	796	0.2286	0.0553	0.6608	
134396674	134397175	501	0.2275	0.4132	0.3054	
134588759	134589009	250	0.504	0.252	0.16	
134795851	134797046	1195	0.1649	0.1264	0.6703	
134939483	134940093	610	0.3213	0.2475	0.4098	
135053538	135054531	993	0.3615	0.0332	0.5468	
135055230	135059393	4163	0.1641	0.0956	0.719	
135066624	135067496	872	0.2007	0.195	0.5826	
135101824	135102792	968	0.4721	0.1787	0.2366	
135744181	135744426	245	0.8612	0.0286	0.0041	
136318958	136319175	217	0.8249	0.0	0.0507	
136502076	136502383	307	0.9218	0.0033	0.0065	
136769519	136769818	299	0.8227	0.0167	0.0435	
136975940	136976228	288	0.8438	0.0451	0.0	
137014707	137015221	514	0.7354	0.0603	0.0525	
137095784	137095939	155	0.9097	0.0	0.0387	
137190172	137195515	5343	0.0135	0.1132	0.8703	
137913188	137913355	167	0.9521	0.0	0.012	
138227207	138227962	755	0.747	0.1166	0.0464	
138896556	138896762	206	0.9563	0.0097	0.0	
139044635	139045991	1356	0.3636	0.1018	0.4816	
139210538	139211290	752	0.0	1.0	0.0	
139367827	139368301	474	0.8797	0.0527	0.0127	
139376288	139377464	1176	0.8002	0.0459	0.0663	
139556489	139556979	490	0.8102	0.0735	0.0	
139587671	139588065	394	0.8756	0.0	0.0254	
139666952	139667799	847	0.2633	0.0767	0.6352	
139773061	139773934	873	0.3001	0.1168	0.5624	
139825646	139826355	709	0.4739	0.0903	0.2708	
140089235	140089396	161	0.7453	0.0683	0.0559	
140290231	140290404	173	0.9711	0.0058	0.0058	
140775647	140775866	219	0.8813	0.0457	0.0	
141221495	141222123	628	0.4602	0.4427	0.0334	
141451993	141452257	264	0.9015	0.0038	0.0152	
141482902	141484239	1337	0.3149	0.2476	0.3725	
141603579	141606545	2966	0.0745	0.1113	0.8078	
141610413	141613027	2614	0.2548	0.0845	0.6178	
141639135	141639925	790	0.2759	0.2177	0.4456	
141801288	141801680	392	0.0	1.0	0.0	
141805979	141806406	427	0.0	1.0	0.0	
141893201	141893684	483	0.5383	0.0166	0.4037	
142082372	142082741	369	0.7236	0.2249	0.0108	
142083256	142083680	424	0.6344	0.2642	0.0259	
142344880	142345822	942	0.2505	0.0011	0.7272	
142348158	142348883	725	0.4869	0.0386	0.4138	
142364917	142365168	251	0.7131	0.0558	0.0677	
142624228	142625044	816	0.8971	0.0208	0.0172	
142993117	142994362	1245	0.1936	0.0586	0.698	
143070307	143070615	308	0.7825	0.0357	0.0032	
143613951	143614106	155	0.9161	0.0	0.0	
144865783	144867091	1308	0.646	0.1124	0.1491	
145006142	145006964	822	0.6618	0.0353	0.2251	
145030694	145030942	248	0.7298	0.0685	0.1411	
146375796	146376101	305	0.8852	0.0262	0.0098	
146376954	146377437	483	0.7536	0.0186	0.1242	
146845937	146846491	554	0.435	0.1444	0.3664	
147221439	147223340	1901	0.2441	0.0437	0.6959	
147465979	147466229	250	0.82	0.112	0.004	
148154908	148155235	327	0.8563	0.055	0.0214	
148209164	148210342	1178	0.0	1.0	0.0	
148212966	148213228	262	0.0	1.0	0.0	
148220268	148220697	429	0.5594	0.2727	0.0862	
148915680	148916627	947	0.4234	0.3326	0.17	
149339558	149347133	7575	0.0638	0.0448	0.8805	
149457657	149459074	1417	0.1482	0.1884	0.6478	
149547517	149548396	879	0.463	0.2082	0.2446	
149651312	149651616	304	0.9046	0.0	0.0329	
149964193	149964462	269	0.5911	0.0855	0.2045	
150654315	150654540	225	0.8133	0.0044	0.04	
150844951	150845108	157	0.828	0.0	0.0127	
151120467	151121358	891	0.7755	0.0337	0.11	
151333533	151334702	1169	0.5184	0.0873	0.3062	
151368830	151369378	548	0.5219	0.25	0.146	
151452896	151453135	239	0.8828	0.046	0.0042	
151785626	151785809	183	0.9344	0.0219	0.0	
151828493	151828714	221	0.9457	0.0	0.0136	
152187539	152187760	221	0.6787	0.19	0.0452	
152205165	152206099	934	0.3308	0.3126	0.2912	
152206961	152208342	1381	0.1499	0.0681	0.7473	
152375981	152376286	305	0.0	1.0	0.0	
152571900	152572657	757	0.5548	0.2523	0.074	
152592040	152593063	1023	0.1955	0.0772	0.696	
152632522	152634399	1877	0.3516	0.0304	0.5647	
152702193	152702603	410	0.5122	0.1732	0.2415	
152728582	152728800	218	0.5826	0.3532	0.0183	
152739835	152740496	661	0.5083	0.1135	0.2421	
152746850	152748621	1771	0.4992	0.1118	0.2857	
152767659	152768244	585	0.6974	0.0855	0.0906	
152889463	152890469	1006	0.499	0.1223	0.2465	
152987525	152990781	3256	0.1127	0.0765	0.7958	
153080903	153081441	538	0.8457	0.039	0.0223	
153198591	153198818	227	0.0	1.0	0.0	
153593519	153593742	223	0.0	1.0	0.0	
153715881	153718222	2341	0.1909	0.1444	0.6326	
153766036	153766270	234	0.3248	0.5812	0.0043	
154418739	154419180	441	0.8866	0.0658	0.0023	
154462146	154463530	1384	0.422	0.2095	0.2782	
154917539	154917734	195	0.0	1.0	0.0	
154938738	154939137	399	0.5414	0.3058	0.0276	
155016534	155018613	2079	0.2828	0.2309	0.4069	
155135794	155136041	247	0.2753	0.664	0.004	
155284425	155285156	731	0.3776	0.0219	0.554	
155286522	155286774	252	0.8889	0.0	0.0278	
155423238	155424089	851	0.3055	0.1692	0.5006	
155808717	155809388	671	0.237	0.1937	0.5276	
155905870	155906267	397	0.5793	0.2343	0.1058	
155907926	155908436	510	0.3471	0.0235	0.5588	
156156951	156157141	190	0.9474	0.0	0.0105	
156261056	156261253	197	0.731	0.1827	0.0152	
156281038	156281208	170	0.8118	0.0647	0.0059	
156585685	156586027	342	0.0	1.0	0.0	
156633157	156633545	388	0.799	0.0619	0.0541	
156972274	156972838	564	0.4149	0.117	0.3972	
157100187	157100978	791	0.0	1.0	0.0	
157134046	157134476	430	0.5209	0.3442	0.0186	
158067698	158068611	913	0.4206	0.0931	0.4053	
158106120	158106524	404	0.599	0.0594	0.2624	
158240640	158242372	1732	0.1282	0.1824	0.6767	
158298159	158298872	713	0.4236	0.3198	0.129	
158299402	158299788	386	0.6813	0.2332	0.0259	
158650083	158650688	605	0.5901	0.2562	0.0314	
159531528	159532128	600	0.0	1.0	0.0	
159709781	159710131	350	0.0	1.0	0.0	
159961874	159962165	291	0.8832	0.0	0.0447	
160396267	160396523	256	0.6758	0.1367	0.0195	
162398866	162399253	387	0.0	1.0	0.0	
163697847	163698220	373	0.0	1.0	0.0	
165678989	165679591	602	0.5282	0.0963	0.2442	
165698816	165700619	1803	0.2512	0.041	0.6589	
165736904	165737464	560	0.3911	0.0286	0.5304	
166180747	166180910	163	0.9755	0.0061	0.0	
166335465	166335727	262	0.8435	0.0458	0.0	
166375667	166376267	600	0.2583	0.025	0.675	
166883006	166883636	630	0.2619	0.6444	0.0365	
167010726	167011153	427	0.8103	0.0656	0.0164	
167161164	167161424	260	0.9154	0.0231	0.0038	
167262662	167262907	245	0.0	1.0	0.0	
167407308	167409271	1963	0.2033	0.2787	0.4977	
167425793	167426040	247	0.8057	0.1498	0.0081	
167695236	167695884	648	0.6111	0.1173	0.0818	
167917740	167918643	903	0.2913	0.2359	0.3987	
168148954	168149175	221	0.8959	0.0181	0.0	
168327793	168328027	234	0.7265	0.1068	0.0214	
168464408	168464909	501	0.4511	0.2555	0.2315	
168492757	168492934	177	0.8079	0.0	0.1243	
168749340	168749531	191	0.8377	0.0	0.0733	
168973200	168973410	210	0.9	0.0	0.0476	
168991843	168992396	553	0.9295	0.0	0.038	
169008737	169009278	541	0.9427	0.0	0.0055	
169707427	169707677	250	0.796	0.016	0.012	
169841283	169842928	1645	0.5374	0.0857	0.3252	
169908994	169909913	919	0.7671	0.0413	0.0566	
170269343	170275429	6086	0.2175	0.0973	0.652	
170367238	170367942	704	0.6648	0.0653	0.1577	
170447179	170447386	207	0.0	1.0	0.0	
170660816	170661309	493	0.7586	0.0284	0.073	
170959659	170959862	203	0.7488	0.0837	0.0493	
171025502	171027123	1621	0.5743	0.087	0.2825	
171262704	171262884	180	0.9611	0.0	0.0	
171349091	171351468	2377	0.1939	0.0572	0.7244	
171398713	171400773	2060	0.3961	0.2762	0.2442	
172102867	172103454	587	0.6031	0.1073	0.184	
172200269	172200524	255	0.7647	0.1294	0.0392	
172225722	172228337	2615	0.2979	0.1075	0.5338	
172317004	172317197	193	0.8549	0.0415	0.0052	
172364485	172365184	699	0.4192	0.3505	0.1388	
172445325	172447440	2115	0.1017	0.2936	0.5877	
172824968	172826656	1688	0.4722	0.0823	0.3667	
172925390	172925561	171	0.9123	0.0234	0.0	
173419449	173420359	910	0.2956	0.0121	0.6209	
173848900	173849565	665	0.4511	0.1549	0.2932	
174067780	174067933	153	0.0	1.0	0.0	
174247205	174248136	931	0.2556	0.1633	0.5467	
174256996	174257141	145	0.8966	0.0	0.0276	
174667571	174669314	1743	0.0327	0.2719	0.6896	
174973482	174973693	211	0.8957	0.0	0.019	
175107837	175108372	535	0.5944	0.0729	0.2224	
175143966	175144808	842	0.3029	0.0534	0.595	
175181593	175182517	924	0.2587	0.0563	0.6461	
175400180	175401985	1805	0.2693	0.1069	0.5657	
175551562	175552165	603	0.325	0.0862	0.5605	
175586071	175587606	1535	0.6059	0.1518	0.1583	
176046000	176046168	168	0.8571	0.0298	0.0	
176213308	176214184	876	0.3642	0.1518	0.395	
176324322	176325585	1263	0.3032	0.1314	0.5424	
176898017	176898746	729	0.2593	0.2071	0.4952	
176959472	176960463	991	0.2926	0.0535	0.6125	
176973688	176975167	1479	0.1913	0.0669	0.7221	
177335544	177335730	186	0.8441	0.0	0.0914	
177785285	177786815	1530	0.402	0.1137	0.4294	
177787347	177787638	291	0.6942	0.1718	0.0309	
178038864	178041707	2843	0.0943	0.0095	0.8832	
178403772	178404689	917	0.0	1.0	0.0	
178457359	178457917	558	0.8154	0.0771	0.0269	
178544456	178545001	545	0.4972	0.0422	0.3798	
178935640	178937504	1864	0.2393	0.2044	0.5295	
179136258	179138148	1890	0.0709	0.081	0.8392	
179635999	179636337	338	0.0	1.0	0.0	
179715057	179715750	693	0.4012	0.0563	0.4661	
180202265	180202950	685	0.4394	0.181	0.3226	
180518070	180522949	4879	0.008	0.0506	0.9402	
180598396	180598691	295	0.0	1.0	0.0	
180921511	180921738	227	0.8899	0.0	0.0088	
181123592	181123879	287	0.4704	0.4564	0.0488	
181536243	181537327	1084	0.4899	0.0766	0.3884	
181653399	181653759	360	0.0	1.0	0.0	
181866887	181868297	1410	0.0965	0.0936	0.7688	
182383588	182384068	480	0.4646	0.1958	0.2667	
182392500	182392773	273	0.7363	0.0403	0.1136	
182456118	182459287	3169	0.1246	0.0893	0.7592	
182825226	182825945	719	0.5313	0.1516	0.1933	
183315610	183316415	805	0.3925	0.2186	0.3404	
183397670	183398507	837	0.3967	0.1302	0.411	
183837006	183838709	1703	0.3024	0.2601	0.3964	
184069707	184070722	1015	0.3833	0.0906	0.4335	
184072516	184073132	616	0.3799	0.3766	0.1981	
184118700	184120580	1880	0.0314	0.9665	0.0	
184181952	184182205	253	0.9407	0.004	0.0	
184418303	184418589	286	0.4825	0.2762	0.2098	
184680706	184680865	159	0.8868	0.0	0.0189	
184682333	184682579	246	0.8252	0.0163	0.0	
184701403	184701544	141	0.9716	0.0	0.0	
185163603	185163870	267	0.7378	0.1498	0.0599	
185835260	185835503	243	0.9547	0.0	0.0	
186288839	186291266	2427	0.1747	0.22	0.5711	
186649646	186650297	651	0.5392	0.1214	0.2719	
186670296	186670757	461	0.5206	0.0998	0.2473	
186845372	186845802	430	0.6256	0.0791	0.207	
186931373	186931623	250	0.792	0.028	0.036	
186946303	186946590	287	0.3798	0.4878	0.0662	
187046743	187051257	4514	0.035	0.1072	0.8514	
187146520	187146781	261	0.9004	0.0077	0.0077	
187351961	187352585	624	0.5625	0.1474	0.1667	
187416056	187416351	295	0.8203	0.0034	0.0712	
187760872	187761270	398	0.6156	0.2638	0.0377	
188095073	188095483	410	0.7463	0.0561	0.0537	
188518788	188519445	657	0.6164	0.0807	0.1674	
188815736	188816145	409	0.8068	0.0342	0.044	
188944226	188946675	2449	0.1237	0.1315	0.7097	
189259893	189260062	169	0.8935	0.0	0.0473	
189586912	189587198	286	0.7028	0.049	0.1189	
189862361	189862705	344	0.5843	0.2413	0.0872	
189888795	189890643	1848	0.3176	0.4713	0.1705	
189926066	189926484	418	0.5167	0.067	0.3158	
189928982	189931735	2753	0.3709	0.0574	0.5129	
190093196	190093350	154	0.6948	0.2792	0.0	
190107878	190108491	613	0.0	1.0	0.0	
190520616	190522363	1747	0.2667	0.3143	0.3847	
190653238	190654470	1232	0.6615	0.0657	0.1851	
190669429	190670038	609	0.6404	0.046	0.11	
190671416	190671688	272	0.75	0.0478	0.1507	
190682151	190682314	163	0.8405	0.0798	0.0429	
190810753	190812072	1319	0.3184	0.2039	0.4428	
191038566	191039115	549	0.7067	0.0182	0.2168	
191737212	191737488	276	0.8659	0.0688	0.0181	
191905989	191906742	753	0.6282	0.1753	0.0465	
192076237	192077475	1238	0.3861	0.1414	0.416	
192395950	192396118	168	0.7798	0.0476	0.0	
192433128	192433839	711	0.8411	0.0084	0.0675	
192605018	192606207	1189	0.1724	0.4239	0.3953	
192629342	192629784	442	0.5407	0.2805	0.086	
193132010	193133864	1854	0.4542	0.1224	0.3064	
193375212	193375707	495	0.0	1.0	0.0	
193386104	193386847	743	0.4428	0.07	0.4549	
193822364	193822583	219	0.9224	0.0046	0.0274	
193868145	193871732	3587	0.0998	0.1542	0.7151	
193981357	193982687	1330	0.1677	0.0789	0.7083	
195313408	195313597	189	0.9206	0.0	0.0053	
195678245	195679203	958	0.095	0.5501	0.3299	
196343367	196343542	175	0.9029	0.0229	0.0171	
196345510	196346015	505	0.5584	0.2158	0.105	
196645121	196648609	3488	0.1812	0.0143	0.7721	
196808730	196809506	776	0.4175	0.3943	0.1237	
197327466	197329201	1735	0.2807	0.2559	0.4294	
197360086	197360328	242	0.938	0.0248	0.0	
197376668	197377648	980	0.349	0.0684	0.5286	
197435225	197436878	1653	0.3993	0.176	0.3624	
197676513	197677574	1061	0.3186	0.2253	0.3911	
197951598	197952080	482	0.6784	0.139	0.0643	
199132547	199133333	786	0.2545	0.1641	0.5216	
199324858	199325078	220	0.8136	0.0182	0.0	
199677552	199677933	381	0.0	1.0	0.0	
199954504	199955337	833	0.2881	0.2533	0.4202	
199998210	199998597	387	0.6718	0.1163	0.0879	
200052109	200053324	1215	0.1292	0.0683	0.7877	
200900963	200901106	143	1.0	0.0	0.0	
200927083	200927594	511	0.501	0.0568	0.3933	
200953075	200953324	249	0.6104	0.1084	0.0763	
201020067	201020461	394	0.868	0.0076	0.0076	
201093348	201093738	390	0.6436	0.1231	0.1538	
201096943	201097222	279	0.4767	0.4337	0.0143	
201327719	201329285	1566	0.3161	0.2178	0.41	
201462886	201463247	361	0.8283	0.0139	0.0665	
201473240	201473470	230	0.8391	0.0304	0.0217	
201474002	201474149	147	0.9252	0.0	0.0	
202019411	202019872	461	0.5401	0.0477	0.3362	
202256963	202257246	283	0.6926	0.2438	0.0141	
202484701	202485086	385	0.4312	0.1662	0.3481	
202648906	202650040	1134	0.3554	0.0829	0.4718	
202812163	202812405	242	0.438	0.4587	0.0372	
203420767	203421435	668	0.2859	0.6647	0.009	
203493520	203494119	599	0.3139	0.1686	0.4841	
204052188	204052393	205	0.761	0.0732	0.1073	
204067848	204068361	513	0.9532	0.0	0.0	
204071221	204076066	4845	0.5728	0.0275	0.3542	
204198121	204203360	5239	0.1038	0.0416	0.8376	
204241269	204241557	288	0.3785	0.5208	0.0104	
204286275	204287021	746	0.5831	0.0375	0.3217	
204445237	204446172	935	0.5241	0.1668	0.1979	
204513904	204515308	1404	0.2422	0.0748	0.6503	
205252279	205252808	529	0.9149	0.0151	0.0	
205435171	205435506	335	0.8567	0.0239	0.0239	
205476278	205476484	206	0.8447	0.0388	0.0291	
205784783	205785003	220	0.0	1.0	0.0	
206221360	206221508	148	0.9392	0.0068	0.0068	
206337223	206339452	2229	0.5155	0.1566	0.2414	
206378077	206383323	5246	0.105	0.0051	0.875	
206642545	206642754	209	0.8995	0.0191	0.0096	
206691136	206691420	284	0.9401	0.0246	0.0141	
206712383	206712540	157	0.8917	0.051	0.0	
206725307	206725564	257	0.7004	0.214	0.0	
206868052	206868288	236	0.911	0.0042	0.0424	
206957880	206958492	612	0.3824	0.4036	0.1225	
206963302	206965041	1739	0.3496	0.088	0.5118	
207032582	207033148	566	0.7951	0.0389	0.0371	
207808525	207810839	2314	0.4831	0.1214	0.3375	
208356216	208356573	357	0.7955	0.1373	0.014	
208503147	208503633	486	0.5082	0.214	0.1934	
208817312	208817576	264	0.9129	0.0038	0.0114	
209230786	209230917	131	0.8702	0.1069	0.0	
209502227	209503100	873	0.3276	0.0722	0.5487	
209685693	209685918	225	0.8356	0.0356	0.0	
209767273	209768089	816	0.5257	0.1532	0.2549	
210099745	210100007	262	0.9122	0.0038	0.0229	
210185751	210186048	297	0.8081	0.1111	0.0168	
210740163	210740343	180	0.7167	0.1667	0.0333	
211032293	211033975	1682	0.3859	0.1029	0.4685	
211284397	211284581	184	0.9293	0.0054	0.0	
211385390	211386381	991	0.4359	0.2987	0.1806	
211473709	211474193	484	0.0	1.0	0.0	
211795792	211795987	195	0.9128	0.0154	0.0205	
211804669	211804982	313	0.7157	0.0863	0.0671	
211825315	211826818	1503	0.7784	0.0379	0.0865	
211845086	211845441	355	0.8197	0.0732	0.0254	
211865531	211865789	258	0.9031	0.0078	0.0194	
212003906	212004099	193	0.9067	0.0207	0.0	
212046496	212047604	1108	0.4007	0.0803	0.4585	
212434425	212435953	1528	0.2552	0.0949	0.6158	
213170670	213171299	629	0.2989	0.0731	0.601	
213177172	213177345	173	0.7919	0.0578	0.0173	
213486026	213486449	423	0.721	0.0095	0.1631	
213855579	213856027	448	0.7567	0.1161	0.0603	
214056781	214057059	278	0.9101	0.0036	0.036	
214221049	214221921	872	0.2706	0.0791	0.617	
214319597	214320246	649	0.0878	0.3436	0.5532	
214584019	214584678	659	0.5569	0.3263	0.0653	
214865635	214866366	731	0.4555	0.1436	0.3324	
214938050	214938423	373	0.8043	0.0965	0.0	
214955835	214957312	1477	0.5531	0.193	0.1672	
215039300	215040221	921	0.3301	0.2345	0.3779	
215391549	215392190	641	0.3229	0.0546	0.5944	
215663050	215663974	924	0.5411	0.079	0.3225	
215728099	215731065	2966	0.5118	0.1291	0.2738	
216220803	216222338	1535	0.3655	0.1557	0.4137	
216286263	216287073	810	0.4247	0.1025	0.3543	
216326062	216328627	2565	0.14	0.191	0.6522	
216330102	216330347	245	0.6653	0.0531	0.1714	
216841316	216843267	1951	0.488	0.1281	0.287	
216892577	216893250	673	0.2006	0.1798	0.5854	
217365623	217365865	242	0.8678	0.0083	0.0207	
218093149	218093999	850	0.2047	0.0659	0.7047	
218126257	218127324	1067	0.2437	0.2474	0.4948	
218792006	218792258	252	0.8214	0.0	0.0	
220256055	220256329	274	0.8029	0.0146	0.0292	
220609464	220609629	165	0.0303	0.9515	0.0	
220765583	220765763	180	0.0	1.0	0.0	
222469901	222470538	637	0.3862	0.1068	0.4474	
223202624	223202939	315	0.7778	0.0127	0.1206	
223625062	223625225	163	0.9387	0.0	0.0	
223683956	223685296	1340	0.4097	0.1381	0.3821	
223690738	223694800	4062	0.1241	0.0667	0.7866	
223993324	223994728	1404	0.3056	0.1652	0.4815	
225718411	225719037	626	0.2061	0.1118	0.6246	
225741474	225742269	795	0.1333	0.1082	0.683	
226178680	226179275	595	0.7866	0.0303	0.0387	
227341899	227342312	413	0.4939	0.4673	0.0	
228932579	228933701	1122	0.1916	0.0865	0.6961	
229386293	229386522	229	0.0	1.0	0.0	
229507013	229507305	292	0.0	1.0	0.0	
229507531	229510277	2746	0.0	1.0	0.0	
229554408	229554851	443	0.3792	0.0203	0.5779	
229726887	229727155	268	0.0	1.0	0.0	
230183299	230184517	1218	0.5534	0.064	0.2898	
230359208	230359606	398	0.5226	0.1508	0.2613	
230421949	230422347	398	0.505	0.3945	0.0377	
230823880	230824131	251	0.4104	0.3108	0.239	
230863716	230864131	415	0.4795	0.2072	0.2289	
231315967	231317565	1598	0.2785	0.1108	0.5738	
231531306	231531654	348	0.7471	0.0546	0.1121	
231961595	231961828	233	0.5494	0.3605	0.0129	
232020812	232021271	459	0.0	1.0	0.0	
232022411	232022940	529	0.0057	0.9924	0.0	
233221659	233221906	247	0.9595	0.0	0.0	
233743583	233744071	488	0.5471	0.2869	0.0451	
233839285	233840421	1136	0.4076	0.103	0.4366	
234716257	234717805	1548	0.4696	0.0362	0.4373	
234761441	234761813	372	0.8495	0.0215	0.0349	
235183117	235183347	230	0.9304	0.0	0.0174	
235199473	235202449	2976	0.3283	0.162	0.4563	
235207169	235207425	256	0.8086	0.0117	0.1055	
235236992	235237805	813	0.1759	0.0394	0.7786	
235745354	235745849	495	0.0	1.0	0.0	
235920181	235920421	240	0.775	0.0417	0.0958	
236261437	236262370	933	0.3473	0.1426	0.4502	
236374072	236374866	794	0.4169	0.2204	0.296	
236491311	236493342	2031	0.3708	0.2221	0.3319	
236561424	236561628	204	0.0	1.0	0.0	
236563050	236563926	876	0.0	1.0	0.0	
236578601	236578875	274	0.0	1.0	0.0	
236579218	236579707	489	0.0	1.0	0.0	
237067761	237068552	791	0.1896	0.0493	0.7257	
238291920	238293416	1496	0.1985	0.3356	0.381	
238666533	238667303	770	0.2532	0.0208	0.6922	
238973373	238974035	662	0.3761	0.21	0.3399	
239000657	239000803	146	0.911	0.0548	0.0	
239082196	239082368	172	0.8198	0.064	0.0058	
239083765	239085265	1500	0.3027	0.1147	0.5373	
239342402	239342691	289	0.0	1.0	0.0	
239533006	239533474	468	0.6838	0.094	0.0662	
239635116	239635611	495	0.8808	0.004	0.0121	
240104569	240104781	212	0.7123	0.1132	0.0047	
240108774	240109026	252	0.754	0.0119	0.1587	
240720336	240721193	857	0.6523	0.0933	0.1319	
241254085	241254293	208	0.7067	0.1442	0.0096	
241260190	241260520	330	0.8091	0.1303	0.0121	
241273436	241274070	634	0.5473	0.112	0.1751	
241313115	241313881	766	0.1789	0.188	0.6097	
241350022	241350847	825	0.3648	0.1758	0.3842	
241354034	241354396	362	0.8453	0.0414	0.0166	
241517997	241518907	910	0.5714	0.1571	0.1626	
241588354	241589317	963	0.4642	0.0945	0.3904	
242736615	242737240	625	0.424	0.0368	0.472	
242843867	242844413	546	0.8938	0.0	0.0	
243031319	243031506	187	0.9037	0.0	0.0107	
243075709	243075889	180	0.9167	0.0	0.0	
243090605	243091014	409	0.8557	0.0465	0.0342	
243130095	243130805	710	0.4592	0.0268	0.4577	
243151660	243152056	396	0.7071	0.0581	0.1667	
243644698	243644833	135	0.963	0.0148	0.0	
243645266	243645798	532	0.4549	0.0414	0.4455	
244212413	244212710	297	0.734	0.037	0.1077	
244341657	244342875	1218	0.4885	0.0985	0.3686	
244371672	244371863	191	0.8691	0.0	0.0262	
244495229	244495981	752	0.4109	0.113	0.4003	
244503422	244504539	1117	0.4485	0.1683	0.2489	
244529908	244530464	556	0.8345	0.0647	0.0162	
245234319	245234631	312	0.7885	0.0833	0.0224	
245267208	245268111	903	0.412	0.2436	0.2746	
245306387	245308126	1739	0.3749	0.1035	0.4543	
245403599	245403988	389	0.7661	0.0977	0.018	
245510759	245511347	588	0.6122	0.0952	0.131	
245539116	245539506	390	0.7513	0.0103	0.1256	
245629819	245630279	460	0.9326	0.0109	0.0	
245946766	245947726	960	0.1677	0.149	0.676	
245964488	245965376	888	0.1419	0.3018	0.5473	
246260498	246260809	311	0.8071	0.0032	0.0868	
246459425	246459660	235	0.9149	0.0	0.0	
246832769	246832972	203	0.2315	0.7143	0.0	
247437702	247437893	191	0.7382	0.0733	0.0681	
248076389	248076666	277	0.8014	0.1625	0.0	
248151245	248151994	749	0.534	0.1495	0.2603	
248159887	248160243	356	0.6713	0.1601	0.0843	
248165946	248166414	468	0.6368	0.0684	0.1624	
248172062	248174865	2803	0.2719	0.1331	0.5558	
248182682	248185513	2831	0.1123	0.178	0.7005	
248380224	248380385	161	0.9006	0.0062	0.0062	
248517365	248518170	805	0.1776	0.4273	0.3677	
248555659	248556239	580	0.4121	0.1966	0.3138	
249102267	249102725	458	0.4148	0.4345	0.0721	
250804621	250805351	730	0.2247	0.7466	0.0068	
250995946	250998343	2397	0.0617	0.0709	0.8569	
251240405	251240706	301	0.8571	0.0199	0.0199	
251607118	251608058	940	0.4011	0.0596	0.4532	
251760260	251760436	176	0.892	0.0	0.0057	
252360497	252360959	462	0.0	1.0	0.0	
252923071	252923255	184	0.875	0.0489	0.0	
253423304	253426081	2777	0.2737	0.1606	0.5157	
254295127	254295634	507	0.4339	0.1775	0.3235	
254608930	254609504	574	0.8188	0.0314	0.0697	
254984762	254984995	233	0.8197	0.0129	0.0	
255230127	255230305	178	0.9719	0.0	0.0	
255231803	255232392	589	0.4024	0.0187	0.5127	
255569204	255569512	308	0.8929	0.0	0.0357	
255658763	255658898	135	0.9333	0.0074	0.0	
255859659	255859831	172	0.8953	0.0116	0.0	
256094017	256094310	293	0.9488	0.0	0.0	
256293570	256293750	180	0.0	1.0	0.0	
256434412	256436447	2035	0.1445	0.2654	0.5676	
256505487	256506517	1030	0.0689	0.1485	0.7515	
256681049	256683369	2320	0.1616	0.1401	0.6828	
256874181	256874409	228	0.8991	0.0	0.0307	
256875652	256875931	279	0.7527	0.0502	0.0502	
256896537	256896738	201	0.9254	0.0	0.0149	
256966783	256967437	654	0.3486	0.0382	0.5826	
256968249	256968445	196	0.5918	0.1531	0.1531	
257039730	257040553	823	0.3803	0.1738	0.39	
257233803	257233960	157	0.0	1.0	0.0	
257306048	257306194	146	0.9589	0.0068	0.0	
257630774	257631012	238	0.8824	0.021	0.0126	
257981761	257982278	517	0.3772	0.0638	0.5435	
258436449	258437489	1040	0.5721	0.0558	0.2692	
258741480	258742012	532	0.8289	0.047	0.0132	
258864866	258865082	216	0.7083	0.1852	0.0324	
258874645	258874924	279	0.914	0.0143	0.0	
258877981	258878368	387	0.8191	0.0724	0.0413	
258880803	258881032	229	0.917	0.0044	0.0044	
259318840	259319270	430	0.6837	0.2605	0.0116	
259541844	259542238	394	0.4137	0.2919	0.2208	
259648166	259648346	180	0.9	0.0556	0.0	
259681690	259683798	2108	0.2543	0.0522	0.6414	
259686952	259687200	248	0.9032	0.0121	0.0	
259844831	259845070	239	0.9289	0.0	0.0293	
260291719	260292223	504	0.0	1.0	0.0	
260305751	260309286	3535	0.0877	0.196	0.6953	
260396537	260396729	192	0.8229	0.0052	0.0938	
260731531	260731901	370	0.7811	0.1054	0.0216	
260773982	260774187	205	0.9073	0.0	0.0049	
260837092	260839193	2101	0.5873	0.1276	0.2018	
260843343	260843575	232	0.8879	0.0603	0.0	
261105123	261105440	317	0.8612	0.0095	0.0221	
261135680	261136302	622	0.41	0.2267	0.2974	
261215471	261216956	1485	0.3798	0.0343	0.5354	
261248159	261248412	253	0.8893	0.0316	0.0	
261248905	261249590	685	0.5854	0.1387	0.1971	
261286752	261286988	236	0.8686	0.0	0.0254	
261384401	261384680	279	0.8459	0.0681	0.0072	
261466314	261466477	163	0.7975	0.0798	0.0307	
261567737	261567981	244	0.8689	0.0	0.0738	
261858072	261858454	382	0.0	1.0	0.0	
261912287	261912880	593	0.4486	0.2411	0.1619	
262332682	262332827	145	0.0	1.0	0.0	
262772604	262772960	356	0.6994	0.0225	0.1461	
262776204	262777315	1111	0.3564	0.2025	0.3996	
262792768	262793221	453	0.6623	0.1038	0.1302	
262877314	262877944	630	0.7476	0.0302	0.0381	
262878233	262878712	479	0.6117	0.3048	0.0042	
263382349	263382642	293	0.901	0.0	0.0137	
263387727	263389771	2044	0.3645	0.0925	0.4878	
263455446	263455716	270	0.8296	0.0074	0.0741	
263656266	263657006	740	0.0	1.0	0.0	
263659860	263660333	473	0.0	1.0	0.0	
263664618	263665085	467	0.3876	0.0236	0.5353	
264750813	264753266	2453	0.5479	0.1182	0.2295	
265020222	265023593	3371	0.1964	0.299	0.4512	
265337656	265340164	2508	0.3178	0.0554	0.5738	
265674125	265675485	1360	0.4684	0.0787	0.3772	
266817310	266817712	402	0.6393	0.3209	0.0	
266838489	266838821	332	0.8795	0.0211	0.0241	
266974933	266976592	1659	0.4244	0.088	0.4081	
267468581	267468738	157	0.9236	0.0	0.0318	
267469183	267469385	202	0.8069	0.0198	0.1386	
268217311	268217711	400	0.89	0.06	0.0	
268313867	268314331	464	0.694	0.1164	0.0302	
268346185	268346372	187	0.9091	0.0	0.0481	
268378168	268378538	370	0.0	1.0	0.0	
268598415	268598925	510	0.7882	0.0804	0.0471	
268599880	268600111	231	0.7706	0.0909	0.0216	
268678087	268678525	438	0.8265	0.0228	0.0571	
268684186	268684434	248	0.8831	0.0081	0.0363	
268724580	268725023	443	0.8691	0.0293	0.0068	
268725349	268726273	924	0.5617	0.2597	0.1212	
268847882	268848226	344	0.8808	0.0	0.064	
269030010	269030920	910	0.5648	0.2473	0.1154	
269142192	269149292	7100	0.0651	0.0442	0.8759	
269195626	269195862	236	0.5424	0.3347	0.0381	
269551761	269552406	645	0.0	1.0	0.0	
269558161	269558938	777	0.4839	0.0502	0.4131	
269563143	269563726	583	0.6278	0.1458	0.1492	
269574518	269574855	337	0.9169	0.0237	0.0089	
269589483	269592578	3095	0.1483	0.041	0.7897	
269592929	269593138	209	0.0	1.0	0.0	
269593559	269594063	504	0.5556	0.3889	0.0139	
269611573	269611734	161	0.0	1.0	0.0	
269879336	269879907	571	0.5149	0.3047	0.0595	
270399075	270399691	616	0.3003	0.1396	0.4951	
270859765	270860062	297	0.8519	0.0135	0.0572	
271016042	271016307	265	0.9057	0.0038	0.0075	
271016815	271018238	1423	0.461	0.2045	0.272	
271135613	271135795	182	0.0	1.0	0.0	
271341835	271342397	562	0.7206	0.0605	0.1299	
271352643	271354020	1377	0.313	0.1736	0.4808	
271363359	271363760	401	0.8005	0.0075	0.0374	
271425823	271426348	525	0.0	1.0	0.0	
271504676	271505157	481	0.7963	0.0395	0.0457	
271618325	271618935	610	0.0885	0.523	0.3672	
271732719	271732913	194	0.9485	0.0206	0.0	
271739877	271740307	430	0.5628	0.0186	0.3674	
272203425	272204580	1155	0.1835	0.0312	0.7758	
272363324	272364030	706	0.3725	0.0113	0.5722	
273206842	273209092	2250	0.1769	0.0871	0.716	
273552548	273552907	359	0.6574	0.1421	0.1281	
273630498	273630727	229	0.8603	0.0306	0.0087	
274035151	274035852	701	0.5207	0.1327	0.1883	
274258078	274258912	834	0.4436	0.0947	0.4149	
274269917	274270198	281	0.9858	0.0	0.0	
275014593	275015130	537	0.9013	0.0484	0.0149	
275036615	275036948	333	0.8619	0.03	0.027	
275189855	275190231	376	0.6622	0.1436	0.1144	
275766586	275767549	963	0.3043	0.0841	0.5722	
276087312	276087472	160	0.9375	0.0	0.0375	
276292784	276293134	350	0.7257	0.0543	0.1571	
276680701	276681069	368	0.8967	0.038	0.0027	
276704789	276705157	368	0.6984	0.0	0.0924	
276745394	276747036	1642	0.1888	0.011	0.7667	
276852769	276853259	490	0.0	1.0	0.0	
277015381	277016919	1538	0.8479	0.0358	0.0488	
277222371	277222538	167	0.7605	0.1317	0.024	
277260040	277260410	370	0.8108	0.0892	0.0054	
278283788	278283994	206	0.8883	0.0	0.0728	
278521805	278522403	598	0.7207	0.0602	0.107	
278594301	278594576	275	0.7964	0.0545	0.0545	
278731083	278731979	896	0.1987	0.0435	0.7433	
279131227	279131958	731	0.3365	0.1765	0.4692	
279296400	279296578	178	0.8989	0.0056	0.0169	
279369606	279370235	629	0.4277	0.0175	0.504	
280476580	280478086	1506	0.4595	0.1109	0.3599	
280641661	280642991	1330	0.4045	0.2774	0.2865	
280654315	280654548	233	0.8155	0.0043	0.0386	
280744610	280745532	922	0.2972	0.2256	0.4458	
281150727	281152358	1631	0.3538	0.1386	0.4457	
281188639	281189767	1128	0.3679	0.1809	0.406	
281190390	281190623	233	0.9657	0.0	0.0043	
281377708	281378339	631	0.7163	0.0285	0.141	
281415970	281417608	1638	0.428	0.1612	0.3327	
281481533	281484434	2901	0.1062	0.0665	0.809	
281485032	281485396	364	0.2005	0.4396	0.3242	
281493807	281493949	142	0.0	1.0	0.0	
281552280	281552917	637	0.3203	0.1962	0.449	
281818115	281818633	518	0.0	1.0	0.0	
281874344	281876765	2421	0.4267	0.1793	0.297	
281996654	281996820	166	0.9458	0.0241	0.0	
281997528	281999456	1928	0.2075	0.0316	0.7318	
282012153	282014533	2380	0.0803	0.0214	0.8916	
282017083	282022222	5139	0.3405	0.121	0.4748	
282335193	282336375	1182	0.4086	0.4924	0.0279	
282386664	282388118	1454	0.6121	0.0777	0.229	
282389522	282391437	1915	0.4162	0.046	0.4825	
282417515	282417880	365	0.6164	0.1781	0.1178	
282532218	282534048	1830	0.0825	0.0016	0.9098	
282627782	282628111	329	0.8845	0.0061	0.0091	
282644924	282645363	439	0.7039	0.205	0.0456	
282653494	282653644	150	0.8267	0.1067	0.0	
282823965	282824830	865	0.3295	0.1526	0.4694	
282825399	282826005	606	0.6271	0.165	0.0908	
283113367	283113876	509	0.7505	0.0629	0.0825	
283419682	283420374	692	0.8743	0.0043	0.0289	
283641089	283641460	371	0.6173	0.0728	0.2507	
283685025	283685204	179	0.9274	0.0	0.0	
283701157	283701601	444	0.0	1.0	0.0	
283738271	283740464	2193	0.5048	0.1619	0.2526	
283874803	283875085	282	0.7766	0.0177	0.0709	
283876363	283876723	360	0.0	1.0	0.0	
283877351	283878868	1517	0.6282	0.2109	0.0784	
283922624	283923309	685	0.7927	0.0204	0.092	
284349077	284349653	576	0.7708	0.0625	0.0521	
284646271	284646630	359	0.8134	0.0084	0.0808	
284709332	284709721	389	0.4267	0.3753	0.0977	
284758104	284760898	2794	0.408	0.1013	0.4395	
284911481	284911871	390	0.7744	0.0692	0.0359	
284968277	284969144	867	0.0	1.0	0.0	
285087339	285087564	225	0.84	0.0622	0.0222	
285132877	285133182	305	0.8492	0.023	0.0131	
285776910	285777693	783	0.3487	0.1903	0.4202	
285952262	285952438	176	0.0	1.0	0.0	
286115182	286115652	470	0.7787	0.0213	0.0362	
286158653	286158907	254	0.8622	0.0	0.0709	
286185179	286185491	312	0.7981	0.1058	0.0321	
286544646	286544860	214	0.8972	0.0	0.028	
287596286	287596461	175	0.8971	0.0	0.0171	
288549174	288551156	1982	0.5313	0.116	0.2846	
288983851	288984154	303	0.6139	0.2805	0.0693	
289415544	289416040	496	0.4899	0.1048	0.3266	
289922693	289922974	281	0.0	1.0	0.0	
290090938	290091252	314	0.8471	0.0541	0.0159	
290223330	290224414	1084	0.559	0.0175	0.3708	
290494784	290495163	379	0.591	0.0712	0.2111	
291132205	291133083	878	0.1572	0.0524	0.7608	
291283681	291284416	735	0.3823	0.1551	0.415	
291661460	291664980	3520	0.4889	0.1043	0.3312	
291687839	291690116	2277	0.5599	0.0795	0.2951	
291698178	291698356	178	0.9326	0.0	0.0225	
291774083	291774410	327	0.7034	0.1407	0.1131	
291975801	291976052	251	0.8725	0.0199	0.0	
292133148	292134850	1702	0.5887	0.0546	0.272	
292155927	292156800	873	0.8809	0.008	0.0332	
292218778	292218971	193	0.0	1.0	0.0	
293217330	293217660	330	0.6909	0.0818	0.0606	
293218531	293218936	405	0.484	0.4741	0.0074	
293404968	293405160	192	0.776	0.0469	0.0781	
293982813	293982992	179	0.7709	0.1061	0.0112	
293997457	293998335	878	0.1412	0.1765	0.6651	
294386336	294387650	1314	0.0	1.0	0.0	
294465964	294467257	1293	0.2583	0.1555	0.5282	
294516508	294516812	304	0.8618	0.0099	0.0164	
294520706	294520919	213	0.2723	0.5681	0.0235	
294585550	294587324	1774	0.5163	0.1793	0.217	
294741751	294742140	389	0.599	0.2468	0.0283	
295086992	295087220	228	0.5921	0.3246	0.0	
295167209	295168018	809	0.4376	0.1978	0.2583	
295843610	295843874	264	0.0	1.0	0.0	
295845286	295845608	322	0.0	1.0	0.0	
295846143	295846970	827	0.0	1.0	0.0	
297298632	297298903	271	0.8598	0.0111	0.0517	
297456694	297456957	263	0.9049	0.0	0.0152	
297492869	297493056	187	0.0	1.0	0.0	
297606304	297606452	148	0.9257	0.0068	0.0338	
297688592	297689752	1160	0.1802	0.0828	0.719	
297752438	297754254	1816	0.3877	0.0567	0.5083	
298328979	298330437	1458	0.2078	0.0377	0.7126	
298648688	298648960	272	0.7831	0.0184	0.1103	
299644379	299645251	872	0.2271	0.0677	0.6697	
299693989	299695766	1777	0.0664	0.2352	0.6736	
299764299	299765350	1051	0.0304	0.6984	0.2512	
299823093	299825901	2808	0.3077	0.0538	0.5734	
299880313	299880953	640	0.4391	0.0328	0.4688	
300075294	300077716	2422	0.0954	0.0656	0.8241	
300202995	300204160	1165	0.1004	0.0687	0.8146	
300223637	300224912	1275	0.2251	0.1247	0.6259	
300805307	300805515	208	0.0	1.0	0.0	
301351604	301352149	545	0.2367	0.0954	0.6183	
301411463	301411898	435	0.6552	0.1885	0.0943	
301643753	301644152	399	0.5865	0.1955	0.0301	
301756689	301758810	2121	0.199	0.2004	0.5714	
301935153	301935383	230	0.8435	0.0	0.0522	
302412468	302412950	482	0.6867	0.0747	0.1452	
302420519	302420835	316	0.8481	0.0032	0.0475	
302472951	302473191	240	0.1958	0.7375	0.0	
302508333	302509621	1288	0.5365	0.0598	0.3323	
303205804	303206552	748	0.0	1.0	0.0	
304252422	304253262	840	0.2381	0.3321	0.3893	
304602574	304602838	264	0.0	1.0	0.0	
304828722	304829662	940	0.1745	0.1085	0.6915	
304886283	304886624	341	0.7478	0.1173	0.0352	
304954291	304954552	261	0.5249	0.3946	0.0077	
305294003	305294384	381	0.7559	0.1129	0.0052	
305303601	305303797	196	0.8112	0.0204	0.0102	
305335527	305336476	949	0.255	0.1686	0.5195	
305375440	305376113	673	0.4903	0.1842	0.2689	
305407474	305408594	1120	0.4268	0.3545	0.1491	
305503662	305504724	1062	0.2401	0.1017	0.6092	
305508444	305508759	315	0.7492	0.1238	0.0127	
305524411	305524679	268	0.75	0.0187	0.1418	
305525104	305525967	863	0.2039	0.4565	0.3129	
305533541	305541829	8288	0.0708	0.0265	0.8888	
305562175	305562733	558	0.7545	0.0502	0.0287	
305784080	305784267	187	0.8663	0.0	0.0963	
306085565	306085855	290	0.8448	0.0414	0.0103	
306490023	306491244	1221	0.7404	0.0336	0.1466	
306800753	306802215	1462	0.2209	0.0739	0.6765	
307082762	307082933	171	0.0	1.0	0.0	
307721652	307722423	771	0.6342	0.2127	0.0506	
307728285	307728652	367	0.6894	0.1635	0.0381	
307921194	307921685	491	0.2261	0.3157	0.3523	
308630940	308631203	263	0.9202	0.0038	0.0152	
308730872	308731160	288	0.9028	0.0	0.0	
309003000	309005645	2645	0.1327	0.169	0.6752	
309345499	309345705	206	0.8447	0.0	0.0825	
309730381	309731491	1110	0.2505	0.173	0.5279	
309957043	309958831	1788	0.1527	0.0364	0.7903	
310220974	310221378	404	0.599	0.1287	0.1708	
310259650	310260689	1039	0.0	1.0	0.0	
310299180	310301341	2161	0.4544	0.0953	0.3781	
310383764	310384086	322	0.0	1.0	0.0	
310551996	310553086	1090	0.555	0.0881	0.2661	
310682623	310683661	1038	0.2139	0.185	0.5751	
310750077	310750828	751	0.3236	0.2317	0.3622	
311157385	311157667	282	0.8865	0.0	0.0248	
311175142	311175781	639	0.6072	0.0829	0.18	
311424821	311426187	1366	0.0234	0.1406	0.8346	
311625101	311625370	269	0.8773	0.0	0.0409	
312154492	312155565	1073	0.37	0.0671	0.5163	
312851161	312852778	1617	0.5096	0.1286	0.2721	
312891000	312891244	244	0.7705	0.127	0.0041	
313021105	313021350	245	0.8939	0.0286	0.0	
313082672	313084456	1784	0.5919	0.1149	0.1754	
313378733	313378874	141	0.0	1.0	0.0	
313448350	313448894	544	0.4614	0.2279	0.2335	
314090097	314092291	2194	0.165	0.1445	0.6641	
314125068	314126032	964	0.0519	0.3734	0.5643	
314453150	314453391	241	0.6307	0.2241	0.0041	
314741876	314745864	3988	0.1474	0.1673	0.6607	
314767998	314768194	196	0.0	1.0	0.0	
315099405	315101101	1696	0.2335	0.0879	0.6474	
315122464	315122916	452	0.8761	0.0332	0.0088	
315153100	315156356	3256	0.2257	0.164	0.5731	
315188985	315191947	2962	0.1661	0.1188	0.6901	
315283925	315285499	1574	0.6334	0.0489	0.2408	
315296177	315296773	596	0.3037	0.0923	0.5352	
315374279	315375269	990	0.3263	0.1364	0.4869	
315462225	315462736	511	0.3933	0.1213	0.4579	
315490419	315490643	224	0.8393	0.0804	0.0045	
315662411	315662927	516	0.2112	0.4593	0.2771	
316386000	316386744	744	0.5591	0.2836	0.0806	
316396700	316399010	2310	0.1433	0.1693	0.668	
316415456	316416199	743	0.5814	0.2127	0.0888	
316515987	316516668	681	0.8253	0.0132	0.0382	
316584826	316586238	1412	0.2741	0.0524	0.6339	
317617280	317617456	176	0.8807	0.0227	0.0227	
317632072	317632573	501	0.6687	0.1836	0.0758	
317721012	317721621	609	0.8736	0.0016	0.0181	
318180971	318183613	2642	0.1294	0.0537	0.796	
322273367	322274600	1233	0.399	0.3439	0.1695	
322331039	322332428	1389	0.2037	0.1713	0.5889	
322392798	322393865	1067	0.194	0.2034	0.5623	
322431384	322431592	208	0.8317	0.0192	0.0048	
322436399	322439262	2863	0.2448	0.1111	0.5973	
322659444	322659959	515	0.7417	0.033	0.1126	
322793495	322793732	237	0.5232	0.2363	0.1519	
322897678	322897851	173	0.8439	0.0231	0.0	
323150204	323150630	426	0.5235	0.1854	0.2254	
324359714	324360580	866	0.3487	0.3591	0.2552	
324413159	324414461	1302	0.2404	0.0476	0.6966	
324677095	324677346	251	0.6454	0.1275	0.0598	
324777024	324777479	455	0.5429	0.2791	0.1319	
325377178	325378158	980	0.0704	0.9031	0.0041	
326028182	326028358	176	0.9205	0.0	0.0114	
326151646	326152081	435	0.5517	0.1241	0.2391	
326457827	326458484	657	0.2694	0.691	0.0152	
326472348	326473487	1139	0.0544	0.1431	0.791	
326976090	326976327	237	0.6498	0.1772	0.0127	
327470166	327471434	1268	0.6293	0.0528	0.2035	
327769028	327769907	879	0.7235	0.0375	0.1274	
328238978	328239131	153	0.8758	0.0654	0.0	
328241487	328242245	758	0.3377	0.0106	0.5976	
328244107	328244797	690	0.2304	0.0725	0.6638	
328318001	328319426	1425	0.3144	0.127	0.4919	
328669406	328669910	504	0.5754	0.1468	0.2242	
329153283	329153528	245	0.8327	0.049	0.0041	
329227291	329227908	617	0.7147	0.1021	0.0357	
329726398	329727489	1091	0.2722	0.5069	0.1888	
330003699	330004346	647	0.5301	0.17	0.1963	
330111151	330111511	360	0.0	1.0	0.0	
330210519	330211169	650	0.4323	0.4108	0.1215	
330327452	330327827	375	0.632	0.312	0.0053	
330336957	330337614	657	0.5677	0.0213	0.3455	
330854287	330854740	453	0.6667	0.0927	0.1192	
330924561	330924842	281	0.5267	0.1566	0.2349	
335310862	335311102	240	0.8958	0.0	0.0083	
335567908	335569044	1136	0.794	0.0739	0.0317	
335946706	335946954	248	0.754	0.1169	0.0081	
336102607	336103278	671	0.3189	0.2027	0.4307	
336103887	336104412	525	0.0	1.0	0.0	
336128328	336129126	798	0.4925	0.0789	0.3596	
336154451	336155936	1485	0.2492	0.1791	0.5387	
336177030	336178411	1381	0.328	0.0594	0.5648	
336564090	336567031	2941	0.0537	0.0989	0.8341	
336644298	336648030	3732	0.1999	0.0932	0.6744	
336649081	336649442	361	0.892	0.0222	0.0139	
336788167	336789208	1041	0.2469	0.0317	0.7012	
336914415	336916212	1797	0.1408	0.0696	0.7741	
337288022	337288501	479	0.0	1.0	0.0	
337870113	337870493	380	0.0	1.0	0.0	
337870969	337871440	471	0.0	1.0	0.0	
337959447	337959602	155	0.8	0.129	0.0	
338376509	338376767	258	0.7752	0.0659	0.062	
338424172	338424369	197	0.5533	0.2284	0.0254	
338707737	338709252	1515	0.1564	0.0495	0.7842	
338778761	338778986	225	0.6933	0.1911	0.0533	
338840410	338840847	437	0.7941	0.0503	0.0206	
338922157	338923829	1672	0.125	0.1071	0.7028	
339197164	339197390	226	0.8407	0.0354	0.0133	
339283039	339283932	893	0.3942	0.0538	0.4636	
339293914	339294086	172	0.6628	0.2442	0.0349	
340902459	340904099	1640	0.3098	0.0604	0.5787	
340910641	340918870	8229	0.055	0.0094	0.9294	
340928371	340929929	1558	0.4365	0.2471	0.2567	
340944940	340945295	355	0.9296	0.0	0.0028	
340970338	340973186	2848	0.3402	0.0776	0.519	
341060642	341060808	166	0.7952	0.1024	0.0301	
341074776	341075560	784	0.3878	0.0548	0.5255	
341239240	341240324	1084	0.2998	0.0231	0.6347	
341317930	341318121	191	0.7277	0.0628	0.0733	
341326670	341327222	552	0.2971	0.0254	0.6214	
341366158	341366467	309	0.3916	0.0744	0.4822	
342016295	342017700	1405	0.2157	0.0434	0.721	
342291302	342291691	389	0.6915	0.126	0.1003	
342980597	342981215	618	0.3997	0.4919	0.0356	
343226680	343227874	1194	0.3534	0.2638	0.2956	
343343432	343343588	156	0.8718	0.0128	0.0	
343964204	343965476	1272	0.3113	0.0715	0.5692	
344041084	344042754	1670	0.4982	0.0287	0.4234	
344281445	344281794	349	0.7593	0.1175	0.0344	
344965741	344965931	190	0.7421	0.0737	0.0737	
345018753	345018921	168	0.8393	0.0	0.0476	
345020084	345020879	795	0.3723	0.0717	0.5082	
345183713	345183972	259	0.9035	0.0	0.0	
345327729	345328023	294	0.5204	0.0306	0.3741	
345931525	345932253	728	0.5659	0.0975	0.2266	
346159349	346159620	271	0.5387	0.0849	0.2768	
346528839	346529284	445	0.7551	0.0944	0.0652	
346540419	346540685	266	0.5714	0.3496	0.0	
346596883	346598174	1291	0.1805	0.1766	0.6212	
346676968	346678936	1968	0.2993	0.1026	0.5615	
347030495	347030985	490	0.3939	0.3612	0.2061	
347109655	347110474	819	0.348	0.1184	0.4518	
347357477	347357935	458	0.5808	0.214	0.0721	
347359665	347360815	1150	0.4122	0.127	0.4096	
347434999	347436518	1519	0.8697	0.0309	0.0184	
347457408	347457844	436	0.6697	0.039	0.1376	
347588392	347588653	261	0.7126	0.1494	0.0575	
348274350	348275178	828	0.2814	0.0447	0.6522	
348463356	348463563	207	0.0	1.0	0.0	
348883698	348884167	469	0.5117	0.162	0.2303	
349068246	349069550	1304	0.2515	0.2308	0.4778	
349129062	349129794	732	0.3798	0.1762	0.3716	
349170542	349171386	844	0.3258	0.3874	0.2251	
349189357	349189625	268	0.903	0.0224	0.0	
349219047	349227052	8005	0.0074	0.0782	0.9091	
349428469	349428835	366	0.8361	0.0082	0.0355	
350082099	350082360	261	0.8391	0.0307	0.0115	
350123366	350123700	334	0.4551	0.2665	0.2186	
350126964	350128504	1540	0.0831	0.1571	0.7526	
350194068	350195729	1661	0.5972	0.0325	0.2932	
350362421	350364754	2333	0.1316	0.048	0.7998	
350499416	350500147	731	0.617	0.093	0.1436	
350771317	350771806	489	0.411	0.1575	0.3804	
350808686	350808841	155	0.8645	0.0	0.0065	
350852718	350853927	1209	0.1332	0.8213	0.0223	
351326508	351327389	881	0.5743	0.0726	0.1941	
351329137	351329380	243	0.7078	0.2387	0.0	
351372426	351373092	666	0.6126	0.2417	0.0345	
351384768	351384964	196	0.8163	0.0306	0.0867	
351771915	351772147	232	0.9052	0.0	0.0043	
351981837	351983070	1233	0.2758	0.1119	0.5653	
352572329	352573217	888	0.5203	0.1475	0.2286	
353557887	353558422	535	0.5065	0.1364	0.2449	
353912256	353912466	210	0.0	1.0	0.0	
354095545	354096717	1172	0.2398	0.4283	0.2995	
354287514	354290250	2736	0.4477	0.0877	0.3918	
354296589	354296827	238	0.8109	0.0084	0.0588	
354307351	354308560	1209	0.4615	0.2084	0.2415	
354551767	354552844	1077	0.0	1.0	0.0	
354738675	354738906	231	0.0	1.0	0.0	
354739132	354739331	199	0.0	1.0	0.0	
354740521	354741508	987	0.0	1.0	0.0	
354981286	354981528	242	0.0	1.0	0.0	
355136920	355137107	187	0.877	0.0	0.0267	
355142940	355143277	337	0.8665	0.0148	0.0445	
355793764	355794017	253	0.7945	0.1265	0.0198	
355828579	355829584	1005	0.4985	0.0667	0.3224	
355880219	355880792	573	0.4084	0.103	0.4538	
355914431	355915092	661	0.6203	0.2057	0.1029	
355988014	355988985	971	0.3368	0.1617	0.415	
357463357	357463603	246	0.8455	0.0366	0.0366	
358174777	358175150	373	0.7775	0.0938	0.0536	
358459177	358460995	1818	0.3372	0.1051	0.5066	
358649343	358649617	274	0.8212	0.0365	0.0	
358801242	358803030	1788	0.2673	0.0134	0.6678	
358970306	358970546	240	0.9083	0.0125	0.0	
359560019	359564119	4100	0.2044	0.1241	0.6502	
359589731	359590020	289	0.609	0.2872	0.0311	
359675069	359675534	465	0.3161	0.3527	0.2538	
359759050	359759382	332	0.5392	0.4337	0.0	
359912511	359913440	929	0.1959	0.1991	0.549	
359961611	359962244	633	0.3791	0.2085	0.3507	
359963945	359965060	1115	0.5677	0.0673	0.2395	
360015750	360016798	1048	0.209	0.1832	0.5782	
360139320	360139473	153	0.8366	0.0065	0.0196	
360514716	360515153	437	0.54	0.1693	0.2609	
361160409	361161045	636	0.728	0.022	0.1242	
361277435	361277606	171	0.883	0.0351	0.0117	
361484815	361485177	362	0.8425	0.0331	0.0138	
361622397	361622819	422	0.4573	0.4573	0.0284	
361671117	361671692	575	0.3983	0.5043	0.0487	
361912930	361914825	1895	0.4844	0.0955	0.3451	
361920281	361920478	197	0.9289	0.0203	0.0051	
362140551	362140705	154	0.8831	0.039	0.026	
362431229	362431651	422	0.3602	0.1398	0.4621	
362974239	362974513	274	0.8796	0.0219	0.0401	
363195799	363196993	1194	0.6566	0.0193	0.2521	
363467283	363467499	216	0.4306	0.5	0.0093	
364113009	364113308	299	0.8629	0.0167	0.0602	
365022610	365022841	231	0.8225	0.0173	0.0433	
365978629	365979551	922	0.5488	0.0412	0.3286	
366196765	366197516	751	0.4181	0.0945	0.4607	
366636624	366636798	174	0.0	1.0	0.0	
367148668	367149298	630	0.2444	0.0635	0.6714	
368017752	368018811	1059	0.2653	0.0312	0.6893	
368024210	368024445	235	0.0553	0.9404	0.0	
368102156	368103615	1459	0.2488	0.0473	0.6683	
368154312	368155882	1570	0.4325	0.1197	0.4019	
368158392	368159092	700	0.41	0.1214	0.4243	
368906993	368908189	1196	0.1664	0.0343	0.7952	
368919118	368919274	156	0.891	0.0064	0.0192	
368940704	368941569	865	0.0	1.0	0.0	
369116816	369117758	942	0.4204	0.3673	0.1157	
369125771	369126255	484	0.8264	0.0413	0.0248	
369126968	369127998	1030	0.7942	0.0252	0.0835	
369402434	369403693	1259	0.4043	0.1295	0.4043	
369448546	369448728	182	0.9231	0.0	0.0	
369587751	369587959	208	0.9471	0.0	0.0	
369608657	369608934	277	0.9061	0.0289	0.0	
369680057	369680211	154	0.8636	0.0	0.0455	
369718170	369723562	5392	0.0406	0.0453	0.9078	
369966899	369967066	167	0.0	1.0	0.0	
370190787	370191072	285	0.0561	0.9263	0.014	
370747096	370748354	1258	0.5572	0.0684	0.2774	
370983289	370984295	1006	0.5169	0.174	0.2465	
371543534	371545431	1897	0.3205	0.1581	0.4491	
372607009	372607487	478	0.3159	0.6464	0.0063	
373050595	373051797	1202	0.6165	0.0216	0.2928	
373293908	373294326	418	0.6818	0.0335	0.189	
373331055	373331785	730	0.3329	0.1712	0.4534	
373965178	373965941	763	0.249	0.3355	0.3893	
373966499	373966988	489	0.4969	0.4049	0.0613	
374503404	374504003	599	0.429	0.1753	0.3372	
376747909	376748982	1073	0.3141	0.2488	0.3588	
377039815	377043749	3934	0.3104	0.0704	0.576	
377305291	377305665	374	0.4171	0.3235	0.107	
377316158	377318440	2282	0.5732	0.1139	0.234	
377397912	377398079	167	0.8802	0.0	0.0	
378099978	378100729	751	0.9294	0.0	0.0	
378246213	378247050	837	0.0	1.0	0.0	
378743089	378743395	306	0.817	0.1209	0.0163	
379793800	379794254	454	0.0	1.0	0.0	
379794384	379794882	498	0.0	1.0	0.0	
380650631	380650791	160	0.0	1.0	0.0	
380902984	380903685	701	0.5435	0.2867	0.0599	
381063910	381066610	2700	0.2681	0.1267	0.5644	
381088691	381091183	2492	0.2159	0.0698	0.6818	
381232589	381233268	679	0.7334	0.0898	0.0648	
381276440	381276725	285	0.8316	0.0386	0.0035	
381451454	381452596	1142	0.3231	0.1953	0.3897	
381748091	381749633	1542	0.893	0.0045	0.0363	
381878249	381878496	247	0.6761	0.2308	0.0648	
381972720	381974174	1454	0.359	0.0468	0.542	
382042658	382043233	575	0.3461	0.1704	0.4313	
382284840	382285098	258	0.0	1.0	0.0	
382335550	382336608	1058	0.758	0.1219	0.0217	
382382234	382383089	855	0.538	0.1006	0.2573	
382463975	382464264	289	0.782	0.1176	0.0035	
382532580	382532758	178	0.882	0.0	0.0	
383255991	383256266	275	0.8364	0.0327	0.0182	
383280333	383280721	388	0.8402	0.0464	0.0258	
383296985	383298309	1324	0.2379	0.1412	0.5816	
383477957	383478288	331	0.7704	0.0816	0.0332	
383570676	383572028	1352	0.5732	0.1479	0.2167	
383676029	383676203	174	0.9023	0.023	0.0	
383843991	383844221	230	0.7609	0.1696	0.0	
384540791	384541396	605	0.5769	0.0198	0.3868	
384754024	384754328	304	0.9145	0.0066	0.0296	
384908183	384908836	653	0.0827	0.6815	0.2159	
385011606	385011791	185	0.9568	0.0	0.0	
385308668	385309124	456	0.9364	0.0	0.011	
385421424	385421661	237	0.8776	0.0	0.0295	
385486655	385487154	499	0.6573	0.006	0.2866	
385572108	385573299	1191	0.5617	0.0067	0.3938	
385824589	385825827	1238	0.2536	0.0428	0.6745	
387595949	387596155	206	0.9126	0.0194	0.0	
387858073	387858579	506	0.2905	0.0099	0.67	
387897072	387897271	199	0.0	1.0	0.0	
387979666	387980983	1317	0.6727	0.0273	0.2073	
388030270	388030520	250	0.956	0.0	0.0	
388133874	388134083	209	0.9378	0.0239	0.0	
388418335	388418696	361	0.903	0.0277	0.0	
388474981	388475856	875	0.6926	0.0514	0.1829	
388513898	388514689	791	0.1972	0.0455	0.7459	
388571629	388571852	223	0.9507	0.0	0.0	
388572476	388572845	369	0.4011	0.4688	0.0407	
388870988	388871163	175	0.7029	0.0229	0.1486	
389202673	389203011	338	0.7663	0.0089	0.1183	
389367133	389367351	218	0.0	1.0	0.0	
389391308	389391828	520	0.4673	0.4462	0.0115	
389573446	389574038	592	0.9375	0.0	0.0	
389682059	389682532	473	0.8541	0.074	0.0021	
389758984	389759808	824	0.8835	0.0279	0.0206	
389873239	389873455	216	0.9213	0.0046	0.0185	
389984284	389984507	223	0.8924	0.0045	0.0135	
390186696	390187209	513	0.4094	0.1209	0.4211	
390243110	390243396	286	0.8601	0.021	0.035	
390283887	390285779	1892	0.1855	0.4292	0.3626	
390334968	390335612	644	0.104	0.3307	0.5373	
390426189	390426611	422	0.9621	0.0095	0.0095	
390491813	390492169	356	0.8961	0.0028	0.0028	
390873079	390873549	470	0.7106	0.0191	0.1702	
390893721	390893935	214	0.9533	0.0	0.014	
391173599	391173920	321	0.8941	0.0031	0.0062	
391203451	391204089	638	0.9295	0.0188	0.0	
391833356	391833575	219	0.9224	0.0	0.0137	
392134988	392136188	1200	0.6367	0.1033	0.1533	
392291384	392291620	236	0.9407	0.0	0.0	
392625681	392626700	1019	0.3376	0.1325	0.4711	
393818158	393819722	1564	0.7001	0.0997	0.1451	
393875029	393875179	150	0.9133	0.0067	0.0	
393879372	393879798	426	0.5305	0.2441	0.1432	
393902447	393903023	576	0.6354	0.1163	0.1806	
393903271	393904270	999	0.5656	0.0961	0.2633	
394429954	394430334	380	0.8842	0.0184	0.0079	
394574294	394576059	1765	0.2561	0.0969	0.6136	
395065991	395066615	624	0.8862	0.0737	0.0	
395239006	395240583	1577	0.3779	0.1427	0.3938	
395255259	395255631	372	0.0	1.0	0.0	
396138627	396138961	334	0.9102	0.006	0.006	
396411708	396411913	205	0.922	0.0	0.0098	
396532651	396535762	3111	0.1861	0.045	0.7258	
396993787	396995384	1597	0.3156	0.0971	0.5348	
396996629	396997202	573	0.7766	0.0716	0.0524	
397103465	397105506	2041	0.5732	0.0921	0.2602	
397227866	397229915	2049	0.1171	0.0952	0.7623	
397499187	397499663	476	0.5231	0.1597	0.187	
397621502	397627860	6358	0.028	0.0657	0.9012	
398353596	398355902	2306	0.4618	0.0893	0.3543	
398657728	398657938	210	0.919	0.0	0.0048	
398945015	398945242	227	0.8678	0.0044	0.0176	
399324248	399324761	513	0.3392	0.0955	0.5322	
399501126	399501282	156	0.0	1.0	0.0	
399612093	399612472	379	0.5383	0.2084	0.1372	
399929643	399929967	324	0.5741	0.358	0.0	
399999977	400000404	427	0.3372	0.1803	0.4239	
400094087	400095050	963	0.2658	0.4808	0.1745	
400357806	400358733	927	0.3679	0.2168	0.356	
401226906	401227388	482	0.4274	0.0726	0.4274	
401283033	401283544	511	0.7241	0.0391	0.1292	
401289950	401290212	262	0.7366	0.0344	0.0305	
401472855	401473192	337	0.9021	0.003	0.0267	
401479468	401481548	2080	0.5087	0.1505	0.2788	
401505624	401505824	200	0.945	0.0	0.0	
401580841	401581033	192	0.8854	0.0052	0.0625	
401735754	401735998	244	0.877	0.0123	0.0164	
401950013	401950182	169	0.9231	0.0	0.0237	
402321546	402321750	204	0.9608	0.0049	0.0049	
402671892	402672144	252	0.8889	0.004	0.0516	
403068605	403068914	309	0.644	0.2589	0.0129	
403110556	403110953	397	0.7708	0.0403	0.0806	
403149446	403149997	551	0.3902	0.0544	0.4936	
403315947	403316452	505	0.8317	0.0178	0.0277	
403330175	403330991	816	0.7181	0.0539	0.1275	
403423933	403424727	794	0.5768	0.1096	0.2544	
403426129	403426645	516	0.4205	0.1744	0.3488	
403554962	403555183	221	0.9276	0.0226	0.0	
403628509	403630963	2454	0.2905	0.2078	0.4397	
403653811	403655405	1594	0.1462	0.0402	0.8011	
403702090	403702394	304	0.8586	0.023	0.0296	
404276029	404276242	213	0.0	1.0	0.0	
404323570	404323926	356	0.8062	0.014	0.0281	
404371415	404371781	366	0.918	0.0219	0.0027	
404479983	404481242	1259	0.5743	0.0802	0.2486	
405099305	405099794	489	0.5092	0.3231	0.0736	
405404242	405405334	1092	0.3388	0.0604	0.5348	
405499396	405501881	2485	0.394	0.1175	0.4241	
405513660	405515216	1556	0.3593	0.1279	0.4756	
405522039	405522223	184	0.9511	0.0217	0.0	
405522719	405522970	251	0.8327	0.0398	0.0159	
405708192	405708738	546	0.8846	0.0348	0.0037	
406522087	406522706	619	0.2213	0.3716	0.357	
406699895	406700273	378	0.9233	0.0132	0.0053	
406717340	406718964	1624	0.4039	0.0844	0.4538	
406888926	406889206	280	0.0	1.0	0.0	
407148185	407148451	266	0.0	1.0	0.0	
407256116	407256567	451	0.4767	0.2306	0.1973	
407956964	407957139	175	0.7829	0.1486	0.0	
408051077	408051474	397	0.3602	0.0101	0.5844	
408178649	408180288	1639	0.496	0.3301	0.0598	
409002221	409003513	1292	0.2732	0.1556	0.5402	
410678861	410679641	780	0.2103	0.6231	0.1231	
410706968	410707141	173	0.8844	0.0289	0.0	
410710220	410711472	1252	0.3291	0.024	0.595	
410717446	410718784	1338	0.2795	0.1868	0.4903	
410739124	410739400	276	0.8732	0.0	0.0036	
410761906	410762509	603	0.3068	0.2819	0.3632	
410797652	410797850	198	0.8737	0.0051	0.0	
410807812	410807987	175	0.7771	0.0286	0.04	
410925341	410925783	442	0.3303	0.2715	0.2783	
410925971	410926251	280	0.9643	0.0	0.0	
410926870	410927108	238	0.9118	0.0084	0.0	
410952409	410952747	338	0.7485	0.0414	0.0148	
411108303	411109390	1087	0.3119	0.1849	0.4591	
411110495	411110832	337	0.7864	0.0861	0.0178	
411980049	411980473	424	0.2972	0.092	0.5472	
412581839	412582774	935	0.3294	0.108	0.5326	
412649335	412649980	645	0.3364	0.0047	0.614	
413581745	413582333	588	0.7483	0.0442	0.1531	
413585012	413585330	318	0.6038	0.1478	0.1887	
413585705	413586085	380	0.7895	0.1395	0.0053	
414203000	414203223	223	0.7489	0.0538	0.157	
414502592	414502838	246	0.9228	0.0	0.0081	
414503478	414503715	237	0.8143	0.0844	0.038	
414519941	414520666	725	0.5986	0.0276	0.3145	
415321301	415322741	1440	0.4056	0.0625	0.466	
415588939	415589169	230	0.8565	0.0043	0.0696	
415594967	415595181	214	0.8925	0.0093	0.0	
415595467	415596470	1003	0.7139	0.0499	0.1386	
415825580	415826213	633	0.7883	0.0521	0.0111	
416128710	416129061	351	0.094	0.8832	0.0	
416474955	416476132	1177	0.4112	0.2557	0.243	
416517342	416517548	206	0.9563	0.0	0.0	
417157177	417159286	2109	0.1465	0.0839	0.7373	
417348231	417348404	173	0.0	1.0	0.0	
417387369	417387958	589	0.3735	0.0085	0.562	
417456877	417457361	484	0.6612	0.1116	0.1302	
417705463	417705678	215	0.9535	0.014	0.0	
417899050	417899553	503	0.6183	0.0656	0.1272	
418208062	418210459	2397	0.1548	0.0096	0.8164	
418363360	418364145	785	0.4764	0.0828	0.3682	
418366637	418369991	3354	0.3211	0.1082	0.5447	
418522216	418522533	317	0.9054	0.0189	0.0	
419288149	419288311	162	0.9691	0.0	0.0	
419405189	419408232	3043	0.1614	0.0815	0.7381	
419410659	419411064	405	0.4741	0.2272	0.2593	
419418132	419418419	287	0.8223	0.0488	0.0383	
419424491	419425412	921	0.6352	0.1412	0.1042	
419432200	419435439	3239	0.2689	0.1087	0.5712	
419452813	419454180	1367	0.3372	0.4696	0.1405	
419478474	419485343	6869	0.0693	0.2121	0.7077	
419556333	419556773	440	0.5727	0.1409	0.1841	
419645672	419646278	606	0.3729	0.3746	0.2129	
419675423	419675639	216	0.9444	0.0046	0.0	
419682875	419683467	592	0.348	0.0541	0.5777	
420214044	420214301	257	0.8833	0.0117	0.0	
420758077	420758487	410	0.8	0.0244	0.0268	
420780186	420781815	1629	0.3622	0.1215	0.4604	
420976824	420977301	477	0.4444	0.0252	0.4444	
421089907	421091308	1401	0.2591	0.0107	0.7066	
421132242	421133552	1310	0.284	0.1565	0.5328	
421649903	421651142	1239	0.364	0.0581	0.5529	
421659587	421659897	310	0.9129	0.0	0.0097	
421676984	421679455	2471	0.4974	0.0684	0.3687	
421932670	421932899	229	0.9563	0.0087	0.0	
422030990	422031530	540	0.9519	0.0037	0.0019	
422391397	422391677	280	0.0	1.0	0.0	
422423440	422427660	4220	0.1028	0.0744	0.8085	
422494132	422495891	1759	0.4184	0.0102	0.5293	
422736747	422737014	267	0.0	1.0	0.0	
422970870	422971657	787	0.6252	0.0356	0.2363	
423117124	423117374	250	0.0	1.0	0.0	
423584855	423585682	827	0.3301	0.2696	0.3567	
423645429	423645788	359	0.0	1.0	0.0	
423801582	423802479	897	0.4827	0.0089	0.4214	
424569834	424570577	743	0.4213	0.1131	0.4105	
424571362	424572409	1047	0.3754	0.0086	0.553	
424760855	424763167	2312	0.1678	0.0636	0.7487	
424811654	424811917	263	0.7452	0.1179	0.0494	
425723936	425724764	828	0.9022	0.0399	0.0121	
425735008	425735913	905	0.6431	0.0575	0.2354	
425746985	425747154	169	0.9467	0.0	0.0059	
426451464	426452996	1532	0.1619	0.0633	0.7683	
426483862	426484588	726	0.9256	0.0041	0.0096	
426844325	426848062	3737	0.0669	0.0706	0.8493	
426892031	426892376	345	0.8174	0.0145	0.1101	
426921141	426924116	2975	0.3314	0.0746	0.5576	
426927243	426927442	199	0.8543	0.1055	0.0	
426948951	426951660	2709	0.3647	0.0668	0.5072	
426951809	426952107	298	0.8154	0.1007	0.0302	
427025318	427025515	197	0.0	1.0	0.0	
427546058	427546450	392	0.8393	0.0102	0.1046	
428390739	428390914	175	0.7829	0.0057	0.04	
428475298	428476699	1401	0.3797	0.2762	0.2912	
429231568	429232349	781	0.7798	0.0346	0.0359	
430660504	430660722	218	0.7706	0.055	0.0229	
430832596	430832814	218	0.0	1.0	0.0	
430856166	430856583	417	0.0	1.0	0.0	
431740229	431742519	2290	0.1913	0.1515	0.6376	
431896598	431896942	344	0.0	1.0	0.0	
431994620	431995028	408	0.0	1.0	0.0	
432695207	432696394	1187	0.4195	0.064	0.4524	
432730383	432730635	252	0.0	1.0	0.0	
432787971	432788418	447	0.5906	0.3065	0.0045	
432844188	432844864	676	0.3225	0.108	0.4601	
433784123	433784747	624	0.9375	0.0064	0.0	
433972204	433972358	154	0.9481	0.0	0.0	
433972998	433973152	154	0.9935	0.0	0.0	
433980342	433981553	1211	0.6953	0.0818	0.1354	
433984779	433985076	297	0.6498	0.1886	0.0741	
434003717	434004059	342	0.8743	0.076	0.0117	
434016898	434017366	468	0.7137	0.062	0.1197	
434037851	434039062	1211	0.7027	0.0966	0.076	
434047975	434048850	875	0.5566	0.0686	0.2811	
434800621	434801883	1262	0.2718	0.2433	0.4548	
435346531	435351633	5102	0.1127	0.0563	0.8087	
435354258	435354991	733	0.2647	0.0314	0.6644	
436162616	436164895	2279	0.1904	0.0167	0.7652	
436321504	436321715	211	0.9242	0.0047	0.0	
436576022	436577191	1169	0.2626	0.124	0.5646	
436584025	436584540	515	0.2816	0.035	0.6233	
436597833	436598176	343	0.3382	0.2391	0.3411	
436726983	436727501	518	0.6718	0.1081	0.1158	
437081400	437082598	1198	0.5885	0.0225	0.3564	
437234048	437235219	1171	0.5013	0.0726	0.3023	
437278296	437278623	327	0.8532	0.0581	0.0061	
437522098	437522893	795	0.3497	0.1623	0.4252	
437531601	437532009	408	0.7623	0.1397	0.0319	
437546108	437547356	1248	0.1691	0.0729	0.7212	
437631035	437631316	281	0.274	0.6441	0.0285	
438007617	438008732	1115	0.5426	0.1103	0.2726	
438019100	438020801	1701	0.5326	0.0288	0.3798	
438040954	438041280	326	0.9049	0.0184	0.0	
438130224	438131361	1137	0.5893	0.1741	0.1601	
438132065	438132324	259	0.9151	0.0309	0.0116	
438132492	438132857	365	0.6603	0.0795	0.1616	
438133264	438133689	425	0.2494	0.7388	0.0	
438156383	438158428	2045	0.6127	0.0244	0.2851	
438250847	438251230	383	0.5901	0.3029	0.0157	
438330255	438330520	265	0.7283	0.0151	0.117	
438385093	438385371	278	0.0	1.0	0.0	
438787647	438787846	199	0.9095	0.0251	0.0352	
438926168	438926390	222	0.7973	0.0766	0.0405	
439044908	439045453	545	0.5138	0.4128	0.0	
439185059	439185514	455	0.8901	0.0549	0.0	
439500562	439500970	408	0.25	0.6642	0.049	
439988147	439988360	213	0.9718	0.0	0.0094	
440285208	440286571	1363	0.4666	0.0873	0.3764	
440288029	440288470	441	0.5488	0.3447	0.0522	
440307903	440309733	1830	0.1415	0.0754	0.7339	
440397959	440398212	253	0.917	0.0079	0.004	
440917707	440918735	1028	0.2043	0.1605	0.6148	
440977423	440977686	263	0.3574	0.1331	0.4411	
441023326	441023951	625	0.7056	0.072	0.0928	
441041350	441041591	241	0.8382	0.0166	0.0664	
441562269	441563372	1103	0.2049	0.7643	0.0027	
441599925	441600104	179	0.8659	0.0447	0.0223	
441789791	441792462	2671	0.1363	0.0955	0.7413	
442018085	442018563	478	0.8054	0.0188	0.0502	
442194362	442194689	327	0.1651	0.8165	0.0	
442259997	442260378	381	0.7848	0.0105	0.0945	
442609155	442609537	382	0.0	1.0	0.0	
442840288	442840481	193	0.456	0.3938	0.0259	
442940545	442941466	921	0.3952	0.0662	0.4821	
442972198	442972385	187	0.9679	0.0	0.0	
443445602	443445781	179	0.4022	0.4749	0.0503	
443974396	443974649	253	0.83	0.004	0.0474	
444403366	444403578	212	0.684	0.1651	0.0613	
444917913	444919125	1212	0.4794	0.0784	0.3812	
445012361	445014107	1746	0.61	0.0682	0.2497	
445058464	445058708	244	0.918	0.0	0.0328	
446140231	446140481	250	0.852	0.036	0.012	
446974421	446975378	957	0.3939	0.116	0.4211	
446986218	446987377	1159	0.39	0.1294	0.4193	
447020123	447020912	789	0.3156	0.0735	0.5957	
447051157	447051356	199	0.8894	0.0151	0.0101	
447129776	447130269	493	0.9473	0.002	0.0061	
447182515	447184036	1521	0.2367	0.0644	0.6647	
447480758	447481017	259	0.0	1.0	0.0	
447933551	447938098	4547	0.2399	0.1388	0.5786	
448134485	448134780	295	0.3627	0.2508	0.3593	
448218604	448218954	350	0.3457	0.1514	0.4657	
449012642	449013287	645	0.5736	0.1783	0.1705	
449085591	449085877	286	0.6888	0.2657	0.0105	
449111680	449112114	434	0.6959	0.1682	0.0276	
449200545	449201883	1338	0.1106	0.0127	0.8759	
449916657	449916840	183	0.8142	0.1202	0.0	
450114709	450115066	357	0.7087	0.2325	0.0	
450247193	450247426	233	0.9614	0.0	0.0	
450260462	450261248	786	0.6628	0.0509	0.229	
450623690	450623942	252	0.8095	0.0119	0.0476	
450628467	450628843	376	0.4335	0.0133	0.5266	
450758040	450759106	1066	0.2805	0.1876	0.5028	
450766044	450766193	149	0.8859	0.0	0.0805	
451009560	451010512	952	0.3382	0.1744	0.4223	
451127132	451127864	732	0.2158	0.0423	0.7227	
451238573	451239465	892	0.4888	0.1547	0.2747	
451243913	451244119	206	0.8981	0.0243	0.0	
451464717	451464982	265	0.7509	0.0264	0.117	
451492744	451496161	3417	0.1159	0.0822	0.7814	
451520043	451520197	154	0.9675	0.0	0.0	
451550339	451550703	364	0.8764	0.022	0.022	
451595003	451595224	221	0.8507	0.0271	0.0	
451864113	451864544	431	0.8028	0.0557	0.0325	
452291981	452292191	210	0.3143	0.6476	0.0	
452910591	452911004	413	0.4939	0.1308	0.293	
452911950	452913179	1229	0.5932	0.1147	0.1985	
452929657	452931215	1558	0.2086	0.0148	0.7574	
452960805	452962401	1596	0.2663	0.2199	0.4505	
453542746	453543619	873	0.299	0.1031	0.5647	
453610381	453610572	191	0.9476	0.0	0.0209	
453762221	453762415	194	0.7577	0.0103	0.0412	
453783515	453787283	3768	0.2288	0.0833	0.6465	
453866380	453868351	1971	0.3475	0.0558	0.5251	
454246726	454246918	192	0.8385	0.0104	0.0677	
454547009	454547255	246	0.0	1.0	0.0	
455413745	455416788	3043	0.0838	0.0187	0.8909	
455423274	455423766	492	0.5467	0.1138	0.1504	
455423901	455426521	2620	0.1011	0.1779	0.7011	
456677763	456678135	372	0.4704	0.0054	0.4758	
457078302	457079260	958	0.6211	0.1952	0.0762	
457281248	457281868	620	0.6952	0.0565	0.1129	
457404018	457404279	261	0.7663	0.0421	0.023	
457833921	457834398	477	0.348	0.3082	0.3082	
457835226	457836141	915	0.1355	0.235	0.6219	
457939468	457939893	425	0.1341	0.8282	0.0	
458365697	458366641	944	0.053	0.536	0.3983	
458676229	458677131	902	0.2084	0.2428	0.4534	
459213537	459216993	3456	0.6126	0.1045	0.1664	
462758135	462758310	175	0.9029	0.0	0.0343	
462931413	462931609	196	0.949	0.0	0.0051	
463081196	463081417	221	0.0	1.0	0.0	
463719758	463720088	330	0.7576	0.1697	0.0303	
463721832	463722140	308	0.7825	0.0649	0.039	
465099661	465101825	2164	0.1072	0.0601	0.8101	
466621194	466621597	403	0.794	0.0596	0.0596	
470067604	470068551	947	0.2703	0.0591	0.6357	
471045962	471046340	378	0.0	1.0	0.0	
471947672	471949602	1930	0.1917	0.0311	0.7611	
472277928	472278164	236	0.0	1.0	0.0	
472928627	472929056	429	0.6643	0.1795	0.042	
472967772	472968311	539	0.7941	0.039	0.0965	
473254554	473254938	384	0.6276	0.2083	0.0547	
474517353	474517559	206	0.9175	0.0	0.0388	
474688621	474689516	895	0.3374	0.143	0.4749	
478721190	478729929	8739	0.0249	0.0351	0.9383	
478780906	478781812	906	0.4051	0.0287	0.5287	
479526541	479526779	238	0.6513	0.0462	0.1218	
481303626	481303839	213	0.784	0.0516	0.0235	
481886378	481886519	141	0.9645	0.0	0.0071	
482358394	482361017	2623	0.2547	0.1994	0.5059	
483395372	483396226	854	0.0	1.0	0.0	
483857959	483858169	210	0.0	1.0	0.0	
483982981	483983433	452	0.0	1.0	0.0	
483987011	483987307	296	0.0	1.0	0.0	
483990301	483990443	142	0.0	1.0	0.0	
484412664	484412914	250	0.0	1.0	0.0	
484422512	484422847	335	0.0	1.0	0.0	
484427005	484427424	419	0.0	1.0	0.0	
484522355	484522579	224	0.0	1.0	0.0	
484690354	484690516	162	0.0	1.0	0.0	
484995775	484996249	474	0.0	1.0	0.0	
484997228	484997408	180	0.0	1.0	0.0	
485214805	485215038	233	0.0	1.0	0.0	
485215282	485215579	297	0.0	1.0	0.0	
485313427	485313779	352	0.0	1.0	0.0	
485618398	485618658	260	0.0	1.0	0.0	
485690381	485690878	497	0.0	1.0	0.0	
485690934	485692198	1264	0.0	1.0	0.0	
485898815	485899230	415	0.0	1.0	0.0	
486182097	486183344	1247	0.0	1.0	0.0	
486183822	486184350	528	0.0	1.0	0.0	
486507376	486507668	292	0.0	1.0	0.0	
486510681	486510942	261	0.0	1.0	0.0	
486569011	486569691	680	0.0	1.0	0.0	
486918438	486918826	388	0.0	1.0	0.0	
487018675	487018945	270	0.0	1.0	0.0	
487596807	487597426	619	0.0	1.0	0.0	
487842135	487842617	482	0.0	1.0	0.0	
487883063	487883543	480	0.0	1.0	0.0	
487890696	487891420	724	0.0	1.0	0.0	
487999769	487999915	146	0.0	1.0	0.0	
488377241	488377807	566	0.0	1.0	0.0	
488833624	488834711	1087	0.0	1.0	0.0	
488838423	488838621	198	0.0	1.0	0.0	
489506571	489506976	405	0.0	1.0	0.0	
489673770	489674247	477	0.0	1.0	0.0	
489675230	489675515	285	0.0	1.0	0.0	
489688598	489689290	692	0.0	1.0	0.0	
489690194	489690574	380	0.0	1.0	0.0	
489703111	489703920	809	0.0	1.0	0.0	
489931447	489931739	292	0.0	1.0	0.0	
490336324	490336862	538	0.0	1.0	0.0	
490437223	490437443	220	0.0	1.0	0.0	
490919293	490920006	713	0.0	1.0	0.0	
