start	end	length	IDY	missing1	missing2	
1350242	1351173	931	0.3276	0.015	0.6122	
1884044	1884307	263	0.4183	0.4601	0.038	
2782226	2782385	159	0.9308	0.0	0.0	
2782605	2783406	801	0.015	0.3408	0.6292	
3326277	3326442	165	0.903	0.0	0.0242	
3671786	3674119	2333	0.3635	0.1226	0.4801	
3711148	3711410	262	0.9198	0.0229	0.0	
4463250	4464343	1093	0.2635	0.0174	0.6908	
4579361	4579779	418	0.2799	0.2057	0.4282	
5208282	5209224	942	0.4374	0.1518	0.3662	
5710571	5710743	172	0.8547	0.0058	0.0116	
5845321	5847031	1710	0.3094	0.1684	0.4883	
5933104	5933257	153	0.7843	0.1569	0.0	
7040026	7040684	658	0.3997	0.1489	0.3647	
7941820	7941986	166	0.8072	0.0181	0.0482	
8037074	8038258	1184	0.2677	0.1486	0.5405	
8223574	8223717	143	0.8601	0.0	0.0	
9427027	9428545	1518	0.1897	0.114	0.6765	
11936438	11937273	835	0.2743	0.103	0.5533	
12344360	12345786	1426	0.0	1.0	0.0	
13005754	13006629	875	0.1909	0.0229	0.7669	
13955622	13956451	829	0.5163	0.2593	0.1351	
13981956	13982099	143	0.8741	0.0	0.0	
14095991	14096327	336	0.8333	0.0119	0.0893	
14297166	14297331	165	0.9455	0.0	0.0061	
14749552	14750024	472	0.6801	0.1229	0.0636	
15516828	15518600	1772	0.2568	0.0734	0.6287	
15664073	15667739	3666	0.3202	0.0649	0.5603	
15814532	15814741	209	0.866	0.0	0.0574	
16577373	16578096	723	0.0	1.0	0.0	
17204389	17204567	178	0.9607	0.0	0.0169	
17943795	17944224	429	0.0	1.0	0.0	
18562115	18562994	879	0.4027	0.1399	0.4096	
18636032	18636235	203	0.7931	0.0	0.0443	
18983861	18984099	238	0.6975	0.1429	0.0336	
19487687	19487871	184	0.962	0.0	0.0	
19579899	19581144	1245	0.0	1.0	0.0	
21078364	21078630	266	0.6767	0.1128	0.1767	
21393945	21394641	696	0.0	1.0	0.0	
24212477	24212762	285	0.8596	0.0386	0.0	
25205272	25206919	1647	0.1773	0.1439	0.6466	
25874753	25876143	1390	0.1619	0.0417	0.7698	
26522446	26523060	614	0.3078	0.1091	0.5309	
27405648	27406068	420	0.0	1.0	0.0	
28300340	28300609	269	0.6766	0.0967	0.0483	
28301482	28303221	1739	0.0414	0.4416	0.4738	
28469472	28476358	6886	0.0508	0.025	0.9123	
29080904	29081071	167	0.9281	0.0	0.0	
29122081	29122397	316	0.8797	0.0	0.0063	
30207867	30209131	1264	0.3307	0.0166	0.6036	
31004037	31004478	441	0.5896	0.0612	0.2041	
31293018	31294952	1934	0.1727	0.0295	0.7766	
32736458	32738662	2204	0.1266	0.1534	0.7001	
33119079	33119266	187	0.5455	0.3048	0.0588	
34746369	34747191	822	0.3175	0.4453	0.1557	
35970722	35972248	1526	0.0	1.0	0.0	
35973409	35973580	171	0.0	1.0	0.0	
36871092	36871576	484	0.593	0.2645	0.0413	
37048000	37048219	219	0.8174	0.0822	0.0	
37711705	37712963	1258	0.1558	0.0111	0.8172	
39700144	39700843	699	0.2904	0.1245	0.5465	
40451084	40452451	1367	0.2977	0.338	0.3438	
40663880	40664353	473	0.5455	0.1734	0.1712	
40798217	40799662	1445	0.1391	0.0464	0.7972	
40842858	40843982	1124	0.3345	0.2473	0.3781	
41608294	41608597	303	0.0	1.0	0.0	
41623626	41625372	1746	0.2532	0.2234	0.4576	
42689908	42690374	466	0.0	1.0	0.0	
42735994	42738004	2010	0.1179	0.0418	0.8274	
42738156	42740627	2471	0.1777	0.0453	0.7398	
42907580	42907800	220	0.6	0.1909	0.1636	
44300198	44301993	1795	0.215	0.1226	0.6273	
44511216	44511349	133	0.9173	0.0	0.0376	
45520826	45522235	1409	0.2378	0.088	0.6182	
45957628	45958732	1104	0.0	1.0	0.0	
46607722	46608215	493	0.0	1.0	0.0	
47264276	47265600	1324	0.2636	0.1012	0.5846	
47787278	47788478	1200	0.0725	0.085	0.8242	
48489758	48491190	1432	0.2256	0.1585	0.5635	
48822105	48823469	1364	0.283	0.107	0.5587	
49342930	49343270	340	0.0	1.0	0.0	
49841320	49841576	256	0.875	0.0313	0.0	
49868192	49868511	319	0.0	1.0	0.0	
49894259	49894496	237	0.0	1.0	0.0	
50070608	50070897	289	0.436	0.4844	0.0035	
50761430	50762761	1331	0.3156	0.2434	0.3794	
50851685	50852069	384	0.25	0.6823	0.0052	
50967699	50967992	293	0.0	1.0	0.0	
51369515	51369930	415	0.7494	0.0723	0.0024	
51457123	51458161	1038	0.2004	0.2062	0.5713	
51474227	51475118	891	0.0	1.0	0.0	
52505992	52506616	624	0.0	1.0	0.0	
53563712	53564044	332	0.6506	0.262	0.0422	
55199335	55199572	237	0.0	1.0	0.0	
55291382	55292815	1433	0.2359	0.0733	0.6706	
55848297	55848476	179	0.8994	0.0112	0.0056	
55922059	55922470	411	0.618	0.1071	0.1825	
57141643	57142222	579	0.3282	0.3523	0.2556	
57250854	57251844	990	0.1788	0.0414	0.7566	
58568130	58570982	2852	0.0961	0.0245	0.8713	
59469997	59470820	823	0.6574	0.0146	0.2211	
60434608	60434818	210	0.0	1.0	0.0	
62716750	62717108	358	0.8408	0.0279	0.0279	
63880925	63881122	197	0.0	1.0	0.0	
64861986	64862480	494	0.4514	0.0405	0.4615	
64864868	64865347	479	0.7954	0.048	0.0167	
66553468	66554157	689	0.2395	0.2612	0.4412	
67339274	67341158	1884	0.3726	0.163	0.4007	
68432405	68432822	417	0.9233	0.0	0.0	
70788459	70788876	417	0.8969	0.0312	0.0072	
70799466	70803082	3616	0.2685	0.1875	0.4912	
70917714	70917878	164	0.878	0.0	0.0122	
72158048	72158316	268	0.8507	0.0	0.0597	
73090982	73091328	346	0.0	1.0	0.0	
73537371	73537631	260	0.7615	0.0	0.1038	
75013804	75014275	471	0.6815	0.2463	0.0276	
75502651	75502931	280	0.5536	0.05	0.2893	
75521979	75523121	1142	0.2548	0.2382	0.4711	
75525857	75527025	1168	0.2072	0.2611	0.506	
75991019	75992221	1202	0.0	1.0	0.0	
77625793	77626825	1032	0.188	0.2703	0.5058	
77705314	77705896	582	0.0	1.0	0.0	
77706714	77707013	299	0.0	1.0	0.0	
77707359	77707792	433	0.0	1.0	0.0	
78348435	78349314	879	0.0	1.0	0.0	
78921999	78922215	216	0.4676	0.2407	0.2407	
79496000	79496646	646	0.8731	0.0	0.0139	
80138785	80139951	1166	0.2942	0.2916	0.325	
80862668	80864219	1551	0.3372	0.1122	0.5229	
81469141	81471381	2240	0.071	0.0165	0.9076	
81541094	81541767	673	0.416	0.2927	0.2125	
81565113	81565293	180	0.85	0.0	0.0111	
81567882	81569233	1351	0.1281	0.1088	0.7461	
81683273	81683497	224	0.8214	0.0268	0.1071	
82619197	82619875	678	0.0	1.0	0.0	
82689935	82690076	141	0.1135	0.6383	0.0071	
82815508	82816266	758	0.3338	0.3786	0.2507	
84115668	84115850	182	0.2418	0.533	0.0495	
84937850	84938113	263	0.0	1.0	0.0	
84992873	84993079	206	0.7427	0.0534	0.1359	
85177216	85177421	205	0.9024	0.0	0.0146	
85379562	85381531	1969	0.3174	0.1285	0.4845	
85569867	85570043	176	0.9545	0.0	0.0	
85953108	85957595	4487	0.1259	0.0727	0.7745	
86297547	86299846	2299	0.194	0.0857	0.6842	
86302845	86303820	975	0.3272	0.1395	0.4677	
87824319	87824631	312	0.7724	0.0801	0.0385	
88453468	88454342	874	0.1739	0.087	0.6739	
88913013	88917161	4148	0.1102	0.0716	0.7919	
88963635	88965002	1367	0.2926	0.1683	0.5157	
88971727	88973477	1750	0.3737	0.1314	0.432	
88995927	88997494	1567	0.1883	0.1723	0.612	
90611117	90611751	634	0.2792	0.0741	0.6199	
90929756	90929966	210	0.5143	0.1	0.2619	
91564280	91565357	1077	0.2591	0.1226	0.571	
91572335	91573656	1321	0.3013	0.1325	0.5125	
92409427	92409889	462	0.5498	0.2771	0.1234	
93268811	93269673	862	0.2274	0.1531	0.5545	
93270896	93273169	2273	0.5055	0.121	0.2868	
93450849	93450990	141	0.8511	0.0496	0.0142	
93517413	93517555	142	0.6972	0.0775	0.0423	
93773295	93773479	184	0.0	1.0	0.0	
94306514	94306746	232	0.9095	0.0043	0.0	
96752441	96754306	1865	0.1812	0.0472	0.7507	
97610779	97611078	299	0.4749	0.1304	0.311	
97815713	97816784	1071	0.24	0.212	0.4949	
98279109	98279806	697	0.5868	0.2453	0.0775	
98734944	98735841	897	0.4738	0.0401	0.3902	
100119353	100125024	5671	0.1712	0.1936	0.6147	
100163067	100164837	1770	0.174	0.0571	0.7379	
100281646	100281827	181	0.0	1.0	0.0	
101317246	101318708	1462	0.3454	0.1792	0.3824	
102302427	102306420	3993	0.0303	0.0323	0.9336	
102904558	102904758	200	0.3	0.455	0.175	
103636201	103636594	393	0.0	1.0	0.0	
104111860	104112108	248	0.7702	0.1008	0.0645	
105691771	105692608	837	0.3011	0.1685	0.4767	
110172098	110173012	914	0.2046	0.047	0.6969	
110251801	110252911	1110	0.1721	0.0739	0.7225	
112296714	112297701	987	0.0841	0.3546	0.5502	
112437074	112440812	3738	0.2972	0.1394	0.5241	
112820132	112820599	467	0.0343	0.9443	0.0021	
112973670	112973915	245	0.0	1.0	0.0	
113073350	113073947	597	0.2412	0.0704	0.6667	
113397877	113398984	1107	0.1987	0.1481	0.5899	
113434561	113435152	591	0.3046	0.0203	0.6379	
116519655	116519796	141	0.9433	0.0	0.0	
117642305	117643962	1657	0.1581	0.0241	0.8087	
118409675	118410811	1136	0.4155	0.0695	0.4331	
118713648	118714293	645	0.5225	0.0682	0.3271	
119006319	119007579	1260	0.4444	0.1651	0.3349	
120496973	120498135	1162	0.117	0.0835	0.7788	
120617344	120621006	3662	0.062	0.0066	0.9238	
121151158	121153821	2663	0.2058	0.0345	0.7184	
121326870	121327715	845	0.3373	0.0627	0.5515	
121492439	121493631	1192	0.2844	0.2357	0.4513	
121571939	121572223	284	0.0	1.0	0.0	
121578204	121578922	718	0.0	1.0	0.0	
121929681	121930302	621	0.3961	0.1176	0.4444	
122336668	122336838	170	0.8529	0.0294	0.0	
122896166	122896435	269	0.5056	0.0595	0.342	
128199347	128201394	2047	0.1065	0.0254	0.8549	
128573629	128573894	265	0.0	1.0	0.0	
128765594	128766435	841	0.3781	0.1356	0.4185	
129462112	129462881	769	0.2692	0.0481	0.6333	
130879355	130880262	907	0.2503	0.2359	0.4719	
131545624	131545789	165	0.8061	0.1333	0.0	
132138867	132139139	272	0.6397	0.2904	0.0037	
133113630	133114227	597	0.6968	0.1457	0.0469	
133829981	133831713	1732	0.1807	0.0121	0.7818	
133966031	133966199	168	0.8869	0.0179	0.0	
134245250	134246046	796	0.2286	0.0553	0.6608	
134588759	134589009	250	0.504	0.252	0.16	
134795851	134797046	1195	0.1649	0.1264	0.6703	
135055230	135059393	4163	0.1641	0.0956	0.719	
135066624	135067496	872	0.2007	0.195	0.5826	
135744181	135744426	245	0.8612	0.0286	0.0041	
137190172	137195515	5343	0.0135	0.1132	0.8703	
139210538	139211290	752	0.0	1.0	0.0	
140089235	140089396	161	0.7453	0.0683	0.0559	
141603579	141606545	2966	0.0745	0.1113	0.8078	
141610413	141613027	2614	0.2548	0.0845	0.6178	
141639135	141639925	790	0.2759	0.2177	0.4456	
141801288	141801680	392	0.0	1.0	0.0	
141805979	141806406	427	0.0	1.0	0.0	
142344880	142345822	942	0.2505	0.0011	0.7272	
142364917	142365168	251	0.7131	0.0558	0.0677	
142993117	142994362	1245	0.1936	0.0586	0.698	
147221439	147223340	1901	0.2441	0.0437	0.6959	
148209164	148210342	1178	0.0	1.0	0.0	
148212966	148213228	262	0.0	1.0	0.0	
148220268	148220697	429	0.5594	0.2727	0.0862	
149339558	149347133	7575	0.0638	0.0448	0.8805	
149457657	149459074	1417	0.1482	0.1884	0.6478	
149964193	149964462	269	0.5911	0.0855	0.2045	
150654315	150654540	225	0.8133	0.0044	0.04	
150844951	150845108	157	0.828	0.0	0.0127	
152375981	152376286	305	0.0	1.0	0.0	
152592040	152593063	1023	0.1955	0.0772	0.696	
152632522	152634399	1877	0.3516	0.0304	0.5647	
152702193	152702603	410	0.5122	0.1732	0.2415	
152728582	152728800	218	0.5826	0.3532	0.0183	
152746850	152748621	1771	0.4992	0.1118	0.2857	
152987525	152990781	3256	0.1127	0.0765	0.7958	
153198591	153198818	227	0.0	1.0	0.0	
153593519	153593742	223	0.0	1.0	0.0	
153715881	153718222	2341	0.1909	0.1444	0.6326	
153766036	153766270	234	0.3248	0.5812	0.0043	
154917539	154917734	195	0.0	1.0	0.0	
155135794	155136041	247	0.2753	0.664	0.004	
155284425	155285156	731	0.3776	0.0219	0.554	
155423238	155424089	851	0.3055	0.1692	0.5006	
155808717	155809388	671	0.237	0.1937	0.5276	
155907926	155908436	510	0.3471	0.0235	0.5588	
156585685	156586027	342	0.0	1.0	0.0	
158240640	158242372	1732	0.1282	0.1824	0.6767	
159531528	159532128	600	0.0	1.0	0.0	
159709781	159710131	350	0.0	1.0	0.0	
162398866	162399253	387	0.0	1.0	0.0	
163697847	163698220	373	0.0	1.0	0.0	
165678989	165679591	602	0.5282	0.0963	0.2442	
166180747	166180910	163	0.9755	0.0061	0.0	
166375667	166376267	600	0.2583	0.025	0.675	
167161164	167161424	260	0.9154	0.0231	0.0038	
167262662	167262907	245	0.0	1.0	0.0	
167407308	167409271	1963	0.2033	0.2787	0.4977	
167695236	167695884	648	0.6111	0.1173	0.0818	
168327793	168328027	234	0.7265	0.1068	0.0214	
168464408	168464909	501	0.4511	0.2555	0.2315	
168749340	168749531	191	0.8377	0.0	0.0733	
170269343	170275429	6086	0.2175	0.0973	0.652	
170447179	170447386	207	0.0	1.0	0.0	
171349091	171351468	2377	0.1939	0.0572	0.7244	
172225722	172228337	2615	0.2979	0.1075	0.5338	
172445325	172447440	2115	0.1017	0.2936	0.5877	
172824968	172826656	1688	0.4722	0.0823	0.3667	
174067780	174067933	153	0.0	1.0	0.0	
174667571	174669314	1743	0.0327	0.2719	0.6896	
175181593	175182517	924	0.2587	0.0563	0.6461	
176046000	176046168	168	0.8571	0.0298	0.0	
176898017	176898746	729	0.2593	0.2071	0.4952	
176959472	176960463	991	0.2926	0.0535	0.6125	
177785285	177786815	1530	0.402	0.1137	0.4294	
178038864	178041707	2843	0.0943	0.0095	0.8832	
178403772	178404689	917	0.0	1.0	0.0	
179136258	179138148	1890	0.0709	0.081	0.8392	
180518070	180522949	4879	0.008	0.0506	0.9402	
180598396	180598691	295	0.0	1.0	0.0	
180921511	180921738	227	0.8899	0.0	0.0088	
181536243	181537327	1084	0.4899	0.0766	0.3884	
181653399	181653759	360	0.0	1.0	0.0	
181866887	181868297	1410	0.0965	0.0936	0.7688	
182392500	182392773	273	0.7363	0.0403	0.1136	
182456118	182459287	3169	0.1246	0.0893	0.7592	
183837006	183838709	1703	0.3024	0.2601	0.3964	
184118700	184120580	1880	0.0314	0.9665	0.0	
186931373	186931623	250	0.792	0.028	0.036	
186946303	186946590	287	0.3798	0.4878	0.0662	
187046743	187051257	4514	0.035	0.1072	0.8514	
188815736	188816145	409	0.8068	0.0342	0.044	
188944226	188946675	2449	0.1237	0.1315	0.7097	
189259893	189260062	169	0.8935	0.0	0.0473	
190093196	190093350	154	0.6948	0.2792	0.0	
190810753	190812072	1319	0.3184	0.2039	0.4428	
191737212	191737488	276	0.8659	0.0688	0.0181	
192395950	192396118	168	0.7798	0.0476	0.0	
192629342	192629784	442	0.5407	0.2805	0.086	
193132010	193133864	1854	0.4542	0.1224	0.3064	
193375212	193375707	495	0.0	1.0	0.0	
193868145	193871732	3587	0.0998	0.1542	0.7151	
196645121	196648609	3488	0.1812	0.0143	0.7721	
197951598	197952080	482	0.6784	0.139	0.0643	
199677552	199677933	381	0.0	1.0	0.0	
200953075	200953324	249	0.6104	0.1084	0.0763	
201020067	201020461	394	0.868	0.0076	0.0076	
201093348	201093738	390	0.6436	0.1231	0.1538	
201096943	201097222	279	0.4767	0.4337	0.0143	
201327719	201329285	1566	0.3161	0.2178	0.41	
201473240	201473470	230	0.8391	0.0304	0.0217	
201474002	201474149	147	0.9252	0.0	0.0	
202019411	202019872	461	0.5401	0.0477	0.3362	
202812163	202812405	242	0.438	0.4587	0.0372	
204198121	204203360	5239	0.1038	0.0416	0.8376	
204241269	204241557	288	0.3785	0.5208	0.0104	
205252279	205252808	529	0.9149	0.0151	0.0	
205435171	205435506	335	0.8567	0.0239	0.0239	
205476278	205476484	206	0.8447	0.0388	0.0291	
205784783	205785003	220	0.0	1.0	0.0	
206378077	206383323	5246	0.105	0.0051	0.875	
206725307	206725564	257	0.7004	0.214	0.0	
209685693	209685918	225	0.8356	0.0356	0.0	
211032293	211033975	1682	0.3859	0.1029	0.4685	
211284397	211284581	184	0.9293	0.0054	0.0	
211385390	211386381	991	0.4359	0.2987	0.1806	
211795792	211795987	195	0.9128	0.0154	0.0205	
212046496	212047604	1108	0.4007	0.0803	0.4585	
213170670	213171299	629	0.2989	0.0731	0.601	
214221049	214221921	872	0.2706	0.0791	0.617	
214319597	214320246	649	0.0878	0.3436	0.5532	
215728099	215731065	2966	0.5118	0.1291	0.2738	
216326062	216328627	2565	0.14	0.191	0.6522	
216892577	216893250	673	0.2006	0.1798	0.5854	
218093149	218093999	850	0.2047	0.0659	0.7047	
218126257	218127324	1067	0.2437	0.2474	0.4948	
220609464	220609629	165	0.0303	0.9515	0.0	
220765583	220765763	180	0.0	1.0	0.0	
223683956	223685296	1340	0.4097	0.1381	0.3821	
223690738	223694800	4062	0.1241	0.0667	0.7866	
225718411	225719037	626	0.2061	0.1118	0.6246	
225741474	225742269	795	0.1333	0.1082	0.683	
228932579	228933701	1122	0.1916	0.0865	0.6961	
229386293	229386522	229	0.0	1.0	0.0	
229507013	229507305	292	0.0	1.0	0.0	
229507531	229510277	2746	0.0	1.0	0.0	
229726887	229727155	268	0.0	1.0	0.0	
230183299	230184517	1218	0.5534	0.064	0.2898	
232020812	232021271	459	0.0	1.0	0.0	
232022411	232022940	529	0.0057	0.9924	0.0	
233839285	233840421	1136	0.4076	0.103	0.4366	
235199473	235202449	2976	0.3283	0.162	0.4563	
235920181	235920421	240	0.775	0.0417	0.0958	
236261437	236262370	933	0.3473	0.1426	0.4502	
236561424	236561628	204	0.0	1.0	0.0	
236563050	236563926	876	0.0	1.0	0.0	
236578601	236578875	274	0.0	1.0	0.0	
236579218	236579707	489	0.0	1.0	0.0	
237067761	237068552	791	0.1896	0.0493	0.7257	
239083765	239085265	1500	0.3027	0.1147	0.5373	
239342402	239342691	289	0.0	1.0	0.0	
240104569	240104781	212	0.7123	0.1132	0.0047	
240720336	240721193	857	0.6523	0.0933	0.1319	
241313115	241313881	766	0.1789	0.188	0.6097	
241517997	241518907	910	0.5714	0.1571	0.1626	
241588354	241589317	963	0.4642	0.0945	0.3904	
243031319	243031506	187	0.9037	0.0	0.0107	
243644698	243644833	135	0.963	0.0148	0.0	
244503422	244504539	1117	0.4485	0.1683	0.2489	
245267208	245268111	903	0.412	0.2436	0.2746	
245306387	245308126	1739	0.3749	0.1035	0.4543	
245964488	245965376	888	0.1419	0.3018	0.5473	
246459425	246459660	235	0.9149	0.0	0.0	
246832769	246832972	203	0.2315	0.7143	0.0	
247437702	247437893	191	0.7382	0.0733	0.0681	
248076389	248076666	277	0.8014	0.1625	0.0	
248182682	248185513	2831	0.1123	0.178	0.7005	
248380224	248380385	161	0.9006	0.0062	0.0062	
248517365	248518170	805	0.1776	0.4273	0.3677	
248555659	248556239	580	0.4121	0.1966	0.3138	
250804621	250805351	730	0.2247	0.7466	0.0068	
250995946	250998343	2397	0.0617	0.0709	0.8569	
254295127	254295634	507	0.4339	0.1775	0.3235	
254984762	254984995	233	0.8197	0.0129	0.0	
255230127	255230305	178	0.9719	0.0	0.0	
255231803	255232392	589	0.4024	0.0187	0.5127	
255658763	255658898	135	0.9333	0.0074	0.0	
255859659	255859831	172	0.8953	0.0116	0.0	
256293570	256293750	180	0.0	1.0	0.0	
256505487	256506517	1030	0.0689	0.1485	0.7515	
256681049	256683369	2320	0.1616	0.1401	0.6828	
256966783	256967437	654	0.3486	0.0382	0.5826	
256968249	256968445	196	0.5918	0.1531	0.1531	
257233803	257233960	157	0.0	1.0	0.0	
259541844	259542238	394	0.4137	0.2919	0.2208	
259648166	259648346	180	0.9	0.0556	0.0	
259681690	259683798	2108	0.2543	0.0522	0.6414	
259686952	259687200	248	0.9032	0.0121	0.0	
259844831	259845070	239	0.9289	0.0	0.0293	
260291719	260292223	504	0.0	1.0	0.0	
260396537	260396729	192	0.8229	0.0052	0.0938	
260773982	260774187	205	0.9073	0.0	0.0049	
261215471	261216956	1485	0.3798	0.0343	0.5354	
261466314	261466477	163	0.7975	0.0798	0.0307	
261858072	261858454	382	0.0	1.0	0.0	
262332682	262332827	145	0.0	1.0	0.0	
262772604	262772960	356	0.6994	0.0225	0.1461	
263664618	263665085	467	0.3876	0.0236	0.5353	
265020222	265023593	3371	0.1964	0.299	0.4512	
265674125	265675485	1360	0.4684	0.0787	0.3772	
268346185	268346372	187	0.9091	0.0	0.0481	
269142192	269149292	7100	0.0651	0.0442	0.8759	
269589483	269592578	3095	0.1483	0.041	0.7897	
269611573	269611734	161	0.0	1.0	0.0	
270399075	270399691	616	0.3003	0.1396	0.4951	
271016815	271018238	1423	0.461	0.2045	0.272	
271135613	271135795	182	0.0	1.0	0.0	
271341835	271342397	562	0.7206	0.0605	0.1299	
271352643	271354020	1377	0.313	0.1736	0.4808	
271425823	271426348	525	0.0	1.0	0.0	
271732719	271732913	194	0.9485	0.0206	0.0	
271739877	271740307	430	0.5628	0.0186	0.3674	
272203425	272204580	1155	0.1835	0.0312	0.7758	
273206842	273209092	2250	0.1769	0.0871	0.716	
275036615	275036948	333	0.8619	0.03	0.027	
275189855	275190231	376	0.6622	0.1436	0.1144	
276087312	276087472	160	0.9375	0.0	0.0375	
276704789	276705157	368	0.6984	0.0	0.0924	
276745394	276747036	1642	0.1888	0.011	0.7667	
276852769	276853259	490	0.0	1.0	0.0	
278283788	278283994	206	0.8883	0.0	0.0728	
278594301	278594576	275	0.7964	0.0545	0.0545	
278731083	278731979	896	0.1987	0.0435	0.7433	
279296400	279296578	178	0.8989	0.0056	0.0169	
280641661	280642991	1330	0.4045	0.2774	0.2865	
280744610	280745532	922	0.2972	0.2256	0.4458	
281150727	281152358	1631	0.3538	0.1386	0.4457	
281485032	281485396	364	0.2005	0.4396	0.3242	
281493807	281493949	142	0.0	1.0	0.0	
281552280	281552917	637	0.3203	0.1962	0.449	
281818115	281818633	518	0.0	1.0	0.0	
281874344	281876765	2421	0.4267	0.1793	0.297	
281997528	281999456	1928	0.2075	0.0316	0.7318	
282012153	282014533	2380	0.0803	0.0214	0.8916	
282017083	282022222	5139	0.3405	0.121	0.4748	
282389522	282391437	1915	0.4162	0.046	0.4825	
282417515	282417880	365	0.6164	0.1781	0.1178	
282532218	282534048	1830	0.0825	0.0016	0.9098	
282653494	282653644	150	0.8267	0.1067	0.0	
282823965	282824830	865	0.3295	0.1526	0.4694	
283113367	283113876	509	0.7505	0.0629	0.0825	
283701157	283701601	444	0.0	1.0	0.0	
283738271	283740464	2193	0.5048	0.1619	0.2526	
283874803	283875085	282	0.7766	0.0177	0.0709	
283876363	283876723	360	0.0	1.0	0.0	
284968277	284969144	867	0.0	1.0	0.0	
285952262	285952438	176	0.0	1.0	0.0	
286185179	286185491	312	0.7981	0.1058	0.0321	
286544646	286544860	214	0.8972	0.0	0.028	
287596286	287596461	175	0.8971	0.0	0.0171	
289415544	289416040	496	0.4899	0.1048	0.3266	
289922693	289922974	281	0.0	1.0	0.0	
290494784	290495163	379	0.591	0.0712	0.2111	
291132205	291133083	878	0.1572	0.0524	0.7608	
291661460	291664980	3520	0.4889	0.1043	0.3312	
292218778	292218971	193	0.0	1.0	0.0	
293982813	293982992	179	0.7709	0.1061	0.0112	
293997457	293998335	878	0.1412	0.1765	0.6651	
294386336	294387650	1314	0.0	1.0	0.0	
294465964	294467257	1293	0.2583	0.1555	0.5282	
294741751	294742140	389	0.599	0.2468	0.0283	
295086992	295087220	228	0.5921	0.3246	0.0	
295167209	295168018	809	0.4376	0.1978	0.2583	
295843610	295843874	264	0.0	1.0	0.0	
295845286	295845608	322	0.0	1.0	0.0	
295846143	295846970	827	0.0	1.0	0.0	
297492869	297493056	187	0.0	1.0	0.0	
297606304	297606452	148	0.9257	0.0068	0.0338	
297688592	297689752	1160	0.1802	0.0828	0.719	
297752438	297754254	1816	0.3877	0.0567	0.5083	
299644379	299645251	872	0.2271	0.0677	0.6697	
299693989	299695766	1777	0.0664	0.2352	0.6736	
299764299	299765350	1051	0.0304	0.6984	0.2512	
299823093	299825901	2808	0.3077	0.0538	0.5734	
300075294	300077716	2422	0.0954	0.0656	0.8241	
300202995	300204160	1165	0.1004	0.0687	0.8146	
300223637	300224912	1275	0.2251	0.1247	0.6259	
300805307	300805515	208	0.0	1.0	0.0	
301351604	301352149	545	0.2367	0.0954	0.6183	
301643753	301644152	399	0.5865	0.1955	0.0301	
301756689	301758810	2121	0.199	0.2004	0.5714	
302420519	302420835	316	0.8481	0.0032	0.0475	
302472951	302473191	240	0.1958	0.7375	0.0	
303205804	303206552	748	0.0	1.0	0.0	
304602574	304602838	264	0.0	1.0	0.0	
304828722	304829662	940	0.1745	0.1085	0.6915	
305335527	305336476	949	0.255	0.1686	0.5195	
305508444	305508759	315	0.7492	0.1238	0.0127	
305524411	305524679	268	0.75	0.0187	0.1418	
305533541	305541829	8288	0.0708	0.0265	0.8888	
306800753	306802215	1462	0.2209	0.0739	0.6765	
307082762	307082933	171	0.0	1.0	0.0	
307921194	307921685	491	0.2261	0.3157	0.3523	
309345499	309345705	206	0.8447	0.0	0.0825	
309730381	309731491	1110	0.2505	0.173	0.5279	
309957043	309958831	1788	0.1527	0.0364	0.7903	
310259650	310260689	1039	0.0	1.0	0.0	
310299180	310301341	2161	0.4544	0.0953	0.3781	
310750077	310750828	751	0.3236	0.2317	0.3622	
311175142	311175781	639	0.6072	0.0829	0.18	
311424821	311426187	1366	0.0234	0.1406	0.8346	
312851161	312852778	1617	0.5096	0.1286	0.2721	
312891000	312891244	244	0.7705	0.127	0.0041	
313378733	313378874	141	0.0	1.0	0.0	
313448350	313448894	544	0.4614	0.2279	0.2335	
314125068	314126032	964	0.0519	0.3734	0.5643	
314453150	314453391	241	0.6307	0.2241	0.0041	
314741876	314745864	3988	0.1474	0.1673	0.6607	
314767998	314768194	196	0.0	1.0	0.0	
315153100	315156356	3256	0.2257	0.164	0.5731	
315188985	315191947	2962	0.1661	0.1188	0.6901	
315283925	315285499	1574	0.6334	0.0489	0.2408	
315374279	315375269	990	0.3263	0.1364	0.4869	
315662411	315662927	516	0.2112	0.4593	0.2771	
317617280	317617456	176	0.8807	0.0227	0.0227	
318180971	318183613	2642	0.1294	0.0537	0.796	
322273367	322274600	1233	0.399	0.3439	0.1695	
322331039	322332428	1389	0.2037	0.1713	0.5889	
322436399	322439262	2863	0.2448	0.1111	0.5973	
322793495	322793732	237	0.5232	0.2363	0.1519	
322897678	322897851	173	0.8439	0.0231	0.0	
323150204	323150630	426	0.5235	0.1854	0.2254	
324413159	324414461	1302	0.2404	0.0476	0.6966	
325377178	325378158	980	0.0704	0.9031	0.0041	
326028182	326028358	176	0.9205	0.0	0.0114	
326457827	326458484	657	0.2694	0.691	0.0152	
326472348	326473487	1139	0.0544	0.1431	0.791	
328244107	328244797	690	0.2304	0.0725	0.6638	
329726398	329727489	1091	0.2722	0.5069	0.1888	
330111151	330111511	360	0.0	1.0	0.0	
330924561	330924842	281	0.5267	0.1566	0.2349	
336103887	336104412	525	0.0	1.0	0.0	
336564090	336567031	2941	0.0537	0.0989	0.8341	
336644298	336648030	3732	0.1999	0.0932	0.6744	
336788167	336789208	1041	0.2469	0.0317	0.7012	
336914415	336916212	1797	0.1408	0.0696	0.7741	
337288022	337288501	479	0.0	1.0	0.0	
337870113	337870493	380	0.0	1.0	0.0	
337870969	337871440	471	0.0	1.0	0.0	
337959447	337959602	155	0.8	0.129	0.0	
338424172	338424369	197	0.5533	0.2284	0.0254	
338707737	338709252	1515	0.1564	0.0495	0.7842	
338778761	338778986	225	0.6933	0.1911	0.0533	
338840410	338840847	437	0.7941	0.0503	0.0206	
338922157	338923829	1672	0.125	0.1071	0.7028	
339283039	339283932	893	0.3942	0.0538	0.4636	
340902459	340904099	1640	0.3098	0.0604	0.5787	
340928371	340929929	1558	0.4365	0.2471	0.2567	
340970338	340973186	2848	0.3402	0.0776	0.519	
341326670	341327222	552	0.2971	0.0254	0.6214	
341366158	341366467	309	0.3916	0.0744	0.4822	
343226680	343227874	1194	0.3534	0.2638	0.2956	
343343432	343343588	156	0.8718	0.0128	0.0	
344965741	344965931	190	0.7421	0.0737	0.0737	
345020084	345020879	795	0.3723	0.0717	0.5082	
345327729	345328023	294	0.5204	0.0306	0.3741	
346159349	346159620	271	0.5387	0.0849	0.2768	
346540419	346540685	266	0.5714	0.3496	0.0	
346676968	346678936	1968	0.2993	0.1026	0.5615	
347457408	347457844	436	0.6697	0.039	0.1376	
348463356	348463563	207	0.0	1.0	0.0	
349170542	349171386	844	0.3258	0.3874	0.2251	
349189357	349189625	268	0.903	0.0224	0.0	
349219047	349227052	8005	0.0074	0.0782	0.9091	
350123366	350123700	334	0.4551	0.2665	0.2186	
350126964	350128504	1540	0.0831	0.1571	0.7526	
351384768	351384964	196	0.8163	0.0306	0.0867	
351771915	351772147	232	0.9052	0.0	0.0043	
353912256	353912466	210	0.0	1.0	0.0	
354738675	354738906	231	0.0	1.0	0.0	
354739132	354739331	199	0.0	1.0	0.0	
354740521	354741508	987	0.0	1.0	0.0	
354981286	354981528	242	0.0	1.0	0.0	
355136920	355137107	187	0.877	0.0	0.0267	
355828579	355829584	1005	0.4985	0.0667	0.3224	
358459177	358460995	1818	0.3372	0.1051	0.5066	
358801242	358803030	1788	0.2673	0.0134	0.6678	
359560019	359564119	4100	0.2044	0.1241	0.6502	
359675069	359675534	465	0.3161	0.3527	0.2538	
360015750	360016798	1048	0.209	0.1832	0.5782	
360139320	360139473	153	0.8366	0.0065	0.0196	
360514716	360515153	437	0.54	0.1693	0.2609	
361484815	361485177	362	0.8425	0.0331	0.0138	
361912930	361914825	1895	0.4844	0.0955	0.3451	
362431229	362431651	422	0.3602	0.1398	0.4621	
363467283	363467499	216	0.4306	0.5	0.0093	
364113009	364113308	299	0.8629	0.0167	0.0602	
365022610	365022841	231	0.8225	0.0173	0.0433	
366636624	366636798	174	0.0	1.0	0.0	
368017752	368018811	1059	0.2653	0.0312	0.6893	
368024210	368024445	235	0.0553	0.9404	0.0	
368102156	368103615	1459	0.2488	0.0473	0.6683	
368906993	368908189	1196	0.1664	0.0343	0.7952	
368940704	368941569	865	0.0	1.0	0.0	
369718170	369723562	5392	0.0406	0.0453	0.9078	
369966899	369967066	167	0.0	1.0	0.0	
370983289	370984295	1006	0.5169	0.174	0.2465	
371543534	371545431	1897	0.3205	0.1581	0.4491	
372607009	372607487	478	0.3159	0.6464	0.0063	
373331055	373331785	730	0.3329	0.1712	0.4534	
377039815	377043749	3934	0.3104	0.0704	0.576	
377305291	377305665	374	0.4171	0.3235	0.107	
378099978	378100729	751	0.9294	0.0	0.0	
378246213	378247050	837	0.0	1.0	0.0	
379793800	379794254	454	0.0	1.0	0.0	
379794384	379794882	498	0.0	1.0	0.0	
380650631	380650791	160	0.0	1.0	0.0	
381088691	381091183	2492	0.2159	0.0698	0.6818	
381232589	381233268	679	0.7334	0.0898	0.0648	
381972720	381974174	1454	0.359	0.0468	0.542	
382042658	382043233	575	0.3461	0.1704	0.4313	
382284840	382285098	258	0.0	1.0	0.0	
382463975	382464264	289	0.782	0.1176	0.0035	
384908183	384908836	653	0.0827	0.6815	0.2159	
385011606	385011791	185	0.9568	0.0	0.0	
387897072	387897271	199	0.0	1.0	0.0	
388571629	388571852	223	0.9507	0.0	0.0	
388572476	388572845	369	0.4011	0.4688	0.0407	
388870988	388871163	175	0.7029	0.0229	0.1486	
389367133	389367351	218	0.0	1.0	0.0	
392625681	392626700	1019	0.3376	0.1325	0.4711	
393879372	393879798	426	0.5305	0.2441	0.1432	
394574294	394576059	1765	0.2561	0.0969	0.6136	
395255259	395255631	372	0.0	1.0	0.0	
396138627	396138961	334	0.9102	0.006	0.006	
396532651	396535762	3111	0.1861	0.045	0.7258	
396993787	396995384	1597	0.3156	0.0971	0.5348	
396996629	396997202	573	0.7766	0.0716	0.0524	
397499187	397499663	476	0.5231	0.1597	0.187	
397621502	397627860	6358	0.028	0.0657	0.9012	
399324248	399324761	513	0.3392	0.0955	0.5322	
399501126	399501282	156	0.0	1.0	0.0	
399612093	399612472	379	0.5383	0.2084	0.1372	
399999977	400000404	427	0.3372	0.1803	0.4239	
400094087	400095050	963	0.2658	0.4808	0.1745	
401226906	401227388	482	0.4274	0.0726	0.4274	
401479468	401481548	2080	0.5087	0.1505	0.2788	
403426129	403426645	516	0.4205	0.1744	0.3488	
403653811	403655405	1594	0.1462	0.0402	0.8011	
404276029	404276242	213	0.0	1.0	0.0	
406888926	406889206	280	0.0	1.0	0.0	
407148185	407148451	266	0.0	1.0	0.0	
410678861	410679641	780	0.2103	0.6231	0.1231	
410717446	410718784	1338	0.2795	0.1868	0.4903	
410807812	410807987	175	0.7771	0.0286	0.04	
411108303	411109390	1087	0.3119	0.1849	0.4591	
411980049	411980473	424	0.2972	0.092	0.5472	
415588939	415589169	230	0.8565	0.0043	0.0696	
417157177	417159286	2109	0.1465	0.0839	0.7373	
417348231	417348404	173	0.0	1.0	0.0	
417387369	417387958	589	0.3735	0.0085	0.562	
417705463	417705678	215	0.9535	0.014	0.0	
417899050	417899553	503	0.6183	0.0656	0.1272	
418208062	418210459	2397	0.1548	0.0096	0.8164	
419405189	419408232	3043	0.1614	0.0815	0.7381	
419410659	419411064	405	0.4741	0.2272	0.2593	
419424491	419425412	921	0.6352	0.1412	0.1042	
419432200	419435439	3239	0.2689	0.1087	0.5712	
419478474	419485343	6869	0.0693	0.2121	0.7077	
419645672	419646278	606	0.3729	0.3746	0.2129	
420780186	420781815	1629	0.3622	0.1215	0.4604	
421089907	421091308	1401	0.2591	0.0107	0.7066	
421132242	421133552	1310	0.284	0.1565	0.5328	
421649903	421651142	1239	0.364	0.0581	0.5529	
421676984	421679455	2471	0.4974	0.0684	0.3687	
422391397	422391677	280	0.0	1.0	0.0	
422423440	422427660	4220	0.1028	0.0744	0.8085	
423117124	423117374	250	0.0	1.0	0.0	
425723936	425724764	828	0.9022	0.0399	0.0121	
425746985	425747154	169	0.9467	0.0	0.0059	
426451464	426452996	1532	0.1619	0.0633	0.7683	
426844325	426848062	3737	0.0669	0.0706	0.8493	
426921141	426924116	2975	0.3314	0.0746	0.5576	
428390739	428390914	175	0.7829	0.0057	0.04	
430660504	430660722	218	0.7706	0.055	0.0229	
430832596	430832814	218	0.0	1.0	0.0	
431740229	431742519	2290	0.1913	0.1515	0.6376	
431896598	431896942	344	0.0	1.0	0.0	
431994620	431995028	408	0.0	1.0	0.0	
432695207	432696394	1187	0.4195	0.064	0.4524	
432730383	432730635	252	0.0	1.0	0.0	
432844188	432844864	676	0.3225	0.108	0.4601	
433972204	433972358	154	0.9481	0.0	0.0	
433972998	433973152	154	0.9935	0.0	0.0	
433980342	433981553	1211	0.6953	0.0818	0.1354	
435346531	435351633	5102	0.1127	0.0563	0.8087	
436597833	436598176	343	0.3382	0.2391	0.3411	
437081400	437082598	1198	0.5885	0.0225	0.3564	
437234048	437235219	1171	0.5013	0.0726	0.3023	
437631035	437631316	281	0.274	0.6441	0.0285	
438130224	438131361	1137	0.5893	0.1741	0.1601	
439500562	439500970	408	0.25	0.6642	0.049	
440285208	440286571	1363	0.4666	0.0873	0.3764	
440307903	440309733	1830	0.1415	0.0754	0.7339	
440917707	440918735	1028	0.2043	0.1605	0.6148	
441041350	441041591	241	0.8382	0.0166	0.0664	
441562269	441563372	1103	0.2049	0.7643	0.0027	
441599925	441600104	179	0.8659	0.0447	0.0223	
441789791	441792462	2671	0.1363	0.0955	0.7413	
442194362	442194689	327	0.1651	0.8165	0.0	
442259997	442260378	381	0.7848	0.0105	0.0945	
442609155	442609537	382	0.0	1.0	0.0	
442840288	442840481	193	0.456	0.3938	0.0259	
443445602	443445781	179	0.4022	0.4749	0.0503	
444403366	444403578	212	0.684	0.1651	0.0613	
444917913	444919125	1212	0.4794	0.0784	0.3812	
447020123	447020912	789	0.3156	0.0735	0.5957	
447051157	447051356	199	0.8894	0.0151	0.0101	
447182515	447184036	1521	0.2367	0.0644	0.6647	
447480758	447481017	259	0.0	1.0	0.0	
447933551	447938098	4547	0.2399	0.1388	0.5786	
448134485	448134780	295	0.3627	0.2508	0.3593	
448218604	448218954	350	0.3457	0.1514	0.4657	
449200545	449201883	1338	0.1106	0.0127	0.8759	
450623690	450623942	252	0.8095	0.0119	0.0476	
451009560	451010512	952	0.3382	0.1744	0.4223	
451127132	451127864	732	0.2158	0.0423	0.7227	
452929657	452931215	1558	0.2086	0.0148	0.7574	
453542746	453543619	873	0.299	0.1031	0.5647	
454547009	454547255	246	0.0	1.0	0.0	
455413745	455416788	3043	0.0838	0.0187	0.8909	
455423901	455426521	2620	0.1011	0.1779	0.7011	
457404018	457404279	261	0.7663	0.0421	0.023	
457939468	457939893	425	0.1341	0.8282	0.0	
458365697	458366641	944	0.053	0.536	0.3983	
458676229	458677131	902	0.2084	0.2428	0.4534	
459213537	459216993	3456	0.6126	0.1045	0.1664	
462758135	462758310	175	0.9029	0.0	0.0343	
462931413	462931609	196	0.949	0.0	0.0051	
463081196	463081417	221	0.0	1.0	0.0	
465099661	465101825	2164	0.1072	0.0601	0.8101	
471045962	471046340	378	0.0	1.0	0.0	
471947672	471949602	1930	0.1917	0.0311	0.7611	
472277928	472278164	236	0.0	1.0	0.0	
472928627	472929056	429	0.6643	0.1795	0.042	
473254554	473254938	384	0.6276	0.2083	0.0547	
474517353	474517559	206	0.9175	0.0	0.0388	
474688621	474689516	895	0.3374	0.143	0.4749	
478721190	478729929	8739	0.0249	0.0351	0.9383	
479526541	479526779	238	0.6513	0.0462	0.1218	
481303626	481303839	213	0.784	0.0516	0.0235	
482358394	482361017	2623	0.2547	0.1994	0.5059	
483395372	483396226	854	0.0	1.0	0.0	
483857959	483858169	210	0.0	1.0	0.0	
483982981	483983433	452	0.0	1.0	0.0	
483987011	483987307	296	0.0	1.0	0.0	
483990301	483990443	142	0.0	1.0	0.0	
484412664	484412914	250	0.0	1.0	0.0	
484422512	484422847	335	0.0	1.0	0.0	
484427005	484427424	419	0.0	1.0	0.0	
484522355	484522579	224	0.0	1.0	0.0	
484690354	484690516	162	0.0	1.0	0.0	
484995775	484996249	474	0.0	1.0	0.0	
484997228	484997408	180	0.0	1.0	0.0	
485213948	485214110	162	0.0	1.0	0.0	
485214805	485215038	233	0.0	1.0	0.0	
485215282	485215579	297	0.0	1.0	0.0	
485313427	485313779	352	0.0	1.0	0.0	
485618398	485618658	260	0.0	1.0	0.0	
485690381	485690878	497	0.0	1.0	0.0	
485690934	485692198	1264	0.0	1.0	0.0	
485898815	485899230	415	0.0	1.0	0.0	
486182097	486183344	1247	0.0	1.0	0.0	
486183822	486184350	528	0.0	1.0	0.0	
486507376	486507668	292	0.0	1.0	0.0	
486510681	486510942	261	0.0	1.0	0.0	
486569011	486569691	680	0.0	1.0	0.0	
486918438	486918826	388	0.0	1.0	0.0	
487018675	487018945	270	0.0	1.0	0.0	
487596807	487597426	619	0.0	1.0	0.0	
487842135	487842617	482	0.0	1.0	0.0	
487883063	487883543	480	0.0	1.0	0.0	
487890696	487891420	724	0.0	1.0	0.0	
487999769	487999915	146	0.0	1.0	0.0	
488377241	488377807	566	0.0	1.0	0.0	
488833624	488834711	1087	0.0	1.0	0.0	
488838423	488838621	198	0.0	1.0	0.0	
489506571	489506976	405	0.0	1.0	0.0	
489673770	489674247	477	0.0	1.0	0.0	
489675230	489675515	285	0.0	1.0	0.0	
489688598	489689290	692	0.0	1.0	0.0	
489690194	489690574	380	0.0	1.0	0.0	
489703111	489703920	809	0.0	1.0	0.0	
489931447	489931739	292	0.0	1.0	0.0	
490336324	490336862	538	0.0	1.0	0.0	
490437223	490437443	220	0.0	1.0	0.0	
490919293	490920006	713	0.0	1.0	0.0	
