start	end	length	IDY	missing1	missing2	
1153910	1154351	441	0.678	0.0499	0.2063	
1538220	1538828	608	0.5428	0.1151	0.2418	
1539821	1540645	824	0.3653	0.1966	0.4138	
1539821	1540645	824	0.3653	0.1966	0.4138	
2141652	2142137	485	0.1773	0.0309	0.7423	
2276677	2276915	238	0.7605	0.0	0.1807	
2416514	2416833	319	0.6959	0.2038	0.0846	
2445208	2445454	246	0.7724	0.0244	0.1057	
2462568	2463762	1194	0.366	0.2152	0.3375	
2579265	2580005	740	0.6568	0.0432	0.2095	
2641065	2641281	216	0.9028	0.0	0.0139	
3781140	3781606	466	0.7425	0.0515	0.1202	
3906164	3906569	405	0.7951	0.0395	0.079	
4241747	4242569	822	0.2153	0.5888	0.1703	
4338695	4338888	193	0.9067	0.0	0.0	
4601824	4602096	272	0.9191	0.0184	0.0	
4610629	4610928	299	0.7324	0.0502	0.1204	
5297711	5298011	300	0.5533	0.17	0.2467	
5297711	5298011	300	0.5533	0.17	0.2467	
5719386	5719788	402	0.8483	0.0448	0.0124	
5795788	5796082	294	0.7721	0.0238	0.119	
5942274	5942766	492	0.685	0.0752	0.124	
6423637	6424180	543	0.0	0.0	1.0	
6911140	6911514	374	0.4652	0.361	0.0749	
7247060	7247407	347	0.9625	0.0	0.0115	
7247060	7247407	347	0.9625	0.0	0.0115	
7829660	7829918	258	0.9186	0.0	0.0233	
7829660	7829918	258	0.9186	0.0	0.0233	
7830876	7831500	624	0.7468	0.0625	0.117	
7830876	7831500	624	0.7468	0.0625	0.117	
8162147	8163139	992	0.3165	0.5716	0.0907	
8234452	8234683	231	0.9524	0.0	0.0	
8234452	8234683	231	0.9524	0.0	0.0	
8263470	8263758	288	0.691	0.0694	0.184	
8294839	8295899	1060	0.3528	0.3491	0.1991	
8405268	8405571	303	0.8317	0.0033	0.0726	
8405268	8405571	303	0.8317	0.0033	0.0726	
8405268	8405571	303	0.8317	0.0033	0.0726	
8879106	8879460	354	0.5198	0.3927	0.0254	
9359407	9359806	399	0.7218	0.0852	0.0777	
10083922	10084295	373	0.8499	0.0027	0.0536	
10539439	10539713	274	0.6606	0.0365	0.2774	
11115859	11116412	553	0.3436	0.0253	0.6004	
11645173	11645786	613	0.602	0.1289	0.1697	
12151887	12152632	745	0.8161	0.0201	0.0456	
12177605	12177970	365	0.7123	0.0411	0.1671	
12287196	12287757	561	0.754	0.107	0.0588	
12287196	12287757	561	0.754	0.107	0.0588	
12337650	12338223	573	0.2251	0.6684	0.0995	
12367478	12367875	397	0.8892	0.0151	0.0302	
12387731	12388849	1118	0.7245	0.0912	0.0957	
12445630	12446332	702	0.8048	0.0527	0.0256	
12877628	12877803	175	0.9314	0.0114	0.0171	
13266850	13267252	402	0.7114	0.1269	0.0746	
13673578	13673843	265	0.7585	0.034	0.1283	
13680550	13681809	1259	0.2518	0.1104	0.6037	
13742782	13743008	226	0.9425	0.0	0.0088	
15366326	15367223	897	0.2297	0.0914	0.6455	
15367805	15368078	273	0.5458	0.0696	0.326	
15415303	15416161	858	0.6667	0.0455	0.2366	
15528182	15528871	689	0.4557	0.2554	0.2032	
15528182	15528871	689	0.4557	0.2554	0.2032	
15531006	15531128	122	0.9508	0.0	0.0	
16059755	16060540	785	0.7885	0.0675	0.065	
16283373	16283799	426	0.5446	0.2582	0.1573	
16313914	16314328	414	0.744	0.058	0.1063	
16313914	16314328	414	0.744	0.058	0.1063	
16313914	16314328	414	0.744	0.058	0.1063	
16604805	16605542	737	0.73	0.0963	0.1085	
17280878	17281157	279	0.8925	0.0179	0.0179	
17316311	17316561	250	0.0	0.0	1.0	
17867791	17868623	832	0.4796	0.0048	0.4279	
18111897	18112675	778	0.8946	0.0051	0.0283	
18113308	18113857	549	0.8543	0.0182	0.0674	
18128782	18129186	404	0.6609	0.0421	0.2302	
18138829	18139720	891	0.5948	0.1526	0.1122	
18294467	18294889	422	0.7275	0.1825	0.0355	
18294467	18294889	422	0.7275	0.1825	0.0355	
18308738	18310076	1338	0.6913	0.1637	0.083	
18310996	18312451	1455	0.9498	0.0089	0.0014	
18432062	18432380	318	0.8868	0.022	0.022	
18493039	18493448	409	0.7751	0.0342	0.11	
18557399	18558678	1279	0.8538	0.0078	0.0516	
19470901	19471100	199	0.9497	0.0	0.0	
21601914	21602309	395	0.6506	0.0962	0.157	
22257951	22258289	338	0.9112	0.0	0.0089	
22328122	22328466	344	0.9157	0.0087	0.0087	
23163696	23164255	559	0.9606	0.0036	0.0	
23208835	23209198	363	0.6942	0.0193	0.1983	
23208835	23209198	363	0.6942	0.0193	0.1983	
23262805	23263101	296	0.5946	0.0	0.3446	
23465713	23466169	456	0.8772	0.0154	0.0197	
23465713	23466169	456	0.8772	0.0154	0.0197	
23557954	23558312	358	0.7961	0.0475	0.0698	
24057203	24064612	7409	0.283	0.2791	0.399	
24101077	24102111	1034	0.0	0.0	1.0	
24110645	24111785	1140	0.4746	0.1895	0.193	
24596311	24597367	1056	0.4347	0.1941	0.2879	
24596311	24597367	1056	0.4347	0.1941	0.2879	
24652276	24652504	228	0.9254	0.0	0.0219	
24843555	24844077	522	0.7816	0.067	0.0421	
24843555	24844077	522	0.7816	0.067	0.0421	
24867864	24868178	314	0.7134	0.0	0.2038	
25074056	25074523	467	0.4968	0.0	0.4561	
25104106	25104645	539	0.538	0.282	0.1187	
25570652	25570984	332	0.9367	0.003	0.0	
26094079	26095702	1623	0.1312	0.0006	0.8521	
26873757	26876436	2679	0.2411	0.5577	0.1635	
26903424	26906632	3208	0.2765	0.592	0.0998	
26910041	26910703	662	0.577	0.1178	0.2477	
27000686	27000985	299	0.6756	0.0	0.2174	
27815807	27816771	964	0.3019	0.4056	0.1981	
30545013	30546117	1104	0.2926	0.2781	0.3832	
32765991	32766241	250	0.868	0.0	0.028	
32842081	32842616	535	0.286	0.5776	0.1103	
32848478	32848863	385	0.5584	0.0364	0.3143	
32848478	32848863	385	0.5584	0.0364	0.3143	
33945163	33945373	210	0.7429	0.0857	0.0476	
33978453	33979027	574	0.0	0.0	1.0	
34177378	34177862	484	0.3864	0.2789	0.2624	
34556502	34556817	315	0.5333	0.0317	0.3016	
34731894	34732493	599	0.2053	0.5342	0.2104	
34951115	34951667	552	0.3188	0.5435	0.0888	
35266699	35266961	262	0.7519	0.0344	0.084	
35294827	35295095	268	0.8694	0.0224	0.0187	
35294827	35295095	268	0.8694	0.0224	0.0187	
35303847	35304171	324	0.6142	0.0031	0.2963	
35307169	35307339	170	0.8529	0.0412	0.0353	
36092744	36093011	267	0.7715	0.0487	0.1086	
40154110	40155429	1319	0.4519	0.1638	0.2828	
40156547	40157933	1386	0.3766	0.1126	0.4423	
40225002	40225910	908	0.4637	0.3018	0.1806	
40270285	40274296	4011	0.2528	0.3321	0.3615	
41532787	41533167	380	0.3605	0.0158	0.5553	
41963664	41964040	376	0.7314	0.1037	0.0319	
42515401	42516213	812	0.6515	0.1195	0.0825	
43063954	43064505	551	0.7441	0.0544	0.1234	
44074389	44075107	718	0.3189	0.578	0.0529	
44559255	44559680	425	0.7247	0.0118	0.1459	
44600862	44601324	462	0.6234	0.0195	0.3074	
44653932	44654367	435	0.8368	0.0276	0.0322	
44684329	44685208	879	0.4892	0.2253	0.2184	
45317906	45319024	1118	0.6118	0.0644	0.1637	
46011021	46012176	1155	0.4407	0.2944	0.213	
46174097	46174659	562	0.4893	0.0979	0.3541	
46174097	46174659	562	0.4893	0.0979	0.3541	
49769627	49769883	256	0.8633	0.0664	0.0273	
49769627	49769883	256	0.8633	0.0664	0.0273	
49798158	49798416	258	0.8178	0.0349	0.0194	
50802984	50803367	383	0.5039	0.3107	0.1149	
51376332	51378370	2038	0.3788	0.5672	0.0113	
51493254	51493966	712	0.2317	0.6334	0.118	
53461673	53461989	316	0.8449	0.0032	0.0633	
53514622	53515439	817	0.6414	0.1799	0.0918	
54743895	54744333	438	0.9201	0.0068	0.0137	
55301131	55301437	306	0.8007	0.0	0.1438	
55306061	55306481	420	0.7976	0.0024	0.1452	
55469360	55469687	327	0.7554	0.0061	0.156	
55470096	55470353	257	0.8016	0.0	0.1089	
55470096	55470353	257	0.8016	0.0	0.1089	
55587876	55588271	395	0.6962	0.1722	0.0582	
56633598	56634412	814	0.6744	0.0516	0.145	
56633598	56634412	814	0.6744	0.0516	0.145	
57027079	57028553	1474	0.306	0.5278	0.1208	
57321253	57321498	245	0.5592	0.151	0.2204	
57468170	57469131	961	0.2112	0.4475	0.3111	
57536762	57537009	247	0.0	0.0	1.0	
57565175	57565687	512	0.5293	0.3496	0.0352	
57574133	57574630	497	0.8551	0.002	0.0141	
57584752	57584921	169	0.9645	0.0	0.0	
57611446	57611738	292	0.7979	0.0	0.1062	
57705742	57706477	735	0.3728	0.4449	0.1279	
59205514	59205805	291	0.8488	0.0687	0.0309	
59205514	59205805	291	0.8488	0.0687	0.0309	
59206744	59207284	540	0.8056	0.0426	0.0222	
59218548	59219010	462	0.9545	0.0022	0.0	
59218548	59219010	462	0.9545	0.0022	0.0	
59219599	59219988	389	0.8895	0.0129	0.0154	
59219599	59219988	389	0.8895	0.0129	0.0154	
59229119	59229320	201	0.7413	0.1393	0.0348	
59229774	59230232	458	0.7795	0.0	0.1528	
59234796	59235097	301	0.8738	0.0	0.0498	
59234796	59235097	301	0.8738	0.0	0.0498	
59235760	59236532	772	0.5013	0.3472	0.0738	
59235760	59236532	772	0.5013	0.3472	0.0738	
59235760	59236532	772	0.5013	0.3472	0.0738	
59236811	59237280	469	0.8145	0.0469	0.0107	
59237834	59238481	647	0.8655	0.0155	0.017	
59237834	59238481	647	0.8655	0.0155	0.017	
59237834	59238481	647	0.8655	0.0155	0.017	
59248391	59248918	527	0.7571	0.0455	0.093	
59249730	59250194	464	0.8707	0.0194	0.0194	
59249730	59250194	464	0.8707	0.0194	0.0194	
59250620	59251383	763	0.8191	0.0511	0.0262	
59250620	59251383	763	0.8191	0.0511	0.0262	
59250620	59251383	763	0.8191	0.0511	0.0262	
59254112	59254641	529	0.7902	0.0113	0.0548	
59254112	59254641	529	0.7902	0.0113	0.0548	
59254867	59255646	779	0.8151	0.0899	0.0462	
59267347	59267509	162	0.8951	0.0432	0.0	
59267347	59267509	162	0.8951	0.0432	0.0	
59267347	59267509	162	0.8951	0.0432	0.0	
59271166	59271511	345	0.9391	0.0	0.0	
59271166	59271511	345	0.9391	0.0	0.0	
59271789	59272314	525	0.861	0.0362	0.0476	
59271789	59272314	525	0.861	0.0362	0.0476	
59271789	59272314	525	0.861	0.0362	0.0476	
59271789	59272314	525	0.861	0.0362	0.0476	
59271789	59272314	525	0.861	0.0362	0.0476	
59271789	59272314	525	0.861	0.0362	0.0476	
59273338	59273618	280	0.9571	0.0	0.0	
59273338	59273618	280	0.9571	0.0	0.0	
59273338	59273618	280	0.9571	0.0	0.0	
59273338	59273618	280	0.9571	0.0	0.0	
59273338	59273618	280	0.9571	0.0	0.0	
59281076	59281457	381	0.8189	0.0289	0.0551	
59281076	59281457	381	0.8189	0.0289	0.0551	
59281076	59281457	381	0.8189	0.0289	0.0551	
59281076	59281457	381	0.8189	0.0289	0.0551	
59284808	59285119	311	0.8553	0.0547	0.0161	
59297502	59299121	1619	0.9024	0.0204	0.0154	
59297502	59299121	1619	0.9024	0.0204	0.0154	
59297502	59299121	1619	0.9024	0.0204	0.0154	
59297502	59299121	1619	0.9024	0.0204	0.0154	
59297502	59299121	1619	0.9024	0.0204	0.0154	
59297502	59299121	1619	0.9024	0.0204	0.0154	
59300794	59301081	287	0.9164	0.0105	0.0174	
59300794	59301081	287	0.9164	0.0105	0.0174	
59302337	59302547	210	0.7	0.0238	0.2286	
59305761	59306000	239	0.8159	0.1004	0.0209	
59305761	59306000	239	0.8159	0.1004	0.0209	
59305761	59306000	239	0.8159	0.1004	0.0209	
59313188	59313450	262	0.9466	0.0	0.0153	
59313188	59313450	262	0.9466	0.0	0.0153	
59317453	59318173	720	0.8778	0.0042	0.0333	
59317453	59318173	720	0.8778	0.0042	0.0333	
59317453	59318173	720	0.8778	0.0042	0.0333	
59317453	59318173	720	0.8778	0.0042	0.0333	
59317453	59318173	720	0.8778	0.0042	0.0333	
59317453	59318173	720	0.8778	0.0042	0.0333	
59318674	59318865	191	0.9005	0.0	0.0419	
59319208	59319931	723	0.9115	0.0166	0.0152	
59319208	59319931	723	0.9115	0.0166	0.0152	
59319208	59319931	723	0.9115	0.0166	0.0152	
59320318	59320574	256	0.6758	0.168	0.1055	
59324746	59325099	353	0.6742	0.0992	0.1728	
59328253	59328740	487	0.8912	0.0103	0.0	
59328253	59328740	487	0.8912	0.0103	0.0	
59329192	59329549	357	0.7955	0.0476	0.0196	
59329192	59329549	357	0.7955	0.0476	0.0196	
59329192	59329549	357	0.7955	0.0476	0.0196	
59329192	59329549	357	0.7955	0.0476	0.0196	
59332463	59333653	1190	0.879	0.0193	0.0168	
59332463	59333653	1190	0.879	0.0193	0.0168	
59335601	59335771	170	0.8706	0.0471	0.0118	
59335601	59335771	170	0.8706	0.0471	0.0118	
59336009	59336522	513	0.9454	0.0136	0.0039	
59336009	59336522	513	0.9454	0.0136	0.0039	
59336009	59336522	513	0.9454	0.0136	0.0039	
59339234	59339466	232	0.9483	0.0431	0.0043	
59339234	59339466	232	0.9483	0.0431	0.0043	
59339234	59339466	232	0.9483	0.0431	0.0043	
59339234	59339466	232	0.9483	0.0431	0.0043	
59339234	59339466	232	0.9483	0.0431	0.0043	
59339234	59339466	232	0.9483	0.0431	0.0043	
59344678	59344909	231	0.9784	0.0	0.0087	
59345920	59346147	227	0.8899	0.0264	0.0352	
59347212	59347451	239	0.9414	0.0	0.0251	
59347212	59347451	239	0.9414	0.0	0.0251	
59348113	59348779	666	0.8859	0.0	0.042	
59348113	59348779	666	0.8859	0.0	0.042	
59348113	59348779	666	0.8859	0.0	0.042	
59348113	59348779	666	0.8859	0.0	0.042	
59348113	59348779	666	0.8859	0.0	0.042	
59348113	59348779	666	0.8859	0.0	0.042	
59349113	59349541	428	0.8925	0.021	0.0397	
59349113	59349541	428	0.8925	0.021	0.0397	
59350127	59350483	356	0.9354	0.0028	0.0	
59350127	59350483	356	0.9354	0.0028	0.0	
59350127	59350483	356	0.9354	0.0028	0.0	
59350127	59350483	356	0.9354	0.0028	0.0	
59350849	59351141	292	0.9418	0.0	0.0103	
59350849	59351141	292	0.9418	0.0	0.0103	
59351671	59352091	420	0.7762	0.0548	0.0714	
59351671	59352091	420	0.7762	0.0548	0.0714	
59351671	59352091	420	0.7762	0.0548	0.0714	
59352440	59352903	463	0.797	0.0454	0.0583	
59352440	59352903	463	0.797	0.0454	0.0583	
59352440	59352903	463	0.797	0.0454	0.0583	
59352440	59352903	463	0.797	0.0454	0.0583	
59352440	59352903	463	0.797	0.0454	0.0583	
59353180	59353610	430	0.7907	0.0209	0.1186	
59353180	59353610	430	0.7907	0.0209	0.1186	
59353180	59353610	430	0.7907	0.0209	0.1186	
59353180	59353610	430	0.7907	0.0209	0.1186	
59355865	59356166	301	0.9502	0.0	0.0133	
59355865	59356166	301	0.9502	0.0	0.0133	
59357343	59357516	173	0.9364	0.0	0.0173	
59358955	59359177	222	0.9009	0.018	0.0225	
59358955	59359177	222	0.9009	0.018	0.0225	
59358955	59359177	222	0.9009	0.018	0.0225	
59360546	59360823	277	0.9567	0.0	0.0	
59360546	59360823	277	0.9567	0.0	0.0	
59360546	59360823	277	0.9567	0.0	0.0	
59360546	59360823	277	0.9567	0.0	0.0	
59360546	59360823	277	0.9567	0.0	0.0	
59361219	59362417	1198	0.7387	0.0735	0.121	
59361219	59362417	1198	0.7387	0.0735	0.121	
59361219	59362417	1198	0.7387	0.0735	0.121	
59361219	59362417	1198	0.7387	0.0735	0.121	
59361219	59362417	1198	0.7387	0.0735	0.121	
59361219	59362417	1198	0.7387	0.0735	0.121	
59365888	59366349	461	0.7896	0.1475	0.0087	
59365888	59366349	461	0.7896	0.1475	0.0087	
59367338	59368121	783	0.6462	0.1111	0.1226	
59367338	59368121	783	0.6462	0.1111	0.1226	
59367338	59368121	783	0.6462	0.1111	0.1226	
59367338	59368121	783	0.6462	0.1111	0.1226	
59367338	59368121	783	0.6462	0.1111	0.1226	
59367338	59368121	783	0.6462	0.1111	0.1226	
59371988	59372358	370	0.9189	0.0216	0.0	
59371988	59372358	370	0.9189	0.0216	0.0	
59371988	59372358	370	0.9189	0.0216	0.0	
59371988	59372358	370	0.9189	0.0216	0.0	
59375186	59375754	568	0.8239	0.0246	0.0599	
59375186	59375754	568	0.8239	0.0246	0.0599	
59375186	59375754	568	0.8239	0.0246	0.0599	
59375186	59375754	568	0.8239	0.0246	0.0599	
59377283	59377570	287	0.8571	0.0279	0.0453	
59377283	59377570	287	0.8571	0.0279	0.0453	
59378370	59378710	340	0.7559	0.1441	0.0235	
59378370	59378710	340	0.7559	0.1441	0.0235	
59378370	59378710	340	0.7559	0.1441	0.0235	
59378370	59378710	340	0.7559	0.1441	0.0235	
59378370	59378710	340	0.7559	0.1441	0.0235	
59380332	59381830	1498	0.8097	0.0581	0.0714	
59380332	59381830	1498	0.8097	0.0581	0.0714	
59380332	59381830	1498	0.8097	0.0581	0.0714	
59382373	59383613	1240	0.8702	0.0226	0.0452	
59382373	59383613	1240	0.8702	0.0226	0.0452	
59382373	59383613	1240	0.8702	0.0226	0.0452	
59382373	59383613	1240	0.8702	0.0226	0.0452	
59382373	59383613	1240	0.8702	0.0226	0.0452	
59382373	59383613	1240	0.8702	0.0226	0.0452	
59384098	59384355	257	0.9105	0.0	0.0272	
59384098	59384355	257	0.9105	0.0	0.0272	
59384098	59384355	257	0.9105	0.0	0.0272	
59384098	59384355	257	0.9105	0.0	0.0272	
59384098	59384355	257	0.9105	0.0	0.0272	
59386361	59387428	1067	0.8154	0.0356	0.0084	
59386361	59387428	1067	0.8154	0.0356	0.0084	
59386361	59387428	1067	0.8154	0.0356	0.0084	
59389520	59390013	493	0.8073	0.0913	0.0345	
59389520	59390013	493	0.8073	0.0913	0.0345	
59389520	59390013	493	0.8073	0.0913	0.0345	
59389520	59390013	493	0.8073	0.0913	0.0345	
59389520	59390013	493	0.8073	0.0913	0.0345	
59390425	59391745	1320	0.6545	0.0841	0.1432	
59390425	59391745	1320	0.6545	0.0841	0.1432	
59390425	59391745	1320	0.6545	0.0841	0.1432	
59390425	59391745	1320	0.6545	0.0841	0.1432	
59390425	59391745	1320	0.6545	0.0841	0.1432	
59392604	59392973	369	0.8835	0.0217	0.0298	
59392604	59392973	369	0.8835	0.0217	0.0298	
59392604	59392973	369	0.8835	0.0217	0.0298	
59392604	59392973	369	0.8835	0.0217	0.0298	
59393833	59394175	342	0.9211	0.0029	0.0146	
59393833	59394175	342	0.9211	0.0029	0.0146	
59393833	59394175	342	0.9211	0.0029	0.0146	
59393833	59394175	342	0.9211	0.0029	0.0146	
59393833	59394175	342	0.9211	0.0029	0.0146	
59396321	59397090	769	0.6476	0.0949	0.1951	
59396321	59397090	769	0.6476	0.0949	0.1951	
59396321	59397090	769	0.6476	0.0949	0.1951	
59399216	59399702	486	0.8333	0.07	0.0144	
59399216	59399702	486	0.8333	0.07	0.0144	
59399216	59399702	486	0.8333	0.07	0.0144	
59399216	59399702	486	0.8333	0.07	0.0144	
59399216	59399702	486	0.8333	0.07	0.0144	
59400155	59400322	167	0.8743	0.006	0.018	
59400155	59400322	167	0.8743	0.006	0.018	
59400155	59400322	167	0.8743	0.006	0.018	
59400155	59400322	167	0.8743	0.006	0.018	
59400155	59400322	167	0.8743	0.006	0.018	
59400155	59400322	167	0.8743	0.006	0.018	
59401440	59402343	903	0.845	0.0266	0.0532	
59401440	59402343	903	0.845	0.0266	0.0532	
59401440	59402343	903	0.845	0.0266	0.0532	
59401440	59402343	903	0.845	0.0266	0.0532	
59401440	59402343	903	0.845	0.0266	0.0532	
59403953	59404582	629	0.9173	0.0079	0.0127	
59403953	59404582	629	0.9173	0.0079	0.0127	
59403953	59404582	629	0.9173	0.0079	0.0127	
59403953	59404582	629	0.9173	0.0079	0.0127	
59403953	59404582	629	0.9173	0.0079	0.0127	
59405119	59405316	197	0.9492	0.0	0.0	
59405119	59405316	197	0.9492	0.0	0.0	
59405119	59405316	197	0.9492	0.0	0.0	
59405119	59405316	197	0.9492	0.0	0.0	
59405119	59405316	197	0.9492	0.0	0.0	
59405723	59406523	800	0.92	0.005	0.025	
59405723	59406523	800	0.92	0.005	0.025	
59405723	59406523	800	0.92	0.005	0.025	
59405723	59406523	800	0.92	0.005	0.025	
59407540	59409056	1516	0.8674	0.0224	0.0356	
59407540	59409056	1516	0.8674	0.0224	0.0356	
59407540	59409056	1516	0.8674	0.0224	0.0356	
59407540	59409056	1516	0.8674	0.0224	0.0356	
59407540	59409056	1516	0.8674	0.0224	0.0356	
59407540	59409056	1516	0.8674	0.0224	0.0356	
59409447	59409879	432	0.8704	0.0208	0.0324	
59409447	59409879	432	0.8704	0.0208	0.0324	
59409447	59409879	432	0.8704	0.0208	0.0324	
59415557	59416009	452	0.8518	0.0155	0.0155	
59415557	59416009	452	0.8518	0.0155	0.0155	
59415557	59416009	452	0.8518	0.0155	0.0155	
59415557	59416009	452	0.8518	0.0155	0.0155	
59426590	59426906	316	0.8924	0.0032	0.0285	
59426590	59426906	316	0.8924	0.0032	0.0285	
59426590	59426906	316	0.8924	0.0032	0.0285	
59426590	59426906	316	0.8924	0.0032	0.0285	
59427668	59427915	247	0.7206	0.0	0.2105	
59434239	59434490	251	0.8884	0.0279	0.0398	
59463927	59464339	412	0.7864	0.034	0.034	
59481250	59481985	735	0.5347	0.2871	0.0898	
59527255	59528018	763	0.7051	0.0183	0.2241	
59892742	59893266	524	0.771	0.1126	0.0363	
60239512	60239779	267	0.8801	0.0524	0.0112	
60239512	60239779	267	0.8801	0.0524	0.0112	
60310238	60310866	628	0.5111	0.0048	0.465	
60310238	60310866	628	0.5111	0.0048	0.465	
60372127	60372416	289	0.8374	0.0242	0.0277	
60386016	60386768	752	0.3258	0.016	0.5984	
61548037	61548272	235	0.0	0.0	1.0	
61833670	61834065	395	0.3747	0.0	0.6127	
62041510	62041787	277	0.9025	0.0217	0.0108	
62819082	62819461	379	0.0	0.0	1.0	
63448722	63449112	390	0.6308	0.0205	0.2769	
63805544	63806662	1118	0.1592	0.0733	0.737	
64883086	64883547	461	0.9436	0.0	0.0043	
64949091	64949391	300	0.8333	0.0067	0.03	
65213153	65214226	1073	0.6076	0.1454	0.1482	
65213153	65214226	1073	0.6076	0.1454	0.1482	
66685071	66685428	357	0.2493	0.2773	0.4258	
66718584	66718916	332	0.8283	0.0392	0.0301	
67178047	67178421	374	0.6551	0.0695	0.2406	
67791740	67792405	665	0.7504	0.0271	0.0692	
67793879	67794130	251	0.5896	0.0	0.3625	
67819954	67820296	342	0.693	0.0994	0.1228	
67992449	67992679	230	0.8217	0.0174	0.0304	
68660278	68660522	244	0.8238	0.0246	0.0041	
68800268	68801010	742	0.5526	0.027	0.3181	
68971622	68973037	1415	0.5837	0.0389	0.2919	
69635745	69636027	282	0.9043	0.0319	0.0035	
70455875	70456707	832	0.7524	0.0108	0.1022	
70611085	70611826	741	0.7395	0.0837	0.0607	
70611085	70611826	741	0.7395	0.0837	0.0607	
70611085	70611826	741	0.7395	0.0837	0.0607	
70736281	70736812	531	0.7891	0.0565	0.0339	
71082584	71082901	317	0.7287	0.0221	0.1735	
71430966	71431617	651	0.5392	0.4071	0.0184	
71903170	71904108	938	0.5011	0.3038	0.1247	
72489977	72491124	1147	0.1421	0.667	0.17	
74206181	74206809	628	0.0	0.0	1.0	
74216411	74216830	419	0.0	0.0	1.0	
74289923	74291396	1473	0.2749	0.2546	0.4331	
75369386	75369575	189	0.8519	0.0	0.037	
75386851	75387262	411	0.6813	0.0827	0.1825	
76142258	76143881	1623	0.1528	0.4467	0.366	
76142258	76143881	1623	0.1528	0.4467	0.366	
76766686	76767618	932	0.3069	0.4946	0.162	
77193102	77194529	1427	0.4401	0.2179	0.2852	
78366955	78367325	370	0.6405	0.0405	0.2135	
79420026	79420570	544	0.8603	0.0165	0.0423	
79794888	79795156	268	0.8507	0.0075	0.0224	
80341147	80341959	812	0.1983	0.0985	0.6749	
80351748	80352097	349	0.8567	0.0344	0.0143	
80354228	80354696	468	0.4487	0.0791	0.406	
80671133	80671744	611	0.7578	0.0786	0.0475	
80671133	80671744	611	0.7578	0.0786	0.0475	
80698683	80699043	360	0.8528	0.0083	0.0472	
80698683	80699043	360	0.8528	0.0083	0.0472	
81505378	81506968	1590	0.2774	0.334	0.344	
81817552	81817796	244	0.9098	0.0041	0.0	
83357594	83358135	541	0.0	0.0	1.0	
83359759	83360439	680	0.0	0.0	1.0	
83480105	83480851	746	0.5925	0.0952	0.1582	
83520452	83520611	159	0.0	0.0	1.0	
84347791	84348426	635	0.3213	0.2346	0.3811	
84619703	84620221	518	0.7027	0.027	0.1911	
84619703	84620221	518	0.7027	0.027	0.1911	
84619703	84620221	518	0.7027	0.027	0.1911	
84623326	84623496	170	0.7353	0.0353	0.1588	
85254780	85255397	617	0.3452	0.5251	0.1021	
85353927	85354776	849	0.424	0.4299	0.1237	
85435156	85436076	920	0.1761	0.7848	0.013	
86267653	86268390	737	0.6106	0.1085	0.2049	
86267653	86268390	737	0.6106	0.1085	0.2049	
86267653	86268390	737	0.6106	0.1085	0.2049	
86269499	86269864	365	0.6959	0.0274	0.1479	
86312690	86313216	526	0.4867	0.1084	0.3213	
86717286	86718412	1126	0.2478	0.0533	0.6421	
86717286	86718412	1126	0.2478	0.0533	0.6421	
86724730	86725200	470	0.8468	0.0319	0.0362	
88446956	88447622	666	0.2748	0.0195	0.6772	
88446956	88447622	666	0.2748	0.0195	0.6772	
88520316	88520982	666	0.3784	0.0991	0.4895	
88993455	88993716	261	0.9387	0.0	0.0077	
89091334	89091626	292	0.8425	0.0377	0.0377	
89325106	89325894	788	0.3338	0.4822	0.1282	
90075678	90075912	234	0.9145	0.0299	0.0085	
90124296	90124552	256	0.8789	0.0391	0.0	
91341884	91342530	646	0.5604	0.1269	0.1471	
91341884	91342530	646	0.5604	0.1269	0.1471	
91341884	91342530	646	0.5604	0.1269	0.1471	
91341884	91342530	646	0.5604	0.1269	0.1471	
91477635	91480757	3122	0.0727	0.5503	0.3523	
91532957	91533204	247	0.7814	0.0364	0.0769	
91727541	91728187	646	0.3576	0.2693	0.339	
92471779	92472357	578	0.5952	0.0138	0.2647	
92471779	92472357	578	0.5952	0.0138	0.2647	
92683093	92683366	273	0.0	0.0	1.0	
92828044	92828575	531	0.5047	0.0753	0.2994	
92988954	92989773	819	0.6264	0.0818	0.1917	
93160515	93161524	1009	0.3707	0.334	0.2042	
93244878	93245478	600	0.7283	0.08	0.0917	
93244878	93245478	600	0.7283	0.08	0.0917	
93570323	93570941	618	0.3107	0.5841	0.0469	
93571792	93572078	286	0.6224	0.035	0.2762	
94461188	94461589	401	0.7257	0.1322	0.0673	
94547356	94548340	984	0.5183	0.2449	0.1514	
94562907	94563326	419	0.5251	0.2458	0.1695	
96037607	96038157	550	0.7473	0.0455	0.1255	
96054821	96055237	416	0.8365	0.012	0.0313	
96426461	96426730	269	0.881	0.0	0.026	
96560065	96560487	422	0.6043	0.218	0.0806	
97064999	97065295	296	0.6047	0.027	0.3209	
97626747	97627025	278	0.5863	0.0252	0.3273	
97806787	97807301	514	0.5078	0.3268	0.0992	
97839768	97839943	175	0.9314	0.0057	0.0	
97839768	97839943	175	0.9314	0.0057	0.0	
97839768	97839943	175	0.9314	0.0057	0.0	
97990749	97990921	172	0.9128	0.0291	0.0	
98179565	98180076	511	0.863	0.0254	0.0235	
98397400	98397753	353	0.9348	0.0198	0.0	
98471663	98471939	276	0.8188	0.0652	0.0217	
98471663	98471939	276	0.8188	0.0652	0.0217	
98471663	98471939	276	0.8188	0.0652	0.0217	
98489199	98489545	346	0.9306	0.0173	0.0145	
98628050	98629169	1119	0.4129	0.3807	0.1475	
98884562	98884843	281	0.8648	0.0036	0.0605	
98884562	98884843	281	0.8648	0.0036	0.0605	
98936289	98936506	217	0.0	0.0	1.0	
102041840	102042478	638	0.2132	0.7539	0.0188	
102173184	102173583	399	0.6541	0.01	0.2206	
102175994	102176571	577	0.5927	0.0347	0.2634	
104695707	104696269	562	0.9128	0.0125	0.0214	
104737540	104737969	429	0.6876	0.0023	0.2331	
104831571	104832873	1302	0.6605	0.0991	0.0799	
104850956	104851361	405	0.8346	0.0148	0.0395	
104857205	104857479	274	0.8029	0.0036	0.1423	
104873673	104875349	1676	0.5823	0.1372	0.1826	
104877314	104878762	1448	0.4572	0.2355	0.2424	
104880514	104880726	212	0.7358	0.0849	0.0802	
104907072	104907742	670	0.6522	0.097	0.1836	
104922749	104923456	707	0.0566	0.0	0.9264	
104977882	104978923	1041	0.3987	0.3372	0.2181	
104996266	104996563	297	0.8586	0.0135	0.0236	
105030721	105031628	907	0.355	0.0375	0.5469	
105062567	105062841	274	0.9343	0.0	0.0036	
105129962	105131297	1335	0.4127	0.3326	0.1873	
105156344	105157859	1515	0.5116	0.237	0.1723	
105156344	105157859	1515	0.5116	0.237	0.1723	
105190789	105192274	1485	0.7347	0.0626	0.0788	
105280160	105280443	283	0.4664	0.106	0.2933	
105629377	105629572	195	0.9128	0.0	0.0103	
107183064	107183921	857	0.3547	0.2357	0.3757	
107477257	107478015	758	0.3799	0.0673	0.4723	
107590438	107590783	345	0.6609	0.0087	0.2696	
107860346	107860949	603	0.529	0.1791	0.1857	
107870077	107870778	701	0.4608	0.1227	0.3381	
109790513	109792815	2302	0.1321	0.6268	0.2037	
109790513	109792815	2302	0.1321	0.6268	0.2037	
111413593	111413925	332	0.9518	0.0	0.0	
111420930	111421380	450	0.7444	0.1044	0.0489	
111576578	111577734	1156	0.4325	0.2621	0.2163	
111684632	111684873	241	0.9502	0.0041	0.0166	
111735943	111736292	349	0.8911	0.0201	0.0229	
112115021	112115202	181	0.895	0.011	0.0276	
112333184	112333693	509	0.6228	0.0314	0.275	
112414101	112414449	348	0.5776	0.2155	0.1638	
112414101	112414449	348	0.5776	0.2155	0.1638	
112431871	112432325	454	0.7445	0.0352	0.152	
112955289	112955601	312	0.0	0.0	1.0	
112956640	112957700	1060	0.6538	0.1981	0.0594	
112956640	112957700	1060	0.6538	0.1981	0.0594	
112956640	112957700	1060	0.6538	0.1981	0.0594	
112956640	112957700	1060	0.6538	0.1981	0.0594	
112956640	112957700	1060	0.6538	0.1981	0.0594	
112958167	112958707	540	0.687	0.0593	0.1944	
112958167	112958707	540	0.687	0.0593	0.1944	
112958167	112958707	540	0.687	0.0593	0.1944	
113174352	113174722	370	0.4135	0.5	0.0514	
113324887	113325963	1076	0.8736	0.0353	0.026	
113486746	113487377	631	0.5214	0.0254	0.4089	
113489626	113490353	727	0.4305	0.2118	0.2902	
113498503	113498856	353	0.8102	0.0142	0.0453	
113615994	113616387	393	0.883	0.0	0.056	
113636173	113636822	649	0.7057	0.0924	0.114	
113648034	113648942	908	0.8282	0.0341	0.033	
113704544	113705154	610	0.5984	0.3	0.0328	
113943472	113943878	406	0.0	0.0	1.0	
113996137	113996319	182	0.8956	0.022	0.0055	
114523549	114524183	634	0.7713	0.0804	0.0552	
114592216	114592401	185	0.9622	0.0	0.0	
114646485	114647432	947	0.4424	0.3949	0.1119	
114813896	114814646	750	0.7627	0.048	0.1053	
114875441	114875982	541	0.6599	0.1275	0.159	
115204433	115204765	332	0.9578	0.0	0.0	
115336168	115336370	202	0.9158	0.0	0.0099	
115347283	115347690	407	0.688	0.1057	0.1425	
115347283	115347690	407	0.688	0.1057	0.1425	
115569845	115570055	210	0.7952	0.0	0.1524	
115754785	115755038	253	0.9723	0.0	0.0	
115754785	115755038	253	0.9723	0.0	0.0	
115885611	115885882	271	0.9114	0.0	0.0332	
115885611	115885882	271	0.9114	0.0	0.0332	
116302991	116303613	622	0.4325	0.0161	0.5016	
116472539	116472927	388	0.5541	0.2887	0.0851	
116504477	116505070	593	0.8128	0.0708	0.0472	
116716845	116717444	599	0.5359	0.1436	0.2588	
116821924	116822635	711	0.2504	0.5288	0.1871	
116823158	116823673	515	0.6466	0.068	0.1922	
116823158	116823673	515	0.6466	0.068	0.1922	
117493494	117494244	750	0.5813	0.0933	0.256	
117493494	117494244	750	0.5813	0.0933	0.256	
117503023	117503335	312	0.8141	0.0385	0.0256	
118378574	118379127	553	0.604	0.1899	0.0958	
118481590	118481834	244	0.8648	0.0082	0.0369	
118906648	118908371	1723	0.1178	0.621	0.2449	
119493388	119493676	288	0.8507	0.0174	0.0104	
119891527	119892219	692	0.0	0.0	1.0	
120187567	120187858	291	0.8866	0.0172	0.0137	
120401770	120401917	147	0.9524	0.0	0.0	
120670715	120671534	819	0.9512	0.0073	0.0024	
120761174	120762652	1478	0.4472	0.1996	0.2808	
120761174	120762652	1478	0.4472	0.1996	0.2808	
121064932	121066848	1916	0.3669	0.2672	0.297	
121321899	121322258	359	0.7772	0.0167	0.1393	
121333433	121333767	334	0.7066	0.009	0.2246	
121397881	121398057	176	0.9659	0.0114	0.0	
121426527	121426689	162	0.9815	0.0	0.0	
123468073	123468884	811	0.3995	0.2503	0.3107	
124847637	124847911	274	0.8504	0.0292	0.0219	
126452933	126453868	935	0.3209	0.5337	0.077	
129143786	129144339	553	0.425	0.0434	0.4792	
129152217	129153200	983	0.6277	0.1831	0.0987	
129405247	129405548	301	0.7076	0.0199	0.1063	
129407164	129407800	636	0.9072	0.0016	0.0126	
129617769	129618227	458	0.81	0.0633	0.0197	
130792572	130793261	689	0.5138	0.0769	0.3033	
130829832	130830361	529	0.5293	0.3497	0.0681	
131489509	131490151	642	0.5156	0.3333	0.0701	
131586928	131587813	885	0.5593	0.1017	0.2237	
132027249	132027542	293	0.8737	0.058	0.0034	
132159015	132159837	822	0.6423	0.1557	0.0815	
132315634	132316092	458	0.9017	0.0044	0.0022	
132420791	132421090	299	0.8194	0.0301	0.0268	
132420791	132421090	299	0.8194	0.0301	0.0268	
132432258	132432785	527	0.8482	0.0076	0.0304	
132432258	132432785	527	0.8482	0.0076	0.0304	
132460115	132460294	179	0.8603	0.0223	0.0223	
132460546	132460936	390	0.0	0.0	1.0	
132714442	132714651	209	0.8852	0.0096	0.0335	
133251898	133253369	1471	0.2352	0.6948	0.0442	
133346445	133347455	1010	0.4911	0.2861	0.1594	
133586866	133587146	280	0.9107	0.0679	0.0	
134254042	134254767	725	0.6469	0.1255	0.1131	
134296063	134296679	616	0.3377	0.5292	0.099	
135066609	135066831	222	0.8198	0.018	0.0721	
135066609	135066831	222	0.8198	0.018	0.0721	
135121608	135122461	853	0.1841	0.5135	0.2919	
135504220	135504582	362	0.9282	0.011	0.0083	
135561360	135561634	274	0.8796	0.0	0.0365	
135755482	135756061	579	0.2297	0.4991	0.2366	
136775831	136776366	535	0.3888	0.4168	0.1421	
137086672	137086882	210	0.8333	0.0238	0.0571	
137086672	137086882	210	0.8333	0.0238	0.0571	
137177586	137177925	339	0.8555	0.0	0.059	
137796397	137796662	265	0.766	0.0113	0.1509	
137835415	137835656	241	0.5021	0.0	0.4647	
137873415	137874753	1338	0.2287	0.6547	0.071	
137896548	137896832	284	0.8908	0.0141	0.0176	
138089144	138090137	993	0.2518	0.3484	0.3484	
138187607	138187909	302	0.8245	0.0166	0.0265	
138267314	138267742	428	0.4743	0.0467	0.4439	
138538596	138539299	703	0.7724	0.0156	0.1124	
138912565	138913298	733	0.7108	0.0246	0.1869	
139014335	139015270	935	0.4364	0.2535	0.216	
139098860	139099291	431	0.5708	0.348	0.0441	
139270829	139271078	249	0.8032	0.0442	0.0723	
139294110	139294363	253	0.9605	0.0	0.0119	
139341284	139342299	1015	0.931	0.001	0.0128	
139341284	139342299	1015	0.931	0.001	0.0128	
139349246	139349491	245	0.951	0.0204	0.0	
139558177	139558488	311	0.5659	0.1383	0.2251	
139567011	139567657	646	0.5882	0.1207	0.1548	
139579080	139579355	275	0.5273	0.0727	0.28	
139591814	139592302	488	0.6373	0.0102	0.2787	
139591814	139592302	488	0.6373	0.0102	0.2787	
139689618	139690489	871	0.837	0.0517	0.0379	
139705268	139705450	182	0.8407	0.0769	0.022	
139749834	139750351	517	0.8646	0.0058	0.0426	
139749834	139750351	517	0.8646	0.0058	0.0426	
139771777	139772065	288	0.9236	0.0	0.0174	
139771777	139772065	288	0.9236	0.0	0.0174	
139771777	139772065	288	0.9236	0.0	0.0174	
139816070	139816341	271	0.8044	0.0148	0.1218	
139879219	139879353	134	0.9776	0.0075	0.0	
140785787	140786661	874	0.7231	0.0812	0.0744	
140785787	140786661	874	0.7231	0.0812	0.0744	
141051451	141052534	1083	0.7276	0.0674	0.121	
141091411	141091812	401	0.3716	0.0324	0.5736	
141105782	141106363	581	0.327	0.4337	0.2203	
141595344	141595578	234	0.9402	0.0	0.0256	
142280304	142280901	597	0.5963	0.1575	0.1809	
142324601	142325450	849	0.3439	0.0942	0.5347	
142343889	142344373	484	0.6715	0.0331	0.2149	
142397525	142398351	826	0.7179	0.1344	0.0472	
143663542	143663979	437	0.9222	0.0	0.0046	
144100073	144100535	462	0.8095	0.0108	0.132	
144164764	144166976	2212	0.2256	0.2939	0.4313	
144355782	144356009	227	0.8811	0.0396	0.0088	
144355782	144356009	227	0.8811	0.0396	0.0088	
145209361	145210069	708	0.452	0.4506	0.024	
145675312	145675694	382	0.8141	0.0419	0.0209	
145805448	145806399	951	0.2618	0.6236	0.0841	
145824823	145824963	140	0.9786	0.0	0.0	
145908527	145909024	497	0.6579	0.0121	0.2636	
145908527	145909024	497	0.6579	0.0121	0.2636	
145931856	145932863	1007	0.6346	0.14	0.149	
146371147	146371339	192	0.9375	0.0	0.0313	
146405206	146405563	357	0.9132	0.014	0.0112	
147097785	147098103	318	0.9277	0.0	0.044	
147179859	147180077	218	0.8853	0.0413	0.0046	
147798087	147799620	1533	0.1057	0.8043	0.0848	
148169317	148169778	461	0.6443	0.1779	0.1215	
148536171	148536356	185	0.9514	0.0	0.0	
148536171	148536356	185	0.9514	0.0	0.0	
148536171	148536356	185	0.9514	0.0	0.0	
148576009	148576420	411	0.9392	0.0	0.0122	
148650982	148651421	439	0.8087	0.0387	0.0524	
149153228	149153607	379	0.5937	0.0211	0.2665	
149332284	149333206	922	0.6345	0.077	0.2299	
149363039	149364290	1251	0.5412	0.1487	0.2406	
149363039	149364290	1251	0.5412	0.1487	0.2406	
150329470	150329766	296	0.875	0.0	0.0338	
150698967	150699541	574	0.8815	0.0122	0.0244	
150980266	150980534	268	0.9403	0.0	0.0149	
150980266	150980534	268	0.9403	0.0	0.0149	
151019367	151019846	479	0.8434	0.0251	0.0125	
151023799	151024324	525	0.661	0.0819	0.141	
151023799	151024324	525	0.661	0.0819	0.141	
151033344	151034187	843	0.4437	0.1518	0.3179	
151056991	151057437	446	0.8587	0.0	0.0919	
151056991	151057437	446	0.8587	0.0	0.0919	
151080772	151081120	348	0.8707	0.0	0.0287	
151081332	151081567	235	0.8213	0.0043	0.1064	
151084060	151085244	1184	0.7356	0.0211	0.1605	
151084060	151085244	1184	0.7356	0.0211	0.1605	
151154046	151154805	759	0.5771	0.1462	0.1515	
151154046	151154805	759	0.5771	0.1462	0.1515	
151207707	151208204	497	0.6821	0.1449	0.0946	
151368686	151370960	2274	0.1755	0.7318	0.0629	
152645889	152646759	870	0.2977	0.2115	0.4448	
152671938	152672926	988	0.3188	0.0304	0.584	
152690803	152691206	403	0.6476	0.2208	0.0744	
152748075	152748461	386	0.6554	0.0363	0.1528	
152765652	152766403	751	0.5087	0.0519	0.3302	
154906362	154908779	2417	0.6794	0.0463	0.1713	
154906362	154908779	2417	0.6794	0.0463	0.1713	
154998430	154999073	643	0.6252	0.1229	0.1384	
154998430	154999073	643	0.6252	0.1229	0.1384	
155055411	155056170	759	0.4466	0.3399	0.1278	
155901874	155902259	385	0.5818	0.0156	0.2857	
157260292	157260708	416	0.6322	0.1875	0.0264	
157602426	157602892	466	0.7361	0.0966	0.1073	
157721667	157723093	1426	0.1038	0.5638	0.305	
157721667	157723093	1426	0.1038	0.5638	0.305	
157744135	157744517	382	0.6466	0.0654	0.1937	
157934029	157934423	394	0.8553	0.0305	0.0152	
157934029	157934423	394	0.8553	0.0305	0.0152	
157939847	157940036	189	0.8095	0.0106	0.0476	
157940407	157942112	1705	0.4023	0.3238	0.1941	
157986857	157987911	1054	0.3833	0.3899	0.1784	
157991505	157991957	452	0.7965	0.0199	0.0553	
158008307	158010033	1726	0.2161	0.5562	0.1842	
158279316	158280001	685	0.238	0.7095	0.0248	
159388197	159388642	445	0.7506	0.0225	0.1079	
159671242	159671489	247	0.919	0.0121	0.0	
159897059	159897338	279	0.7778	0.0466	0.1111	
159897059	159897338	279	0.7778	0.0466	0.1111	
159897059	159897338	279	0.7778	0.0466	0.1111	
161351652	161352009	357	0.7367	0.1232	0.0616	
162432944	162433242	298	0.1007	0.0	0.5503	
164769780	164770026	246	0.0	0.0	1.0	
166557553	166558153	600	0.38	0.515	0.07	
166560005	166560264	259	0.7761	0.0	0.112	
166687284	166687560	276	0.8768	0.0109	0.0254	
166769329	166770167	838	0.5943	0.2959	0.0656	
166800208	166800478	270	0.0	0.0	1.0	
166917408	166919088	1680	0.475	0.3131	0.1321	
168345987	168347018	1031	0.9156	0.0097	0.0078	
168592200	168592663	463	0.8985	0.0022	0.0324	
168612857	168613600	743	0.4482	0.502	0.0135	
168612857	168613600	743	0.4482	0.502	0.0135	
168614227	168614487	260	0.85	0.0	0.0808	
169861289	169861908	619	0.7431	0.0889	0.0372	
169862511	169862768	257	0.8872	0.0117	0.0078	
169862511	169862768	257	0.8872	0.0117	0.0078	
169907300	169907558	258	0.7287	0.0581	0.1357	
170275574	170276008	434	0.6705	0.0253	0.1728	
171135761	171137992	2231	0.4908	0.1013	0.3187	
171215633	171215873	240	0.8708	0.0417	0.0	
171289255	171290288	1033	0.4521	0.1665	0.2652	
172183213	172183723	510	0.5157	0.1667	0.2588	
172214331	172215220	889	0.5647	0.2216	0.1609	
172284927	172285235	308	0.8182	0.0552	0.026	
172409995	172410397	402	0.9104	0.0	0.0174	
172690496	172690810	314	0.8121	0.0382	0.0318	
174287222	174288386	1164	0.1847	0.4794	0.317	
174559484	174560716	1232	0.2638	0.1656	0.5276	
174740492	174740895	403	0.8586	0.0099	0.0447	
174973482	174973679	197	0.8934	0.0	0.0203	
174973482	174973679	197	0.8934	0.0	0.0203	
174973482	174973679	197	0.8934	0.0	0.0203	
175195026	175195532	506	0.5158	0.0771	0.3024	
176106061	176106299	238	0.8739	0.0	0.0084	
176272207	176272486	279	0.7993	0.0573	0.0538	
176272207	176272486	279	0.7993	0.0573	0.0538	
176307733	176308788	1055	0.8607	0.0085	0.0673	
176307733	176308788	1055	0.8607	0.0085	0.0673	
176307733	176308788	1055	0.8607	0.0085	0.0673	
176307733	176308788	1055	0.8607	0.0085	0.0673	
176705236	176705926	690	0.0	0.0	1.0	
176823400	176824121	721	0.2857	0.2802	0.4008	
176832712	176832919	207	0.9082	0.0	0.0097	
176910432	176910826	394	0.8706	0.0305	0.0076	
176971460	176971890	430	0.3465	0.3209	0.2465	
177798700	177799442	742	0.3841	0.2722	0.2736	
177848858	177849044	186	0.8387	0.0806	0.0	
178744049	178744310	261	0.0	0.0	1.0	
178945677	178946171	494	0.6032	0.1296	0.1883	
179329247	179329439	192	0.8906	0.0	0.0104	
179455782	179456718	936	0.687	0.0812	0.1154	
180055674	180056327	653	0.6478	0.1516	0.0781	
180181009	180181514	505	0.4614	0.3347	0.1505	
180218390	180218605	215	0.8233	0.0047	0.093	
180238155	180238698	543	0.8416	0.0166	0.0295	
180252303	180252969	666	0.4174	0.2012	0.3288	
180305801	180306642	841	0.6433	0.1998	0.0535	
180910882	180911315	433	0.7321	0.0323	0.1016	
181582095	181582395	300	0.89	0.0033	0.0333	
181585184	181585859	675	0.5689	0.1793	0.1689	
181585184	181585859	675	0.5689	0.1793	0.1689	
181608595	181609452	857	0.3361	0.4201	0.2065	
181868061	181869193	1132	0.2668	0.5786	0.1113	
182525804	182526942	1138	0.1318	0.4938	0.2882	
183102370	183103255	885	0.6192	0.1209	0.0802	
183544459	183545042	583	0.4237	0.2007	0.3036	
183544459	183545042	583	0.4237	0.2007	0.3036	
183647329	183648053	724	0.4779	0.2859	0.1381	
183752715	183753087	372	0.629	0.078	0.1452	
183752715	183753087	372	0.629	0.078	0.1452	
184038253	184039847	1594	0.2039	0.638	0.0985	
184415976	184418658	2682	0.0802	0.8762	0.0362	
184419273	184421836	2563	0.1639	0.16	0.636	
184451842	184452355	513	0.6277	0.0117	0.2651	
184702255	184702722	467	0.8201	0.0321	0.0621	
184717795	184718248	453	0.3046	0.0839	0.5541	
185431514	185432133	619	0.7383	0.0323	0.105	
185658041	185658810	769	0.3368	0.3147	0.3212	
186375767	186376783	1016	0.6732	0.0699	0.1467	
186381427	186381733	306	0.9052	0.0163	0.0098	
186398446	186399437	991	0.7437	0.0343	0.1019	
186516623	186516906	283	0.8551	0.0035	0.0353	
187335650	187336314	664	0.3027	0.2877	0.3705	
187841213	187841848	635	0.6882	0.0913	0.1433	
187860091	187860572	481	0.896	0.027	0.0062	
188313872	188314163	291	0.8041	0.0103	0.0893	
189063727	189064394	667	0.3823	0.06	0.4993	
189063727	189064394	667	0.3823	0.06	0.4993	
189065325	189065560	235	0.7915	0.0255	0.1106	
189222864	189223235	371	0.6927	0.0162	0.1968	
189433440	189433735	295	0.7525	0.0373	0.0949	
189899338	189899658	320	0.8719	0.0	0.0406	
190021210	190022282	1072	0.8172	0.0289	0.041	
190023123	190023376	253	0.9091	0.0	0.0277	
192060135	192061227	1092	0.7958	0.0476	0.0321	
192305894	192306617	723	0.6459	0.0996	0.2061	
192351732	192352041	309	0.8511	0.0421	0.0	
192382128	192382466	338	0.8935	0.0207	0.003	
192415469	192415851	382	0.9529	0.0105	0.0026	
192507252	192507935	683	0.8009	0.0307	0.022	
192507252	192507935	683	0.8009	0.0307	0.022	
192507252	192507935	683	0.8009	0.0307	0.022	
192596972	192597822	850	0.5141	0.1529	0.2082	
192596972	192597822	850	0.5141	0.1529	0.2082	
192596972	192597822	850	0.5141	0.1529	0.2082	
192599784	192600193	409	0.5623	0.1174	0.2298	
193966887	193967147	260	0.8308	0.0192	0.0154	
194306886	194308039	1153	0.4727	0.1015	0.3374	
194306886	194308039	1153	0.4727	0.1015	0.3374	
195125427	195125678	251	0.9163	0.012	0.004	
195125427	195125678	251	0.9163	0.012	0.004	
195132100	195132760	660	0.4061	0.1909	0.3652	
195750936	195751793	857	0.5216	0.224	0.1307	
195750936	195751793	857	0.5216	0.224	0.1307	
196047426	196047636	210	0.6238	0.0095	0.2476	
197380476	197380909	433	0.8453	0.0	0.0762	
197648657	197649280	623	0.4286	0.0626	0.4591	
197652815	197653221	406	0.4409	0.3818	0.1379	
197652815	197653221	406	0.4409	0.3818	0.1379	
197795482	197796108	626	0.6054	0.1102	0.2061	
199627136	199627415	279	0.7061	0.043	0.172	
200173366	200173814	448	0.6272	0.2121	0.0826	
201074744	201075225	481	0.605	0.0707	0.2557	
201445472	201445772	300	0.8833	0.0433	0.0	
201496992	201497605	613	0.7129	0.0408	0.1436	
201513611	201513975	364	0.0	0.0	1.0	
201517666	201518052	386	0.7202	0.0207	0.1425	
201923258	201923404	146	0.7466	0.0	0.1712	
202022319	202023283	964	0.5934	0.0654	0.2573	
202071685	202072177	492	0.6687	0.2642	0.0244	
202196335	202196937	602	0.4934	0.1013	0.3688	
202271112	202271469	357	0.8039	0.0	0.1373	
202435670	202436240	570	0.2544	0.5088	0.186	
204495162	204495319	157	0.9363	0.0	0.0	
204651907	204652113	206	0.9515	0.0	0.0097	
204957634	204957781	147	0.9184	0.0544	0.0	
205039988	205040409	421	0.2945	0.2067	0.4584	
205039988	205040409	421	0.2945	0.2067	0.4584	
205318474	205318960	486	0.893	0.0226	0.037	
205418454	205418995	541	0.4658	0.2773	0.1941	
205425896	205426483	587	0.4242	0.3322	0.2266	
207040644	207041052	408	0.8799	0.0417	0.0368	
207629624	207631171	1547	0.2295	0.0103	0.7285	
207634120	207634785	665	0.5579	0.2827	0.0286	
207803714	207804152	438	0.5479	0.121	0.2694	
208162408	208163026	618	0.5162	0.2945	0.1424	
209760651	209760848	197	0.9695	0.0	0.0	
210020642	210021333	691	0.7033	0.013	0.2229	
210099735	210100058	323	0.8514	0.031	0.0372	
210143853	210144386	533	0.9174	0.0038	0.015	
210325715	210325935	220	0.9227	0.0	0.0227	
210511861	210512398	537	0.4916	0.0168	0.4134	
210825415	210825754	339	0.587	0.1976	0.1475	
210825415	210825754	339	0.587	0.1976	0.1475	
210825415	210825754	339	0.587	0.1976	0.1475	
210825415	210825754	339	0.587	0.1976	0.1475	
210825415	210825754	339	0.587	0.1976	0.1475	
210892104	210892540	436	0.7179	0.0069	0.2087	
211631416	211631805	389	0.6504	0.0617	0.1697	
211865310	211865903	593	0.8533	0.032	0.0438	
212039599	212040505	906	0.4658	0.2263	0.2241	
212054434	212054876	442	0.8416	0.0226	0.0271	
212054434	212054876	442	0.8416	0.0226	0.0271	
212054434	212054876	442	0.8416	0.0226	0.0271	
212155728	212156351	623	0.3291	0.5377	0.0787	
212401574	212401862	288	0.9132	0.0	0.0278	
212401574	212401862	288	0.9132	0.0	0.0278	
212401574	212401862	288	0.9132	0.0	0.0278	
212577142	212577565	423	0.6478	0.0142	0.2317	
212577142	212577565	423	0.6478	0.0142	0.2317	
212587673	212588890	1217	0.5629	0.1068	0.1783	
212626998	212627488	490	0.7653	0.0633	0.049	
212644012	212644260	248	0.0	0.0	1.0	
212774387	212775130	743	0.3849	0.3338	0.2194	
213048088	213048735	647	0.7728	0.085	0.0696	
213049785	213050601	816	0.9032	0.0123	0.0306	
213182353	213184051	1698	0.4511	0.0707	0.3905	
213592131	213593041	910	0.2407	0.311	0.4308	
213963572	213964012	440	0.7818	0.0386	0.0295	
214126647	214127721	1074	0.3492	0.3566	0.2626	
214994030	214994427	397	0.6549	0.0453	0.1486	
215032949	215033161	212	0.0	0.0	1.0	
215036358	215036933	575	0.4417	0.1339	0.3774	
215380666	215380928	262	0.687	0.0115	0.2176	
215403383	215403870	487	0.6961	0.1027	0.1129	
215403383	215403870	487	0.6961	0.1027	0.1129	
215403383	215403870	487	0.6961	0.1027	0.1129	
215729723	215730111	388	0.7809	0.0851	0.0979	
216249426	216250273	847	0.3577	0.497	0.0909	
219706475	219706691	216	0.8009	0.0185	0.0185	
219891886	219892332	446	0.2399	0.3161	0.3744	
220318151	220318765	614	0.4169	0.0928	0.3893	
221080460	221080783	323	0.7802	0.0898	0.0341	
221484737	221485442	705	0.2199	0.6596	0.0865	
221553727	221554211	484	0.657	0.0145	0.2665	
222583131	222584405	1274	0.5447	0.2889	0.0432	
223695668	223696614	946	0.3996	0.2685	0.2474	
224583917	224584199	282	0.9184	0.0	0.0035	
224585350	224585967	617	0.8331	0.0276	0.0292	
224595961	224596746	785	0.3682	0.4637	0.1146	
224730237	224730795	558	0.7939	0.0412	0.0735	
225558943	225559216	273	0.7326	0.1612	0.0256	
225680623	225681281	658	0.4255	0.1702	0.3359	
225851525	225852027	502	0.5199	0.0996	0.2928	
226765221	226765484	263	0.8821	0.0152	0.0152	
226911503	226913284	1781	0.2381	0.6154	0.1168	
227353409	227353966	557	0.2172	0.3591	0.3662	
227471309	227471815	506	0.7609	0.0395	0.1206	
228373385	228374098	713	0.4334	0.0561	0.4712	
228373385	228374098	713	0.4334	0.0561	0.4712	
228806022	228806527	505	0.5406	0.1347	0.301	
228814604	228814932	328	0.7317	0.1128	0.064	
229031996	229032440	444	0.7815	0.0113	0.1419	
229208589	229208839	250	0.928	0.0	0.0	
230123512	230123881	369	0.6667	0.019	0.2276	
230305616	230305971	355	0.8394	0.0028	0.062	
230414599	230414785	186	0.6828	0.0269	0.2151	
230865389	230866035	646	0.7245	0.0666	0.1207	
230958857	230959336	479	0.7829	0.0731	0.0459	
231373276	231374641	1365	0.5319	0.2022	0.1553	
231391702	231391914	212	0.9245	0.0094	0.0	
231447638	231447970	332	0.8283	0.006	0.0512	
231456466	231456624	158	0.9114	0.0316	0.0127	
231574421	231574741	320	0.9	0.0094	0.0281	
232659446	232661124	1678	0.211	0.3397	0.413	
232659446	232661124	1678	0.211	0.3397	0.413	
232671943	232672476	533	0.8293	0.045	0.03	
232672847	232673455	608	0.2829	0.6628	0.0296	
232733789	232734025	236	0.8814	0.0	0.0381	
232739570	232740074	504	0.4544	0.1528	0.3512	
232739570	232740074	504	0.4544	0.1528	0.3512	
232917347	232917742	395	0.4456	0.2354	0.2532	
232923404	232923741	337	0.7923	0.0089	0.1306	
233173435	233174086	651	0.4777	0.404	0.043	
233181265	233182143	878	0.4305	0.115	0.3941	
233748912	233749152	240	0.8375	0.0375	0.025	
233873993	233874328	335	0.7552	0.0328	0.1104	
234001009	234001359	350	0.7657	0.04	0.0829	
234401770	234402058	288	0.7882	0.0174	0.0903	
234512898	234513352	454	0.4868	0.2797	0.1542	
234637262	234639303	2041	0.6595	0.146	0.1244	
234716944	234717428	484	0.7231	0.0537	0.1364	
235645023	235645956	933	0.0	0.0	1.0	
236856793	236857422	629	0.5342	0.07	0.3164	
241371181	241372078	897	0.3868	0.301	0.2531	
241451929	241452157	228	0.7456	0.0614	0.0921	
241536088	241536566	478	0.7573	0.0188	0.1318	
241647337	241647595	258	0.8643	0.0194	0.0736	
241647337	241647595	258	0.8643	0.0194	0.0736	
241711115	241711851	736	0.7772	0.0774	0.1046	
241712431	241713146	715	0.449	0.1343	0.3608	
241712431	241713146	715	0.449	0.1343	0.3608	
242019633	242019884	251	0.7649	0.1076	0.0518	
242190690	242190932	242	0.9215	0.0	0.0124	
242645563	242646194	631	0.5483	0.1696	0.1997	
243030469	243030948	479	0.9645	0.0	0.0	
243030469	243030948	479	0.9645	0.0	0.0	
243039118	243039424	306	0.8203	0.0556	0.0294	
243122557	243122869	312	0.8974	0.0	0.0449	
243140290	243140563	273	0.978	0.0	0.0	
243140290	243140563	273	0.978	0.0	0.0	
243164628	243164950	322	0.4689	0.0062	0.4596	
243542550	243543837	1287	0.3201	0.2152	0.4242	
243645261	243645510	249	0.8715	0.004	0.008	
243646573	243647011	438	0.8105	0.0091	0.1279	
244351252	244352886	1634	0.317	0.1248	0.4957	
245313113	245313405	292	0.7705	0.0342	0.1267	
247333861	247334795	934	0.2623	0.4176	0.2837	
247347628	247347995	367	0.0	0.0	1.0	
248121158	248121412	254	0.9055	0.0	0.0236	
248185895	248186150	255	0.8902	0.0314	0.0314	
248207580	248207991	411	0.7567	0.0681	0.0876	
248303671	248303993	322	0.8199	0.0901	0.0124	
248332561	248332920	359	0.6825	0.2033	0.0334	
248397711	248398096	385	0.7065	0.0442	0.1455	
248452284	248452849	565	0.285	0.1681	0.4885	
248786810	248787165	355	0.7859	0.1239	0.0169	
248786810	248787165	355	0.7859	0.1239	0.0169	
248937546	248938494	948	0.6108	0.2373	0.0992	
249722100	249722327	227	0.7709	0.0441	0.0969	
250330188	250330446	258	0.8178	0.0	0.093	
250597814	250598130	316	0.8734	0.019	0.038	
250597814	250598130	316	0.8734	0.019	0.038	
250690073	250690719	646	0.6099	0.1656	0.082	
250700801	250701049	248	0.0	0.0	1.0	
251589634	251589822	188	0.9096	0.0319	0.016	
252398508	252398962	454	0.0661	0.1167	0.804	
252398508	252398962	454	0.0661	0.1167	0.804	
252481656	252482273	617	0.7844	0.0243	0.0989	
252481656	252482273	617	0.7844	0.0243	0.0989	
252485389	252485661	272	0.8309	0.0184	0.0184	
252599730	252600095	365	0.589	0.0329	0.337	
253074909	253075371	462	0.697	0.1364	0.0714	
253355275	253355874	599	0.8965	0.0234	0.015	
253361043	253361574	531	0.6403	0.1149	0.1224	
253692879	253693264	385	0.8935	0.0052	0.0	
253803991	253804154	163	0.8834	0.0	0.0675	
254390998	254391771	773	0.4179	0.3946	0.1462	
254608079	254608820	741	0.9528	0.0	0.0108	
254640477	254640805	328	0.0	0.0	1.0	
255001491	255001987	496	0.6976	0.0403	0.1472	
255260271	255260567	296	0.9122	0.0068	0.0068	
255591266	255591562	296	0.8412	0.0236	0.0676	
255772557	255773024	467	0.9208	0.0043	0.0128	
257047953	257048538	585	0.4872	0.0821	0.3949	
257265768	257266203	435	0.6299	0.0667	0.2483	
257456974	257457348	374	0.885	0.0294	0.0134	
257616702	257616882	180	0.9056	0.0278	0.0	
257823926	257824411	485	0.668	0.0784	0.1443	
257946082	257946427	345	0.9275	0.0116	0.0058	
257951266	257952097	831	0.7268	0.0915	0.0722	
258108092	258108694	602	0.6512	0.015	0.2708	
258108092	258108694	602	0.6512	0.015	0.2708	
258108092	258108694	602	0.6512	0.015	0.2708	
258296820	258297253	433	0.9145	0.0069	0.0208	
258370665	258371159	494	0.4028	0.2429	0.334	
259293224	259293700	476	0.5294	0.0	0.4454	
259969700	259970181	481	0.8129	0.0541	0.0291	
259995364	259995875	511	0.7339	0.1252	0.0333	
260359617	260359782	165	0.8667	0.0	0.0121	
261167710	261168199	489	0.816	0.002	0.0654	
261200568	261201254	686	0.7449	0.1152	0.0583	
261200568	261201254	686	0.7449	0.1152	0.0583	
261205049	261205845	796	0.4636	0.4397	0.0364	
261209839	261210670	831	0.4862	0.4356	0.0301	
261209839	261210670	831	0.4862	0.4356	0.0301	
261510004	261510268	264	0.8485	0.0152	0.0417	
261510004	261510268	264	0.8485	0.0152	0.0417	
262102301	262102891	590	0.3068	0.1203	0.5525	
263336373	263336660	287	0.8467	0.0523	0.0244	
263528747	263529302	555	0.418	0.0054	0.4865	
263785773	263786644	871	0.4076	0.0563	0.4856	
263805570	263805779	209	0.8612	0.0	0.0766	
264083791	264084369	578	0.3581	0.1401	0.4533	
266715724	266716196	472	0.7648	0.0424	0.0487	
266759159	266759457	298	0.6309	0.0101	0.302	
266762771	266763224	453	0.7881	0.1148	0.0397	
266777471	266777758	287	0.8467	0.0	0.0662	
266814957	266815229	272	0.7684	0.0	0.1213	
267115622	267116547	925	0.5232	0.1038	0.2886	
267256090	267256599	509	0.6012	0.2456	0.0747	
267265474	267265761	287	0.8746	0.0035	0.0279	
267400800	267401025	225	0.8711	0.0	0.0133	
267470479	267470867	388	0.8995	0.0	0.0258	
267470479	267470867	388	0.8995	0.0	0.0258	
267541114	267541682	568	0.5687	0.1954	0.1796	
267553450	267553900	450	0.6622	0.2022	0.0511	
267553450	267553900	450	0.6622	0.2022	0.0511	
267622451	267622972	521	0.7793	0.0768	0.0653	
267622451	267622972	521	0.7793	0.0768	0.0653	
267997493	267997753	260	0.9154	0.0	0.0308	
268216417	268216622	205	0.9415	0.0098	0.0293	
268225315	268226360	1045	0.6163	0.0995	0.1971	
268474803	268475273	470	0.5979	0.0894	0.2426	
268488081	268488643	562	0.8025	0.0534	0.0356	
268654041	268654564	523	0.5315	0.0669	0.3231	
268658354	268658596	242	0.9339	0.0041	0.0083	
268658354	268658596	242	0.9339	0.0041	0.0083	
268693989	268694485	496	0.7258	0.0665	0.1048	
269211717	269211906	189	0.0	0.0	1.0	
269222048	269222533	485	0.8474	0.0124	0.0701	
269405644	269407892	2248	0.1246	0.2282	0.637	
269480186	269480408	222	0.9279	0.0	0.0045	
269481477	269482254	777	0.7761	0.0245	0.1133	
269633771	269633925	154	0.8442	0.0	0.0974	
269844707	269844890	183	0.8743	0.0437	0.0055	
270196383	270196710	327	0.0	0.0	1.0	
270616179	270616804	625	0.8656	0.016	0.0432	
270690461	270690720	259	0.9228	0.0154	0.0	
270690461	270690720	259	0.9228	0.0154	0.0	
270695068	270695961	893	0.5834	0.1221	0.2072	
270770122	270770623	501	0.7884	0.014	0.1138	
270770122	270770623	501	0.7884	0.014	0.1138	
270809511	270810065	554	0.9043	0.0181	0.0415	
270809511	270810065	554	0.9043	0.0181	0.0415	
272179784	272180301	517	0.5397	0.1257	0.2882	
272253793	272254781	988	0.0982	0.3826	0.5142	
272311847	272312701	854	0.74	0.0258	0.0843	
272311847	272312701	854	0.74	0.0258	0.0843	
272365505	272366129	624	0.4792	0.3205	0.1571	
272576655	272577504	849	0.5277	0.0118	0.3852	
273366779	273367011	232	0.0	0.0	1.0	
273399676	273400931	1255	0.6462	0.1076	0.1394	
273629014	273629369	355	0.8366	0.0	0.1239	
274695194	274695477	283	0.8834	0.0035	0.0283	
275508621	275509309	688	0.9201	0.0174	0.0	
277264495	277265687	1192	0.88	0.0218	0.0109	
277572896	277573238	342	0.8246	0.0205	0.0439	
277754602	277754814	212	0.9481	0.0	0.0094	
278597435	278598972	1537	0.5036	0.1165	0.2804	
278667676	278669097	1421	0.2062	0.3941	0.3681	
278771955	278772197	242	0.8512	0.0248	0.0661	
279568068	279568488	420	0.5452	0.2119	0.1738	
279766761	279767159	398	0.6457	0.093	0.2085	
279769987	279770424	437	0.5995	0.1602	0.1053	
279781608	279782108	500	0.788	0.088	0.016	
279831559	279832744	1185	0.1949	0.5435	0.2295	
279831559	279832744	1185	0.1949	0.5435	0.2295	
279834965	279835347	382	0.877	0.0419	0.0288	
279834965	279835347	382	0.877	0.0419	0.0288	
279835885	279836059	174	0.931	0.0	0.0057	
279838182	279839727	1545	0.6699	0.0848	0.1812	
279838182	279839727	1545	0.6699	0.0848	0.1812	
279874381	279874745	364	0.8984	0.0	0.0275	
280454110	280455057	947	0.3918	0.5438	0.0148	
280539049	280539232	183	0.9563	0.0	0.0	
280868991	280869216	225	0.8089	0.0578	0.0	
281025264	281025479	215	0.9442	0.0	0.0047	
282408639	282409136	497	0.2274	0.6258	0.1207	
282796593	282797026	433	0.7921	0.0901	0.0346	
282817783	282818291	508	0.6457	0.1535	0.126	
282817783	282818291	508	0.6457	0.1535	0.126	
283005585	283006336	751	0.5593	0.1704	0.1718	
283100891	283101283	392	0.7908	0.023	0.0893	
283221271	283221823	552	0.8641	0.0217	0.0254	
283290678	283291234	556	0.7752	0.0629	0.0989	
283297800	283298119	319	0.674	0.0094	0.0972	
283359254	283360327	1073	0.2395	0.5983	0.1398	
283461589	283461838	249	0.8996	0.008	0.0201	
286302056	286302906	850	0.7447	0.0694	0.0365	
286688371	286688632	261	0.8046	0.0307	0.046	
286996740	286998770	2030	0.1118	0.0108	0.8517	
286999132	286999940	808	0.0	0.0	1.0	
287081075	287082276	1201	0.4438	0.2573	0.2498	
287101877	287102619	742	0.3908	0.3747	0.2008	
287121969	287122350	381	0.7402	0.0472	0.1286	
287146756	287147411	655	0.7786	0.0427	0.0733	
287146756	287147411	655	0.7786	0.0427	0.0733	
287284028	287284294	266	0.9511	0.0	0.0	
287320234	287320831	597	0.4807	0.1407	0.2848	
289269760	289270221	461	0.7332	0.0911	0.0499	
289704303	289705889	1586	0.476	0.1828	0.2863	
289792375	289793072	697	0.8709	0.0143	0.0014	
289895028	289895368	340	0.6235	0.0029	0.3412	
289908397	289908634	237	0.9536	0.0	0.0211	
290058100	290058531	431	0.5847	0.1647	0.1879	
290618821	290619035	214	0.8785	0.0	0.0701	
290963987	290964251	264	0.8674	0.0455	0.0189	
291926351	291926853	502	0.5279	0.1454	0.2669	
291951767	291952281	514	0.7529	0.0467	0.1245	
292349234	292349499	265	0.8868	0.0038	0.0038	
292464929	292465880	951	0.6803	0.062	0.0789	
292478902	292479380	478	0.7699	0.0879	0.0146	
292513518	292513737	219	0.7854	0.0	0.0685	
292753742	292754815	1073	0.3924	0.2992	0.2321	
292753742	292754815	1073	0.3924	0.2992	0.2321	
293018654	293018887	233	0.8541	0.0	0.03	
293019610	293019923	313	0.7572	0.0096	0.1725	
293045401	293045844	443	0.684	0.0835	0.1242	
293237987	293238370	383	0.8407	0.0235	0.0601	
294094846	294095122	276	0.9239	0.0036	0.0	
294178724	294179193	469	0.5736	0.0277	0.3284	
294350368	294351412	1044	0.6705	0.136	0.1303	
294532837	294533541	704	0.6662	0.1648	0.1037	
294574296	294574718	422	0.7701	0.0142	0.0877	
296614532	296615549	1017	0.0	0.0	1.0	
297139780	297140256	476	0.0	0.0	1.0	
297751038	297751305	267	0.7491	0.0075	0.1835	
297784217	297785015	798	0.6003	0.2682	0.0677	
298149930	298150300	370	0.8838	0.0054	0.0459	
298149930	298150300	370	0.8838	0.0054	0.0459	
298157577	298159763	2186	0.3898	0.3106	0.242	
298328996	298329492	496	0.6069	0.0444	0.2258	
298361918	298362591	673	0.63	0.1768	0.1114	
299596294	299596793	499	0.6894	0.002	0.2244	
300137736	300137910	174	0.7874	0.0517	0.0172	
300748892	300749212	320	0.8125	0.0406	0.0313	
300812773	300813025	252	0.6389	0.0397	0.1944	
301657382	301657789	407	0.3047	0.6241	0.0442	
301766656	301767029	373	0.8418	0.0134	0.0322	
301779296	301779730	434	0.5323	0.2604	0.1659	
303212259	303212422	163	0.908	0.0	0.0	
303515556	303515785	229	0.6419	0.0087	0.2664	
303765844	303766426	582	0.433	0.134	0.3608	
303852961	303853567	606	0.4274	0.0165	0.505	
304739728	304742619	2891	0.4524	0.2401	0.2214	
305008991	305009311	320	0.8375	0.0	0.075	
305082006	305082602	596	0.5503	0.1812	0.1493	
305083132	305083374	242	0.8884	0.0289	0.0248	
305754369	305754650	281	0.8719	0.0498	0.0142	
305929755	305930683	928	0.1002	0.8297	0.0474	
305991848	305994434	2586	0.2022	0.5201	0.2541	
306495309	306495789	480	0.6729	0.05	0.1437	
307025829	307026614	785	0.772	0.0268	0.0841	
307228556	307228999	443	0.5214	0.2641	0.1558	
307551118	307551563	445	0.7169	0.0899	0.0764	
307727561	307728755	1194	0.2889	0.5963	0.072	
307870587	307871184	597	0.5863	0.0771	0.2127	
307871782	307872577	795	0.4151	0.244	0.2717	
307871782	307872577	795	0.4151	0.244	0.2717	
309708075	309708780	705	0.4397	0.1021	0.3943	
309708075	309708780	705	0.4397	0.1021	0.3943	
309724647	309724957	310	0.971	0.0	0.0065	
309772017	309772553	536	0.7407	0.056	0.0672	
309772017	309772553	536	0.7407	0.056	0.0672	
310280348	310280546	198	0.5657	0.0	0.3838	
310356193	310356620	427	0.0	0.0	1.0	
310461160	310461407	247	0.6316	0.004	0.3077	
310763460	310763762	302	0.6391	0.1192	0.1821	
311156012	311157768	1756	0.2443	0.5997	0.1264	
312785867	312786794	927	0.7152	0.1208	0.0615	
312886222	312888591	2369	0.2241	0.74	0.0055	
312900822	312902000	1178	0.5042	0.1316	0.2844	
313158571	313159550	979	0.5199	0.1021	0.2554	
315141286	315142109	823	0.3913	0.0535	0.4824	
315145958	315146460	502	0.7849	0.0339	0.0637	
315146816	315147196	380	0.6316	0.0184	0.3053	
315434546	315435643	1097	0.4731	0.0665	0.3665	
315454379	315454768	389	0.6992	0.0	0.2596	
315454379	315454768	389	0.6992	0.0	0.2596	
315515614	315515908	294	0.0	0.0	1.0	
316184229	316185461	1232	0.4862	0.1453	0.2524	
316315152	316316229	1077	0.6955	0.1606	0.065	
316385473	316386526	1053	0.4074	0.4758	0.0484	
316429006	316429539	533	0.8724	0.0056	0.0113	
316599929	316602615	2686	0.0789	0.9095	0.003	
316611924	316612347	423	0.8558	0.0118	0.0378	
316616748	316617254	506	0.413	0.1028	0.4447	
317259066	317259598	532	0.6109	0.1466	0.1259	
317544171	317544911	740	0.3135	0.1649	0.4622	
318956158	318956653	495	0.0	0.0	1.0	
319325984	319326236	252	0.8532	0.0119	0.0556	
320024365	320024821	456	0.5154	0.0022	0.4232	
320314251	320314478	227	0.9163	0.0088	0.0132	
320314251	320314478	227	0.9163	0.0088	0.0132	
320362514	320363330	816	0.6691	0.0527	0.1103	
320773830	320774109	279	0.4194	0.1828	0.3692	
321080842	321081273	431	0.3735	0.4896	0.1044	
321425095	321425535	440	0.3932	0.0591	0.4841	
321426602	321426742	140	0.9643	0.0	0.0	
321444658	321445576	918	0.8322	0.0283	0.024	
321444658	321445576	918	0.8322	0.0283	0.024	
322009321	322009659	338	0.7101	0.1154	0.0385	
325114465	325115186	721	0.3578	0.294	0.3107	
326441645	326442110	465	0.7548	0.0129	0.1075	
326910493	326910736	243	0.8025	0.0412	0.037	
327519934	327521315	1381	0.1694	0.782	0.0333	
327627685	327628907	1222	0.6088	0.1669	0.1072	
328470138	328470368	230	0.913	0.0	0.0	
329052034	329052660	626	0.492	0.1917	0.2396	
329052034	329052660	626	0.492	0.1917	0.2396	
330847363	330847933	570	0.4158	0.3193	0.1842	
330847363	330847933	570	0.4158	0.3193	0.1842	
330872495	330873152	657	0.5038	0.1446	0.2146	
330872495	330873152	657	0.5038	0.1446	0.2146	
330951447	330953087	1640	0.1713	0.3805	0.4043	
330970862	330971730	868	0.4839	0.1429	0.3007	
330970862	330971730	868	0.4839	0.1429	0.3007	
330991140	330991348	208	0.8462	0.0337	0.024	
331065062	331065564	502	0.0	0.0	1.0	
331543570	331544106	536	0.6623	0.1101	0.1679	
331546761	331547077	316	0.7342	0.0158	0.1456	
331547692	331548305	613	0.7798	0.0131	0.0506	
332664305	332664474	169	0.0	0.0	1.0	
335279172	335279815	643	0.5148	0.0078	0.4184	
337155645	337155813	168	0.9524	0.0	0.0119	
337157642	337158150	508	0.7461	0.1102	0.0787	
337950960	337951587	627	0.4434	0.1244	0.3636	
337950960	337951587	627	0.4434	0.1244	0.3636	
337978542	337979174	632	0.5791	0.1693	0.1835	
339930224	339930510	286	0.0	0.0	1.0	
340243934	340244914	980	0.2367	0.0582	0.6745	
341100275	341100787	512	0.4551	0.377	0.0801	
343139579	343139858	279	0.7168	0.1111	0.1147	
344009242	344010328	1086	0.2541	0.511	0.198	
344101393	344101590	197	0.9492	0.0051	0.0051	
344114070	344114662	592	0.7179	0.0422	0.0372	
344731942	344732431	489	0.5706	0.0102	0.274	
344783160	344783609	449	0.7238	0.0557	0.1024	
344896894	344897438	544	0.7776	0.046	0.0404	
344896894	344897438	544	0.7776	0.046	0.0404	
345023778	345023979	201	0.8756	0.01	0.0149	
345176761	345177255	494	0.8219	0.004	0.0243	
345257507	345257706	199	0.8492	0.0905	0.0	
345266697	345267542	845	0.4059	0.3811	0.1479	
345537460	345538203	743	0.6339	0.2813	0.0202	
345555552	345555915	363	0.9339	0.0138	0.0055	
345863929	345864507	578	0.4291	0.4983	0.0173	
345949296	345949447	151	0.8609	0.0	0.0927	
346142827	346142991	164	0.8963	0.0366	0.0	
346300414	346300872	458	0.7533	0.0131	0.1681	
346491803	346493093	1290	0.224	0.7434	0.0047	
346491803	346493093	1290	0.224	0.7434	0.0047	
346560998	346561395	397	0.5768	0.1083	0.204	
346677888	346678152	264	0.5152	0.2992	0.1098	
346786129	346786478	349	0.8539	0.0057	0.0516	
347223589	347223931	342	0.7222	0.0877	0.1579	
347264126	347265027	901	0.6482	0.0344	0.2253	
347283591	347283967	376	0.8404	0.0452	0.0319	
347623155	347623752	597	0.5796	0.0285	0.3099	
348027545	348027840	295	0.0	0.0	1.0	
348665211	348665506	295	0.861	0.0339	0.0441	
348750182	348750720	538	0.539	0.1822	0.2156	
348750182	348750720	538	0.539	0.1822	0.2156	
349061620	349061796	176	0.9545	0.0227	0.0	
349669245	349670123	878	0.5137	0.049	0.3178	
350357398	350358297	899	0.3482	0.5083	0.0656	
350357398	350358297	899	0.3482	0.5083	0.0656	
350430751	350431165	414	0.3454	0.2029	0.4034	
351235692	351236150	458	0.5328	0.0568	0.3166	
351391133	351391396	263	0.8669	0.0	0.0076	
351912066	351912461	395	0.5595	0.1241	0.2101	
352183197	352183671	474	0.6224	0.0359	0.2511	
352576892	352577422	530	0.734	0.0358	0.1151	
352606406	352607109	703	0.2617	0.357	0.3428	
354309474	354310155	681	0.8003	0.0264	0.0881	
355020669	355020841	172	0.9651	0.0	0.0	
355148611	355148898	287	0.9791	0.0035	0.0	
355311789	355312210	421	0.7696	0.0285	0.1045	
355422784	355423956	1172	0.5495	0.1476	0.2278	
356126996	356128054	1058	0.6739	0.0652	0.1323	
356170058	356170294	236	0.8729	0.0381	0.0466	
357406254	357406623	369	0.9106	0.0379	0.0054	
357526491	357527195	704	0.7358	0.0497	0.1264	
357775253	357775670	417	0.8609	0.0216	0.0264	
357998579	357999579	1000	0.709	0.083	0.12	
359005529	359006432	903	0.6567	0.1761	0.0997	
359012617	359013001	384	0.7552	0.0964	0.0547	
359012617	359013001	384	0.7552	0.0964	0.0547	
359500494	359501242	748	0.6711	0.1618	0.1123	
359522850	359523062	212	0.9245	0.0	0.0047	
359578059	359578729	670	0.594	0.1254	0.1866	
359632622	359633005	383	0.8825	0.0	0.0183	
359640708	359641007	299	0.4548	0.0	0.5151	
359642793	359643085	292	0.9178	0.0	0.0034	
360018000	360018386	386	0.8135	0.0155	0.1114	
360272722	360273025	303	0.868	0.0231	0.0297	
360487490	360488458	968	0.3678	0.312	0.2779	
360503016	360503719	703	0.6586	0.0512	0.1863	
360741504	360742706	1202	0.9018	0.0166	0.0175	
360956246	360958211	1965	0.3511	0.2463	0.3104	
360959575	360960003	428	0.9136	0.0164	0.0023	
361214070	361214756	686	0.8776	0.0029	0.0219	
361234834	361236588	1754	0.5	0.2315	0.2149	
361333648	361333887	239	0.9079	0.0293	0.0042	
361407601	361408426	825	0.6812	0.0764	0.0982	
361555311	361555728	417	0.7314	0.0216	0.1727	
362119251	362120244	993	0.5982	0.2286	0.1047	
362142567	362142904	337	0.0	0.0	1.0	
362427136	362427311	175	0.9371	0.0	0.0	
362428477	362428881	404	0.745	0.1782	0.005	
363497040	363497393	353	0.5921	0.255	0.085	
363549664	363551287	1623	0.3949	0.3974	0.1614	
363929969	363930263	294	0.8197	0.0476	0.0068	
363956466	363956717	251	0.749	0.1315	0.0319	
363957999	363959549	1550	0.7716	0.0555	0.0839	
363957999	363959549	1550	0.7716	0.0555	0.0839	
364075859	364076333	474	0.7869	0.0591	0.0359	
364124436	364124614	178	0.882	0.0337	0.0225	
364738786	364739336	550	0.8818	0.0236	0.0236	
365640894	365641214	320	0.9156	0.025	0.0125	
365648512	365648878	366	0.9563	0.0137	0.0027	
365693786	365694257	471	0.8811	0.0127	0.0552	
366833319	366833509	190	0.9632	0.0	0.0158	
368279461	368279672	211	0.7109	0.0047	0.2559	
368774877	368775648	771	0.4747	0.0947	0.3528	
368815001	368815386	385	0.5532	0.3636	0.0442	
368987406	368988192	786	0.0827	0.1209	0.785	
369047791	369047995	204	0.8529	0.0	0.0637	
369048815	369049010	195	0.0	0.0	1.0	
369428844	369429288	444	0.7477	0.0338	0.1059	
369601104	369602207	1103	0.8196	0.0281	0.087	
370468615	370470003	1388	0.2111	0.3689	0.3739	
370488538	370489057	519	0.2717	0.3988	0.3025	
370743269	370743905	636	0.6934	0.239	0.0063	
370748449	370748906	457	0.849	0.0284	0.0109	
370975420	370975717	297	0.862	0.0	0.0202	
374673142	374673418	276	0.7319	0.1123	0.0942	
375410879	375411967	1088	0.0993	0.602	0.273	
375600866	375601305	439	0.0	0.0	1.0	
375650808	375651602	794	0.1121	0.5819	0.233	
377390719	377391765	1046	0.6358	0.1396	0.1004	
377636430	377636693	263	0.2395	0.2776	0.4335	
377932731	377933558	827	0.9661	0.0	0.0	
378382844	378384039	1195	0.5782	0.2134	0.1297	
380197735	380198362	627	0.1419	0.0909	0.7576	
381255057	381256373	1316	0.4939	0.0745	0.3754	
381280182	381280662	480	0.5521	0.1062	0.2479	
381287151	381288595	1444	0.4688	0.2943	0.1551	
381708117	381708353	236	0.9322	0.0	0.0042	
381997654	381998321	667	0.8036	0.018	0.081	
382357885	382358050	165	0.8788	0.0061	0.0	
382383946	382384764	818	0.5844	0.1553	0.1846	
382421539	382423151	1612	0.3654	0.0583	0.5118	
382421539	382423151	1612	0.3654	0.0583	0.5118	
382462177	382462869	692	0.7413	0.0434	0.1055	
382529992	382530177	185	0.7405	0.0973	0.0973	
382532498	382533860	1362	0.5837	0.0551	0.2283	
382533992	382536227	2235	0.4586	0.1897	0.2859	
383210788	383211410	622	0.8521	0.0016	0.0434	
383214130	383214659	529	0.6238	0.2741	0.0113	
383214130	383214659	529	0.6238	0.2741	0.0113	
383343453	383344244	791	0.4829	0.2465	0.1694	
383343453	383344244	791	0.4829	0.2465	0.1694	
383516106	383516467	361	0.6676	0.072	0.2078	
383516106	383516467	361	0.6676	0.072	0.2078	
384029241	384029603	362	0.5691	0.0166	0.3591	
384532933	384533160	227	0.8943	0.0088	0.0	
384623780	384625284	1504	0.6057	0.2108	0.0957	
384715814	384716137	323	0.9226	0.0	0.0031	
385041531	385041836	305	0.8984	0.0197	0.0492	
385223644	385223876	232	0.9353	0.0	0.0086	
385308686	385309167	481	0.9231	0.0042	0.0125	
385686645	385688703	2058	0.6293	0.2182	0.0758	
385768895	385769092	197	0.8122	0.0102	0.1066	
385793066	385793653	587	0.0	0.0	1.0	
385871659	385872038	379	0.8549	0.0026	0.0369	
385871659	385872038	379	0.8549	0.0026	0.0369	
385896050	385896906	856	0.6472	0.2418	0.0421	
385916710	385916904	194	0.0	0.0	1.0	
386153069	386153284	215	0.0	0.0	1.0	
386170164	386170567	403	0.0546	0.0	0.9156	
386180090	386180763	673	0.3061	0.5765	0.0475	
386212296	386212555	259	0.4595	0.2819	0.1467	
386212296	386212555	259	0.4595	0.2819	0.1467	
387617815	387618241	426	0.939	0.0141	0.0	
387786171	387786558	387	0.8501	0.0698	0.0	
388524565	388524987	422	0.8791	0.0284	0.0142	
389145283	389145585	302	0.0	0.0	1.0	
389145283	389145585	302	0.0	0.0	1.0	
389884283	389884758	475	0.8442	0.0611	0.0232	
390294946	390295996	1050	0.481	0.3857	0.0695	
390329646	390330156	510	0.798	0.0137	0.0843	
390355135	390355678	543	0.5838	0.2357	0.1087	
390366617	390368402	1785	0.7434	0.1563	0.0375	
390542193	390542496	303	0.9043	0.0132	0.0198	
390558972	390559283	311	0.9614	0.0	0.0193	
390698754	390699031	277	0.8989	0.0325	0.0181	
390810064	390810290	226	0.8938	0.0044	0.0133	
390822058	390822323	265	0.883	0.0377	0.0	
390822058	390822323	265	0.883	0.0377	0.0	
390834238	390834449	211	0.9052	0.0095	0.0142	
390840414	390840820	406	0.5862	0.101	0.2734	
390840414	390840820	406	0.5862	0.101	0.2734	
390893554	390893930	376	0.8564	0.008	0.008	
390893554	390893930	376	0.8564	0.008	0.008	
390910969	390911833	864	0.7512	0.0301	0.1123	
390942196	390942491	295	0.9119	0.0169	0.0136	
390953681	390954367	686	0.637	0.1997	0.0977	
391075376	391075655	279	0.9319	0.0036	0.0072	
391075376	391075655	279	0.9319	0.0036	0.0072	
391087006	391087366	360	0.9111	0.0028	0.0083	
391144032	391144420	388	0.8737	0.0026	0.0593	
391189645	391190221	576	0.9253	0.0017	0.0122	
391617174	391617433	259	0.9112	0.027	0.0	
391701823	391702320	497	0.8873	0.0342	0.0201	
391710354	391710547	193	0.8964	0.0	0.0	
391781083	391781447	364	0.6593	0.0165	0.2555	
391819976	391820518	542	0.6402	0.0148	0.2491	
391822964	391823486	522	0.3908	0.4674	0.0843	
392181540	392181835	295	0.9492	0.0	0.0	
392194281	392194511	230	0.8652	0.0	0.087	
392194281	392194511	230	0.8652	0.0	0.087	
392194281	392194511	230	0.8652	0.0	0.087	
392287571	392287851	280	0.8714	0.0143	0.0464	
392287571	392287851	280	0.8714	0.0143	0.0464	
392390126	392390540	414	0.8575	0.0121	0.0556	
392470110	392471111	1001	0.7043	0.1359	0.0689	
392470110	392471111	1001	0.7043	0.1359	0.0689	
392470110	392471111	1001	0.7043	0.1359	0.0689	
392470110	392471111	1001	0.7043	0.1359	0.0689	
392720073	392720450	377	0.3634	0.4271	0.1698	
393494138	393495327	1189	0.5063	0.3389	0.1102	
393510146	393511043	897	0.2765	0.3991	0.2899	
393550166	393550834	668	0.3757	0.521	0.0719	
393782235	393782479	244	0.5041	0.0	0.459	
394461557	394462725	1168	0.7654	0.0462	0.1045	
394461557	394462725	1168	0.7654	0.0462	0.1045	
394501446	394501907	461	0.7202	0.0781	0.0998	
396089975	396090147	172	0.8837	0.0349	0.0058	
396089975	396090147	172	0.8837	0.0349	0.0058	
396238978	396239153	175	0.6057	0.0571	0.2743	
397322751	397323033	282	0.6418	0.0248	0.2801	
397326158	397327331	1173	0.1628	0.757	0.0537	
397604793	397606050	1257	0.1838	0.3556	0.4288	
397604793	397606050	1257	0.1838	0.3556	0.4288	
398087777	398088523	746	0.4705	0.307	0.1582	
398555965	398556160	195	0.9231	0.0154	0.0103	
398692705	398692867	162	0.8951	0.0	0.0247	
398962552	398962773	221	0.9457	0.0	0.0045	
399142642	399143356	714	0.6345	0.3039	0.0252	
399262724	399263238	514	0.7607	0.0117	0.1537	
399682232	399682478	246	0.9553	0.0041	0.0	
399799574	399799965	391	0.844	0.0026	0.0435	
399969376	399969899	523	0.608	0.262	0.0516	
400154789	400157563	2774	0.0645	0.8511	0.075	
400370661	400371067	406	0.7808	0.0493	0.0419	
400744985	400746296	1311	0.9123	0.0107	0.0313	
400803191	400803549	358	0.838	0.0251	0.0363	
400804625	400805316	691	0.5977	0.2055	0.1462	
401048374	401048730	356	0.5787	0.3399	0.0449	
401079495	401079765	270	0.8481	0.0444	0.0037	
401084773	401085136	363	0.9008	0.0083	0.0193	
401095165	401095396	231	0.9784	0.0	0.0	
401095165	401095396	231	0.9784	0.0	0.0	
401100439	401100611	172	0.9128	0.0	0.0349	
401100439	401100611	172	0.9128	0.0	0.0349	
401163006	401163521	515	0.8233	0.0272	0.033	
401494088	401494569	481	0.7963	0.0166	0.0811	
401586485	401587596	1111	0.3204	0.5518	0.09	
401727831	401729153	1322	0.8775	0.028	0.0242	
401727831	401729153	1322	0.8775	0.028	0.0242	
401895236	401895654	418	0.6986	0.0263	0.1986	
401905682	401906284	602	0.5066	0.1927	0.2409	
402288387	402290569	2182	0.6627	0.0958	0.1531	
402288387	402290569	2182	0.6627	0.0958	0.1531	
402443907	402444663	756	0.5966	0.1349	0.1336	
402479564	402480006	442	0.6425	0.2376	0.0588	
402479564	402480006	442	0.6425	0.2376	0.0588	
402687415	402687933	518	0.7838	0.056	0.0637	
402693153	402693617	464	0.9224	0.0022	0.0086	
402819755	402820429	674	0.6632	0.0237	0.2374	
402819755	402820429	674	0.6632	0.0237	0.2374	
402939326	402939545	219	0.6438	0.1279	0.1735	
402943198	402944204	1006	0.505	0.1074	0.3539	
403232921	403233413	492	0.8476	0.0142	0.0793	
403249181	403249702	521	0.8157	0.025	0.0633	
403295753	403296266	513	0.6218	0.1365	0.1735	
403295753	403296266	513	0.6218	0.1365	0.1735	
403320079	403320338	259	0.9459	0.027	0.0039	
403419182	403419578	396	0.5808	0.3056	0.0253	
404337114	404337637	523	0.8929	0.0057	0.0478	
404486556	404487729	1173	0.555	0.0375	0.2967	
404496158	404497347	1189	0.5265	0.0892	0.2851	
404849955	404851094	1139	0.2353	0.446	0.2994	
405094123	405094527	404	0.6188	0.0223	0.2896	
408061277	408062102	825	0.4885	0.4315	0.0291	
408091029	408091388	359	0.0	0.0	1.0	
408293839	408295301	1462	0.0	0.0	1.0	
409082470	409082969	499	0.7435	0.0321	0.1122	
410261712	410262654	942	0.4098	0.1359	0.3429	
410553891	410554150	259	0.7066	0.0386	0.2085	
410925002	410927112	2110	0.5066	0.2701	0.1469	
410966350	410967308	958	0.3977	0.2756	0.2735	
411005492	411006214	722	0.3393	0.223	0.3546	
412606836	412607039	203	0.867	0.0099	0.0197	
412613169	412613465	296	0.9189	0.0034	0.0034	
412613169	412613465	296	0.9189	0.0034	0.0034	
413119885	413120446	561	0.4848	0.1604	0.3155	
413132972	413133570	598	0.8261	0.0351	0.092	
413132972	413133570	598	0.8261	0.0351	0.092	
413263383	413264194	811	0.0	0.0	1.0	
413289879	413290406	527	0.7495	0.0152	0.1044	
413301317	413302102	785	0.8675	0.0102	0.0038	
413301317	413302102	785	0.8675	0.0102	0.0038	
413330455	413331471	1016	0.4291	0.0325	0.5089	
413330455	413331471	1016	0.4291	0.0325	0.5089	
414022712	414025014	2302	0.5873	0.0847	0.2624	
415402901	415403115	214	0.0	0.0	1.0	
415974946	415975670	724	0.8011	0.0994	0.0456	
415974946	415975670	724	0.8011	0.0994	0.0456	
416271941	416272641	700	0.3643	0.15	0.42	
416375864	416376362	498	0.0	0.0	1.0	
416387146	416387745	599	0.7095	0.0985	0.0701	
416387146	416387745	599	0.7095	0.0985	0.0701	
416387146	416387745	599	0.7095	0.0985	0.0701	
417391722	417392052	330	0.8758	0.0152	0.0061	
417747076	417747709	633	0.6414	0.1264	0.1264	
418361614	418363731	2117	0.1285	0.8498	0.0028	
418397959	418398374	415	0.8265	0.0289	0.012	
418423275	418424233	958	0.7213	0.167	0.0397	
418486183	418486595	412	0.8447	0.0413	0.0413	
418651682	418652294	612	0.616	0.0735	0.2386	
419046339	419046800	461	0.6247	0.0174	0.2755	
419586747	419587057	310	0.6516	0.0258	0.1129	
419595974	419596680	706	0.915	0.0184	0.0156	
419595974	419596680	706	0.915	0.0184	0.0156	
419653347	419654248	901	0.3307	0.2364	0.3873	
419653347	419654248	901	0.3307	0.2364	0.3873	
419693813	419694865	1052	0.3498	0.5551	0.0323	
419720777	419721702	925	0.6897	0.1535	0.0681	
419733948	419734357	409	0.5501	0.1271	0.2347	
419734835	419735335	500	0.806	0.014	0.064	
419745150	419745451	301	0.8904	0.0033	0.0332	
419745150	419745451	301	0.8904	0.0033	0.0332	
420810562	420811376	814	0.2641	0.3342	0.3575	
421511893	421512375	482	0.5768	0.0975	0.2573	
421660714	421660919	205	0.9317	0.0	0.0146	
421660714	421660919	205	0.9317	0.0	0.0146	
422043456	422044286	830	0.6602	0.0964	0.2	
422067538	422067752	214	0.9252	0.0093	0.0327	
422098534	422098961	427	0.4098	0.3981	0.1639	
422440344	422440610	266	0.8271	0.0602	0.0	
422534186	422534633	447	0.7964	0.0336	0.0447	
422695037	422695239	202	0.9505	0.0	0.0099	
422926650	422927386	736	0.4891	0.4457	0.0353	
422926650	422927386	736	0.4891	0.4457	0.0353	
423296947	423298279	1332	0.1381	0.5721	0.2733	
423510422	423511735	1313	0.2727	0.3747	0.3161	
424446838	424447573	735	0.6354	0.0871	0.2082	
424467197	424467659	462	0.4935	0.119	0.3615	
424525687	424526464	777	0.3616	0.5251	0.0695	
424553757	424554203	446	0.7242	0.1009	0.0448	
424905827	424905986	159	0.9937	0.0	0.0	
425220272	425220450	178	0.0	0.0	1.0	
425345507	425345951	444	0.8041	0.0946	0.027	
425345507	425345951	444	0.8041	0.0946	0.027	
425345507	425345951	444	0.8041	0.0946	0.027	
425634816	425635100	284	0.8275	0.0458	0.0563	
425724562	425724744	182	0.967	0.0	0.0	
426044393	426044676	283	0.8163	0.0247	0.0459	
426381250	426381636	386	0.7979	0.0544	0.0518	
426962070	426962414	344	0.6512	0.0436	0.2471	
427013222	427013687	465	0.3763	0.0022	0.5892	
427629125	427629595	470	0.8894	0.0085	0.0106	
427841613	427841978	365	0.8411	0.0	0.0411	
427874907	427875246	339	0.9115	0.0236	0.0	
427976261	427977382	1121	0.719	0.157	0.0803	
428092860	428093319	459	0.7712	0.1438	0.0327	
428092860	428093319	459	0.7712	0.1438	0.0327	
429362142	429362853	711	0.3924	0.3305	0.1561	
429573143	429573614	471	0.0	0.0	1.0	
429603493	429604646	1153	0.3651	0.2853	0.2628	
429603493	429604646	1153	0.3651	0.2853	0.2628	
430837015	430837262	247	0.0	0.0	1.0	
431036581	431037941	1360	0.3029	0.6301	0.0324	
431561501	431561995	494	0.5506	0.0101	0.4008	
431614748	431615085	337	0.0	0.0	1.0	
431942551	431942797	246	0.0447	0.0	0.9472	
432229659	432230025	366	0.3525	0.3661	0.2596	
432814605	432815154	549	0.7304	0.0	0.2168	
434031977	434032411	434	0.6406	0.2051	0.0991	
434033348	434033617	269	0.8104	0.0558	0.1115	
434087209	434087736	527	0.7818	0.0171	0.1347	
434271680	434272185	505	0.6139	0.0356	0.2554	
435401193	435401781	588	0.3316	0.1037	0.5102	
436179308	436187982	8674	0.079	0.9059	0.003	
436543229	436544280	1051	0.5205	0.1142	0.2892	
436615972	436616316	344	0.6628	0.0465	0.2384	
436615972	436616316	344	0.6628	0.0465	0.2384	
436636693	436637372	679	0.5081	0.218	0.1708	
437138578	437139036	458	0.7205	0.0524	0.1376	
437139353	437139552	199	0.9598	0.0151	0.0	
437343030	437343806	776	0.5541	0.183	0.192	
437343030	437343806	776	0.5541	0.183	0.192	
437343030	437343806	776	0.5541	0.183	0.192	
437343030	437343806	776	0.5541	0.183	0.192	
437395679	437396163	484	0.7045	0.1798	0.0744	
437405302	437406650	1348	0.7047	0.0556	0.135	
437431782	437432257	475	0.5411	0.0042	0.4042	
437506482	437506923	441	0.6644	0.2018	0.034	
437708326	437709888	1562	0.2561	0.3239	0.3694	
438031153	438031766	613	0.4812	0.2757	0.2088	
438031153	438031766	613	0.4812	0.2757	0.2088	
438051356	438051855	499	0.5972	0.2826	0.0641	
438068054	438068316	262	0.9122	0.0267	0.0115	
438097618	438097871	253	0.8182	0.0198	0.0711	
438103789	438104365	576	0.8785	0.0104	0.0226	
438117924	438118462	538	0.6933	0.0632	0.1375	
438117924	438118462	538	0.6933	0.0632	0.1375	
438282931	438283147	216	0.787	0.0	0.1343	
438285832	438286120	288	0.5625	0.0	0.4132	
438415557	438415936	379	0.9604	0.0	0.0	
438419145	438419763	618	0.7524	0.0129	0.0971	
438419145	438419763	618	0.7524	0.0129	0.0971	
438469517	438470793	1276	0.6771	0.1199	0.1152	
438471139	438471919	780	0.3641	0.0218	0.5667	
438472049	438472316	267	0.5019	0.015	0.4345	
438669039	438669216	177	0.9831	0.0	0.0	
438699568	438700599	1031	0.6605	0.1979	0.0951	
438746423	438746989	566	0.8481	0.0177	0.083	
438800311	438800988	677	0.7518	0.0133	0.1773	
439939283	439940410	1127	0.3416	0.2263	0.3496	
439939283	439940410	1127	0.3416	0.2263	0.3496	
440055849	440056160	311	0.8167	0.0579	0.0225	
440250402	440250997	595	0.8286	0.0134	0.0504	
440271079	440271690	611	0.3453	0.2946	0.2946	
440363876	440364467	591	0.8731	0.0	0.0271	
440635339	440635778	439	0.8155	0.0114	0.0524	
440736561	440737468	907	0.4752	0.3098	0.1499	
440937530	440938090	560	0.7429	0.0411	0.0696	
441114166	441114817	651	0.4332	0.2519	0.2657	
441428011	441428645	634	0.8186	0.0284	0.0552	
441428011	441428645	634	0.8186	0.0284	0.0552	
441499902	441501233	1331	0.1946	0.2577	0.5207	
441574043	441574530	487	0.8131	0.0021	0.039	
441574043	441574530	487	0.8131	0.0021	0.039	
442011139	442011900	761	0.3719	0.1997	0.3219	
445505157	445506183	1026	0.8402	0.0507	0.0448	
446133208	446133927	719	0.5772	0.1113	0.217	
446348874	446349709	835	0.2826	0.0216	0.6778	
446388897	446389414	517	0.8665	0.0232	0.0193	
446641418	446642306	888	0.8097	0.0608	0.027	
446840377	446840642	265	0.8491	0.0151	0.034	
447017356	447018160	804	0.7301	0.0435	0.1095	
447174903	447175127	224	0.9821	0.0	0.0089	
447174903	447175127	224	0.9821	0.0	0.0089	
447499784	447500195	411	0.9586	0.0024	0.0024	
447499784	447500195	411	0.9586	0.0024	0.0024	
447596193	447596765	572	0.9476	0.0	0.0245	
447844181	447844561	380	0.8763	0.0158	0.0079	
447849237	447849643	406	0.7808	0.0246	0.064	
448520872	448521629	757	0.8349	0.0172	0.0489	
448530849	448531028	179	0.9218	0.0	0.0	
448531580	448531774	194	0.866	0.0258	0.0103	
448531580	448531774	194	0.866	0.0258	0.0103	
448532658	448533746	1088	0.5993	0.1498	0.2068	
448532658	448533746	1088	0.5993	0.1498	0.2068	
448543502	448543691	189	0.9841	0.0	0.0053	
448601547	448601911	364	0.5879	0.0	0.4066	
448606314	448606587	273	0.8901	0.0073	0.0623	
448607430	448607776	346	0.9191	0.0029	0.0318	
448607430	448607776	346	0.9191	0.0029	0.0318	
448875814	448875999	185	0.8486	0.0703	0.0	
449009525	449010057	532	0.7914	0.0282	0.0959	
449015004	449015443	439	0.6036	0.18	0.1686	
449074440	449074792	352	0.892	0.0	0.0085	
449189094	449189439	345	0.8377	0.0406	0.0783	
450021461	450022432	971	0.5458	0.0443	0.3543	
450222203	450222666	463	0.8467	0.0151	0.0281	
450240146	450240509	363	0.8127	0.0992	0.0193	
450623275	450623612	337	0.6736	0.0772	0.1721	
450878006	450878422	416	0.7572	0.0048	0.1731	
451234827	451235130	303	0.8251	0.0066	0.0924	
451893675	451894407	732	0.5738	0.1626	0.1776	
452397025	452397325	300	0.7967	0.0333	0.0567	
452402789	452403569	780	0.3179	0.3615	0.2962	
452609143	452609918	775	0.6116	0.2284	0.0723	
452613409	452613879	470	0.8872	0.0149	0.0213	
453471901	453472551	650	0.8015	0.0108	0.0646	
453601004	453601255	251	0.8845	0.008	0.0159	
453601004	453601255	251	0.8845	0.008	0.0159	
453601004	453601255	251	0.8845	0.008	0.0159	
453601004	453601255	251	0.8845	0.008	0.0159	
453601004	453601255	251	0.8845	0.008	0.0159	
453787106	453787650	544	0.4577	0.0772	0.3658	
453912296	453913005	709	0.5924	0.1918	0.0776	
455120662	455121190	528	0.7462	0.1042	0.0606	
456088889	456089716	827	0.3386	0.0181	0.5937	
456109289	456110153	864	0.1424	0.1505	0.6863	
457114531	457115283	752	0.4641	0.2114	0.242	
460075590	460075862	272	0.0	0.0	1.0	
460788132	460789198	1066	0.0	0.0	1.0	
460789449	460790113	664	0.0	0.0	1.0	
461133964	461134388	424	0.8255	0.0024	0.0731	
461742079	461742436	357	0.0	0.0	1.0	
463748955	463750168	1213	0.3611	0.5614	0.033	
466912534	466912767	233	0.8712	0.03	0.0258	
466929487	466930106	619	0.4879	0.0856	0.3796	
467200987	467201235	248	0.5685	0.1169	0.2702	
467825846	467826082	236	0.8305	0.0508	0.0212	
467825846	467826082	236	0.8305	0.0508	0.0212	
467948171	467948334	163	0.0	0.0	1.0	
469058394	469059624	1230	0.4187	0.3715	0.1472	
469484719	469485051	332	0.744	0.0422	0.1325	
469654038	469654828	790	0.8278	0.0342	0.0544	
469828798	469829669	871	0.8175	0.0517	0.062	
469855213	469855547	334	0.8443	0.0838	0.006	
469925152	469925509	357	0.4006	0.0588	0.4482	
470750997	470751314	317	0.9117	0.0	0.0347	
470864504	470865870	1366	0.8419	0.0527	0.0264	
472420081	472421010	929	0.662	0.0258	0.2325	
474783983	474785082	1099	0.6706	0.1856	0.0591	
474783983	474785082	1099	0.6706	0.1856	0.0591	
474783983	474785082	1099	0.6706	0.1856	0.0591	
474846722	474847142	420	0.781	0.019	0.0714	
475827696	475828491	795	0.7635	0.0742	0.0931	
476028610	476029897	1287	0.4211	0.1127	0.3838	
478201846	478202509	663	0.3982	0.1056	0.457	
478306075	478306491	416	0.5096	0.1298	0.3197	
478316504	478317147	643	0.8476	0.0171	0.0342	
478316504	478317147	643	0.8476	0.0171	0.0342	
478679035	478679241	206	0.5777	0.0194	0.3544	
479099538	479100428	890	0.227	0.1315	0.6022	
479119512	479119986	474	0.5063	0.0021	0.3819	
479148322	479148743	421	0.7672	0.0523	0.0119	
