start	end	length	IDY	missing1	missing2	
96839326	96839600	274	0.6277	0.2883	0.0474	
4600395	4601183	788	0.3744	0.0228	0.5546	
7518439	7520317	1878	0.1267	0.5421	0.3136	
9162451	9163304	853	0.8347	0.0234	0.0258	
12953502	12953693	191	0.9476	0.0052	0.0	
14058905	14059069	164	0.7988	0.0671	0.1037	
18143734	18145037	1303	0.5649	0.307	0.0568	
19470901	19471100	199	0.9497	0.0	0.0	
116441968	116442548	580	0.331	0.4931	0.1362	
116467690	116469346	1656	0.1178	0.6938	0.1775	
21387150	21387842	692	0.5405	0.1835	0.185	
117950742	117951446	704	0.5	0.4318	0.0128	
118933834	118934138	304	0.7829	0.0362	0.023	
22947694	22947998	304	0.7401	0.0099	0.1579	
23166870	23167273	403	0.933	0.0074	0.0099	
23580215	23580928	713	0.4137	0.4418	0.0856	
24725382	24726113	731	0.4761	0.4337	0.0301	
312799356	312800027	671	0.5425	0.0745	0.3204	
34221381	34222819	1438	0.2065	0.6008	0.1293	
34283142	34283424	282	0.5745	0.0	0.3369	
132420791	132421090	299	0.8194	0.0301	0.0268	
34789879	34790585	706	0.4873	0.0411	0.3711	
35147739	35148345	606	0.6353	0.066	0.1766	
35837359	35838132	773	0.3001	0.6028	0.0569	
37114106	37117420	3314	0.3277	0.5362	0.0917	
37512166	37512458	292	0.8733	0.0	0.0548	
42585216	42585503	287	0.0	0.0	1.0	
43359816	43360217	401	0.5337	0.1172	0.2768	
44503837	44504093	256	0.4531	0.0313	0.5	
140594878	140595358	480	0.7	0.0	0.2146	
44832432	44833220	788	0.5127	0.1865	0.1865	
49728059	49728914	855	0.724	0.0912	0.0994	
49862918	49863561	643	0.0	0.0	1.0	
51744238	51745211	973	0.2672	0.371	0.3155	
151080772	151081120	348	0.8707	0.0	0.0287	
338252806	338253084	278	0.0	0.0	1.0	
152186628	152187791	1163	0.1488	0.2322	0.5959	
152217136	152217478	342	0.3041	0.1433	0.4737	
64706329	64708106	1777	0.2746	0.4339	0.2589	
157255637	157256415	778	0.3895	0.0193	0.5656	
64721513	64721745	232	0.0	0.0	1.0	
67593491	67594179	688	0.5552	0.1424	0.2297	
70844031	70844754	723	0.3859	0.4799	0.0609	
75557624	75558805	1181	0.2777	0.5563	0.1135	
169974462	169974774	312	0.6026	0.0865	0.2212	
170000194	170000616	422	0.7251	0.0379	0.1185	
170755652	170755942	290	0.8414	0.069	0.0	
170756736	170757334	598	0.6421	0.107	0.1221	
79670276	79672761	2485	0.3944	0.301	0.2487	
171347880	171348494	614	0.4577	0.2427	0.2313	
359758620	359759534	914	0.2396	0.454	0.2845	
86055376	86055594	218	0.7202	0.0505	0.1422	
86349777	86350771	994	0.4085	0.161	0.328	
86916471	86916826	355	0.8592	0.0169	0.0197	
268809285	268809645	360	0.5278	0.0056	0.4139	
90070032	90070529	497	0.2877	0.1489	0.5252	
91441204	91441413	209	0.8038	0.0191	0.0	
93011786	93012018	232	0.5345	0.0345	0.3491	
94908021	94908422	401	0.3716	0.0	0.586	
96047960	96048546	586	0.657	0.0375	0.1826	
189276275	189276716	441	0.6916	0.0317	0.1451	
376493898	376495082	1184	0.1115	0.5245	0.353	
100567815	100568666	851	0.7732	0.0329	0.1187	
192596314	192596806	492	0.7886	0.002	0.1321	
192599784	192600193	409	0.5623	0.1174	0.2298	
104921659	104922361	702	0.604	0.0	0.3362	
105691747	105691940	193	0.8238	0.0	0.0674	
105960208	105960698	490	0.5122	0.2796	0.1408	
289263675	289263959	284	0.5282	0.0141	0.412	
201267957	201268331	374	0.6176	0.1818	0.1337	
290258415	290259004	589	0.2937	0.0917	0.5501	
482491839	482492074	235	0.8298	0.0128	0.1191	
111337856	111338438	582	0.4502	0.0052	0.4742	
292506419	292506574	155	0.9355	0.0065	0.0	
145209361	145210069	708	0.452	0.4506	0.024	
391485081	391485940	859	0.2177	0.6577	0.0838	
115438407	115438958	551	0.6152	0.0417	0.2577	
297588277	297589034	757	0.2787	0.4597	0.2351	
120625701	120626010	309	0.5858	0.0	0.3754	
303484295	303484888	593	0.5346	0.0489	0.3491	
306584838	306585291	453	0.3532	0.574	0.0618	
132305645	132306954	1309	0.2299	0.55	0.207	
222467468	222467744	276	0.8623	0.029	0.0254	
407429279	407429555	276	0.8406	0.0036	0.0254	
134256579	134256856	277	0.8231	0.0542	0.0181	
139044387	139044912	525	0.6476	0.0952	0.1219	
228883255	228883926	671	0.7973	0.0238	0.0999	
139749097	139749294	197	0.8731	0.0	0.0	
170061880	170062540	660	0.0	0.0	1.0	
140712227	140712529	302	0.904	0.0166	0.0	
142361453	142362606	1153	0.4458	0.2819	0.2298	
147759655	147761717	2062	0.1227	0.8598	0.0044	
150947230	150947646	416	0.8173	0.0072	0.0745	
151102168	151102761	593	0.801	0.0354	0.054	
243641219	243641634	415	0.8964	0.0024	0.0627	
152796132	152797505	1373	0.7706	0.0437	0.0655	
152896174	152896822	648	0.0	0.0	1.0	
153184922	153185934	1012	0.0	0.0	1.0	
155176400	155177055	655	0.3893	0.0809	0.4885	
156058729	156059763	1034	0.3143	0.0687	0.5735	
156205363	156206542	1179	0.5547	0.1603	0.1671	
344291324	344292379	1055	0.2351	0.4199	0.3223	
157862356	157863154	798	0.5589	0.2293	0.1479	
161377542	161377717	175	0.9371	0.0	0.0	
163036550	163036906	356	0.7388	0.0169	0.0787	
255542182	255542762	580	0.5362	0.1138	0.2948	
257156506	257156874	368	0.7391	0.019	0.0951	
166036462	166036621	159	0.8868	0.0126	0.0126	
166722138	166722777	639	0.4742	0.4664	0.0078	
169480634	169480828	194	0.8505	0.0	0.0928	
170312133	170312557	424	0.5542	0.3042	0.0778	
170715947	170716471	524	0.6813	0.1145	0.0534	
262852774	262853371	597	0.7136	0.0603	0.1156	
171297833	171298745	912	0.5713	0.1601	0.1546	
482742952	482743354	402	0.1244	0.1244	0.7363	
174322436	174322680	244	0.8115	0.0	0.0451	
265763457	265764813	1356	0.1733	0.3562	0.4425	
294258903	294259122	219	0.8174	0.0228	0.0274	
175086738	175087309	571	0.3152	0.5044	0.1506	
175725005	175725439	434	0.9401	0.0069	0.0069	
181904687	181905080	393	0.7863	0.0025	0.0712	
182389157	182390709	1552	0.1476	0.0728	0.7668	
273320534	273320953	419	0.4916	0.2339	0.1981	
187408452	187409854	1402	0.4066	0.3966	0.1419	
277055290	277055694	404	0.646	0.0	0.3144	
461095162	461095674	512	0.7734	0.0078	0.0527	
189568310	189568522	212	0.9198	0.0	0.0	
310172449	310172684	235	0.783	0.0128	0.0936	
312767603	312767823	220	0.8818	0.0	0.0727	
283953763	283954144	381	0.8268	0.0262	0.1076	
382235912	382236319	407	0.3857	0.2285	0.3514	
196047426	196047636	210	0.6238	0.0095	0.2476	
287191105	287191904	799	0.4593	0.3517	0.1114	
288450405	288450634	229	0.9432	0.0	0.0	
415102419	415102713	294	0.915	0.0102	0.0034	
290327151	290327771	620	0.4484	0.421	0.0629	
482416399	482416751	352	0.4574	0.1506	0.3409	
231392838	231393049	211	0.8294	0.0095	0.09	
202353664	202354032	368	0.6766	0.1223	0.1522	
202415701	202416024	323	0.6099	0.0093	0.2848	
292504450	292504731	281	0.911	0.0214	0.0178	
211671985	211673592	1607	0.3727	0.4686	0.1145	
303397882	303398601	719	0.3394	0.2337	0.3853	
399555917	399556631	714	0.5406	0.1667	0.2087	
305228235	305232543	4308	0.0675	0.9157	0.0104	
305421495	305421875	380	0.6684	0.0474	0.2368	
245745349	245745694	345	0.6058	0.2116	0.1333	
312865281	312865544	263	0.9354	0.0076	0.0	
312916850	312917373	523	0.7017	0.1128	0.0841	
314080189	314080535	346	0.7514	0.0202	0.1156	
381418339	381418586	247	0.8704	0.0486	0.004	
316375883	316376480	597	0.0	0.0	1.0	
317544171	317544911	740	0.3135	0.1649	0.4622	
317582631	317582953	322	0.0	0.0	1.0	
317596782	317597091	309	0.1618	0.0388	0.7346	
229039035	229039530	495	0.5758	0.0081	0.3616	
324568856	324569091	235	0.8851	0.0043	0.0298	
415509745	415510846	1101	0.5059	0.1462	0.2661	
265392684	265393226	542	0.0	0.0	1.0	
449227940	449228227	287	0.8676	0.0314	0.0105	
334941400	334943191	1791	0.3121	0.6304	0.024	
269768253	269769371	1118	0.398	0.2397	0.3131	
424082340	424082786	446	0.8184	0.0	0.0673	
431007909	431008249	340	0.8735	0.0059	0.0176	
248207580	248207991	411	0.7567	0.0681	0.0876	
344768958	344769828	870	0.4448	0.4264	0.069	
402896302	402896573	271	0.941	0.0	0.0295	
466323076	466323762	686	0.2857	0.1122	0.5496	
436477306	436478623	1317	0.3637	0.5414	0.0319	
437354605	437354789	184	0.9783	0.0	0.0	
474180165	474187113	6948	0.0963	0.8014	0.0888	
334445925	334448225	2300	0.2078	0.6591	0.0996	
354388636	354389096	460	0.5304	0.0283	0.3891	
359632622	359633005	383	0.8825	0.0	0.0183	
266737020	266738459	1439	0.3197	0.5288	0.1119	
420858229	420858641	412	0.8447	0.0825	0.0194	
296919645	296920364	719	0.63	0.249	0.0459	
334286837	334287234	397	0.3678	0.2695	0.2972	
454900629	454900902	273	0.8095	0.0037	0.0659	
454904773	454905088	315	0.7841	0.0	0.1746	
455016499	455016991	492	0.9228	0.0203	0.0183	
282995662	282996379	717	0.5425	0.0014	0.4254	
446674413	446675072	659	0.5933	0.0561	0.1775	
276305705	276306713	1008	0.6796	0.0387	0.2411	
277126899	277127877	978	0.7249	0.0818	0.0777	
309780120	309780350	230	0.9304	0.0	0.0087	
312869573	312870005	432	0.7292	0.0185	0.1481	
381431014	381432388	1374	0.6048	0.0146	0.2911	
350189080	350189476	396	0.5833	0.1616	0.1667	
390871379	390871864	485	0.4619	0.2144	0.2186	
419700261	419702241	1980	0.2702	0.6929	0.0086	
383305132	383313428	8296	0.0239	0.932	0.0411	
461519232	461520914	1682	0.2331	0.1076	0.6052	
324699827	324700175	348	0.0	0.0	1.0	
300225646	300226358	712	0.309	0.2753	0.3919	
290618821	290619035	214	0.8785	0.0	0.0701	
325172777	325173260	483	0.2215	0.3913	0.3644	
436543229	436544280	1051	0.5205	0.1142	0.2892	
327842399	327842849	450	0.3667	0.2533	0.3044	
328842313	328842567	254	0.0	0.0	1.0	
399971614	399972402	788	0.2728	0.0317	0.6612	
330981036	330982178	1142	0.1208	0.5079	0.3476	
460790519	460792423	1904	0.0977	0.5961	0.2894	
404657332	404657573	241	0.9087	0.0415	0.0041	
458066248	458066752	504	0.6647	0.0456	0.1687	
381739826	381740737	911	0.6498	0.0999	0.1251	
455015529	455016189	660	0.6439	0.0758	0.2364	
398662068	398663125	1057	0.3832	0.123	0.4333	
350357398	350358297	899	0.3482	0.5083	0.0656	
478193387	478196742	3355	0.1052	0.7502	0.1332	
391454737	391455338	601	0.2978	0.6373	0.0383	
414640122	414641597	1475	0.1553	0.7322	0.0875	
414672357	414673187	830	0.6988	0.1181	0.1169	
472822996	472823890	894	0.5772	0.1275	0.2248	
385438026	385438512	486	0.6255	0.0247	0.2757	
459845905	459846134	229	0.7249	0.0087	0.1266	
430358955	430359547	592	0.7196	0.1132	0.0912	
317287243	317288326	1083	0.6353	0.0194	0.2142	
474748120	474748348	228	0.9868	0.0	0.0	
444243452	444243670	218	0.8807	0.0	0.0872	
344697710	344698341	631	0.5674	0.103	0.2203	
479736298	479736615	317	0.6782	0.1073	0.1167	
416520510	416520717	207	0.9758	0.0	0.0	
449191122	449191301	179	0.8939	0.0503	0.0056	
461779468	461780071	603	0.2106	0.0663	0.6733	
418617025	418617439	414	0.6691	0.1208	0.0652	
384570692	384571334	642	0.7181	0.0389	0.1199	
373937465	373937652	187	0.8396	0.0	0.1283	
474172545	474173360	815	0.3546	0.3816	0.2233	
7491706	7492263	557	0.5063	0.1454	0.2855	
9300796	9301505	709	0.7094	0.0917	0.0649	
14992160	14992934	774	0.4935	0.1615	0.2959	
18104311	18105680	1369	0.8685	0.0321	0.0131	
18128782	18129186	404	0.6609	0.0421	0.2302	
18141710	18143558	1848	0.7051	0.04	0.1423	
18534051	18534258	207	0.8696	0.0	0.0193	
22556057	22556467	410	0.8439	0.0829	0.0268	
23533397	23534445	1048	0.9466	0.0019	0.0143	
29362914	29364317	1403	0.8781	0.0364	0.0385	
29462526	29463274	748	0.9158	0.004	0.0147	
36785184	36785611	427	0.7705	0.0398	0.0539	
37052819	37053567	748	0.5374	0.139	0.2072	
51518059	51518325	266	0.891	0.0376	0.0	
57576577	57577091	514	0.7237	0.0584	0.1304	
57595494	57595740	246	0.878	0.0	0.0813	
61886869	61887297	428	0.8107	0.0023	0.0631	
65515947	65516199	252	0.6587	0.1865	0.0873	
75048121	75048660	539	0.7532	0.128	0.0223	
75887853	75889007	1154	0.3804	0.3466	0.201	
75925411	75925911	500	0.84	0.016	0.044	
77557879	77558135	256	0.9336	0.0039	0.0	
87817006	87817299	293	0.7645	0.0239	0.1297	
88208966	88209964	998	0.7916	0.0631	0.0411	
88211458	88212863	1405	0.6676	0.1189	0.1231	
93212375	93213104	729	0.4321	0.2359	0.2716	
96370154	96370815	661	0.6838	0.0756	0.1649	
102152223	102153393	1170	0.2675	0.2462	0.4248	
103764659	103765204	545	0.7174	0.0771	0.0936	
109084130	109085209	1079	0.4328	0.3179	0.2039	
110333909	110334065	156	0.8846	0.0321	0.0	
113498503	113498856	353	0.8102	0.0142	0.0453	
116462228	116462444	216	0.6481	0.0556	0.2315	
121420572	121420831	259	0.8687	0.0193	0.0927	
132511703	132512054	351	0.8832	0.0228	0.0	
132845746	132846014	268	0.9366	0.0149	0.0075	
134255352	134255922	570	0.8298	0.0158	0.0596	
134261375	134261895	520	0.5365	0.0865	0.3173	
139500402	139501393	991	0.5288	0.0343	0.3491	
139771777	139772065	288	0.9236	0.0	0.0174	
144171077	144171575	498	0.2711	0.5221	0.1506	
144319735	144319958	223	0.9013	0.0269	0.0045	
145043189	145043788	599	0.8497	0.0267	0.0167	
145384306	145384824	518	0.4035	0.2124	0.3398	
146200292	146201196	904	0.5819	0.1737	0.0907	
146962152	146962559	407	0.9066	0.027	0.0147	
152765652	152766403	751	0.5087	0.0519	0.3302	
154757925	154758595	670	0.7299	0.0478	0.0537	
156254994	156255670	676	0.4453	0.3772	0.1272	
166166129	166166760	631	0.8542	0.0032	0.0254	
169926714	169927307	593	0.6054	0.0776	0.2327	
169993644	169994365	721	0.6366	0.1151	0.1526	
170663891	170665488	1597	0.3638	0.0263	0.5304	
172783961	172785258	1297	0.3362	0.2421	0.3392	
174875520	174876663	1143	0.5381	0.238	0.1356	
174952288	174953526	1238	0.4136	0.2544	0.2779	
179455782	179456718	936	0.687	0.0812	0.1154	
187929989	187930361	372	0.6962	0.043	0.0941	
188245677	188246384	707	0.5502	0.1867	0.1726	
192307777	192308053	276	0.9203	0.0	0.0145	
192596972	192597822	850	0.5141	0.1529	0.2082	
201230840	201231483	643	0.549	0.3079	0.0715	
205018249	205018488	239	0.9331	0.0209	0.0042	
210114025	210115457	1432	0.5209	0.0957	0.3052	
215693218	215694835	1617	0.4187	0.3284	0.196	
217370853	217371826	973	0.3577	0.4615	0.0966	
223040541	223040743	202	0.8416	0.005	0.0446	
226217124	226217898	774	0.3411	0.1589	0.4367	
230950306	230950564	258	0.8411	0.062	0.0233	
231391702	231391914	212	0.9245	0.0094	0.0	
233314571	233314944	373	0.6836	0.0027	0.2386	
239252212	239252452	240	0.8833	0.05	0.0208	
248185895	248186150	255	0.8902	0.0314	0.0314	
253758338	253758752	414	0.9638	0.0024	0.0048	
256786823	256787311	488	0.5799	0.2193	0.1619	
257713381	257713676	295	0.8949	0.0271	0.0169	
268214504	268214786	282	0.4716	0.1383	0.3652	
271626186	271627073	887	0.372	0.2401	0.3382	
277742432	277742874	442	0.7308	0.0249	0.1923	
279547711	279548014	303	0.9076	0.0099	0.0	
280451847	280452680	833	0.8824	0.0372	0.012	
282591373	282592191	818	0.7457	0.0905	0.0636	
285270543	285270919	376	0.6755	0.0053	0.2314	
287284028	287284294	266	0.9511	0.0	0.0	
290042194	290042424	230	0.9826	0.0043	0.0043	
291788361	291788907	546	0.5238	0.2289	0.1648	
292316020	292316586	566	0.8057	0.083	0.023	
297354626	297354924	298	0.5872	0.0134	0.3255	
306432526	306432950	424	0.6958	0.0094	0.1604	
313084876	313085156	280	0.65	0.0214	0.1929	
316351450	316352485	1035	0.2841	0.6367	0.0271	
317545896	317547270	1374	0.2758	0.6434	0.0408	
317561996	317562919	923	0.5634	0.0748	0.2503	
317640455	317641325	870	0.6149	0.123	0.1575	
317655430	317656208	778	0.8715	0.0116	0.0308	
336122932	336123360	428	0.6168	0.0631	0.1986	
340919852	340920340	488	0.8607	0.0492	0.0082	
345687657	345688131	474	0.9177	0.0148	0.0	
352576892	352577422	530	0.734	0.0358	0.1151	
358450166	358451223	1057	0.2744	0.2573	0.4361	
359515920	359516164	244	0.7951	0.0697	0.0656	
363534134	363535198	1064	0.5855	0.2932	0.0404	
363931674	363931924	250	0.964	0.0	0.0	
364018952	364019616	664	0.4985	0.0482	0.369	
364730811	364731635	824	0.8799	0.0158	0.0194	
365911113	365911741	628	0.8965	0.0159	0.0111	
365911960	365912414	454	0.967	0.0022	0.0066	
382151565	382152010	445	0.4315	0.1236	0.3978	
382374137	382375240	1103	0.4923	0.3554	0.0834	
384518322	384520346	2024	0.8661	0.0128	0.0267	
385028007	385028892	885	0.9412	0.009	0.0023	
391425137	391426261	1124	0.5934	0.3043	0.032	
391455817	391456393	576	0.5382	0.1424	0.25	
392296496	392296778	282	0.9362	0.0	0.0142	
394626921	394627129	208	0.9087	0.0288	0.0192	
398209409	398210426	1017	0.5192	0.0865	0.292	
400738685	400739611	926	0.7084	0.0821	0.1253	
401241240	401241490	250	0.876	0.088	0.004	
416271941	416272641	700	0.3643	0.15	0.42	
416435492	416436234	742	0.8167	0.0418	0.0283	
424190899	424191155	256	0.9648	0.0195	0.0	
434484142	434485345	1203	0.2776	0.409	0.2502	
438254472	438255138	666	0.6877	0.1547	0.0811	
442456063	442456425	362	0.7486	0.0249	0.1464	
453725171	453725452	281	0.8363	0.0	0.032	
454921005	454921955	950	0.6147	0.1084	0.1537	
455024012	455024750	738	0.4092	0.4756	0.0379	
469484719	469485051	332	0.744	0.0422	0.1325	
469766959	469767291	332	0.7018	0.0482	0.1627	
473737009	473737260	251	0.8048	0.0438	0.0438	
482046046	482047013	967	0.456	0.2441	0.2068	
