start	end	length	IDY	missing1	missing2	
100503019	100503355	336	0.7143	0.1399	0.0327	
100685267	100686677	1410	0.2411	0.2369	0.4922	
100896656	100896992	336	0.8631	0.0208	0.0208	
10096067	10096335	268	0.709	0.0037	0.1903	
101224274	101225822	1548	0.3068	0.3327	0.3366	
102484523	102485215	692	0.7991	0.1084	0.0289	
104673426	104673794	368	0.9185	0.019	0.0	
104880514	104880726	212	0.7358	0.0849	0.0802	
105006979	105007322	343	0.7668	0.0117	0.1574	
105114419	105114993	574	0.4599	0.2613	0.2265	
105274019	105274670	651	0.3932	0.0061	0.553	
107514061	107514467	406	0.6724	0.064	0.1946	
107660677	107661048	371	0.7736	0.0431	0.027	
10803695	10805987	2292	0.4346	0.25	0.2382	
108758278	108758943	665	0.5654	0.3128	0.0722	
109088148	109088365	217	0.8249	0.0922	0.0	
110216856	110217475	619	0.8772	0.0145	0.0242	
110243038	110243436	398	0.907	0.0025	0.0101	
110253301	110254136	835	0.7066	0.0731	0.0946	
110412782	110412970	188	0.9255	0.0319	0.016	
111413593	111413925	332	0.9518	0.0	0.0	
111841919	111842234	315	0.8349	0.0349	0.0444	
111969872	111971287	1415	0.3887	0.2452	0.2862	
112431871	112432325	454	0.7445	0.0352	0.152	
112733468	112733974	506	0.8953	0.0316	0.002	
112740194	112741239	1045	0.844	0.0431	0.0115	
112779660	112780622	962	0.6902	0.0042	0.236	
113486746	113487377	631	0.5214	0.0254	0.4089	
11353579	11354243	664	0.3133	0.012	0.6431	
113542956	113544247	1291	0.4415	0.1247	0.3811	
113550853	113551074	221	0.8824	0.0271	0.0362	
113568356	113570086	1730	0.2491	0.6121	0.1173	
113704544	113705154	610	0.5984	0.3	0.0328	
113969440	113970039	599	0.5392	0.0301	0.3589	
114002824	114003519	695	0.5799	0.0273	0.2964	
114302896	114303601	705	0.6496	0.0312	0.2681	
114304345	114304735	390	0.7179	0.0744	0.1205	
114560578	114560742	164	0.9024	0.0427	0.0122	
114635972	114636409	437	0.9497	0.0023	0.0092	
115201930	115203435	1505	0.6146	0.1116	0.1608	
115560241	115560926	685	0.8803	0.0365	0.0088	
115673632	115674357	725	0.5628	0.0055	0.3834	
115702533	115703286	753	0.3745	0.4675	0.1262	
115793731	115794246	515	0.9126	0.0214	0.0155	
116430501	116431313	812	0.7094	0.1441	0.0443	
116505693	116506622	929	0.5888	0.0592	0.282	
116650007	116650380	373	0.8177	0.0751	0.0456	
116929966	116930240	274	0.6569	0.0036	0.3175	
117075751	117076161	410	0.7049	0.0366	0.1488	
117345302	117345629	327	0.7615	0.0092	0.1223	
117413156	117413539	383	0.6762	0.0783	0.1514	
118260393	118261313	920	0.3924	0.238	0.3196	
118358548	118360975	2427	0.3564	0.1372	0.4396	
118432045	118432363	318	0.434	0.0252	0.4591	
118895994	118897166	1172	0.4326	0.2671	0.2338	
119001228	119001846	618	0.6133	0.0113	0.2476	
121525618	121526616	998	0.4729	0.2064	0.2665	
122034718	122035885	1167	0.569	0.3025	0.0583	
123528979	123529171	192	0.9167	0.0208	0.0	
124004370	124004757	387	0.7674	0.0543	0.1189	
124233051	124233818	767	0.3807	0.3038	0.2725	
126451200	126452006	806	0.5782	0.0695	0.2184	
12667218	12667602	384	0.6641	0.0	0.2865	
1275378	1277049	1671	0.5446	0.2304	0.0928	
127995353	127996491	1138	0.4965	0.2329	0.1968	
12804818	12805324	506	0.666	0.0929	0.168	
129238686	129239422	736	0.4103	0.3601	0.163	
130187927	130188270	343	0.7668	0.0058	0.2012	
130684266	130684787	521	0.9712	0.0019	0.0019	
131484827	131485058	231	0.9004	0.026	0.0	
131612230	131613252	1022	0.8738	0.0342	0.0108	
131769602	131770099	497	0.9457	0.0	0.0141	
131784333	131784546	213	0.8826	0.0188	0.0094	
131834907	131835228	321	0.5826	0.2243	0.1121	
132198273	132198748	475	0.5453	0.0168	0.3768	
132391565	132391824	259	0.8764	0.0232	0.0077	
132448715	132448912	197	0.9289	0.0203	0.0	
132454583	132454916	333	0.8889	0.027	0.006	
132479320	132479712	392	0.8954	0.0255	0.0281	
133251045	133251309	264	0.7083	0.0303	0.1515	
133295858	133296707	849	0.3722	0.2721	0.2568	
135103167	135103862	695	0.3367	0.1439	0.4791	
135769662	135770304	642	0.4642	0.1511	0.3193	
136762886	136763702	816	0.4289	0.027	0.4767	
13702015	13702330	315	0.854	0.0159	0.0095	
137157274	137157896	622	0.7605	0.0611	0.1061	
137332019	137332673	654	0.2905	0.1391	0.5428	
137357103	137359665	2562	0.3673	0.2315	0.324	
137696826	137697748	922	0.4664	0.0846	0.3709	
1378540	1379041	501	0.8184	0.022	0.0399	
138085344	138086101	757	0.8983	0.0066	0.0423	
138521957	138523007	1050	0.6171	0.0952	0.2038	
138785221	138785763	542	0.7712	0.0387	0.1052	
138870402	138870731	329	0.7933	0.0638	0.0152	
139019145	139019303	158	0.9684	0.0	0.0	
139215351	139217481	2130	0.5413	0.1742	0.207	
139321327	139321694	367	0.8202	0.0381	0.0	
139354917	139355130	213	0.9624	0.0141	0.0	
139413264	139413479	215	0.5163	0.1721	0.2	
139427699	139428197	498	0.8414	0.0341	0.0141	
139555496	139557015	1519	0.5418	0.2646	0.0915	
139659235	139659547	312	0.8077	0.0641	0.0032	
139707480	139708164	684	0.7003	0.0965	0.1754	
13972997	13973456	459	0.8366	0.0479	0.0065	
139774344	139774650	306	0.7386	0.0948	0.0948	
139943685	139944483	798	0.8371	0.0226	0.0439	
139951296	139952497	1201	0.2939	0.5079	0.1415	
140318290	140318531	241	0.9461	0.0083	0.0	
140328898	140329437	539	0.5139	0.1763	0.2412	
140746043	140746313	270	0.9	0.0185	0.0111	
140765569	140765876	307	0.899	0.013	0.0033	
14086789	14087394	605	0.7256	0.0364	0.1702	
141065508	141066016	508	0.7323	0.0276	0.1378	
141217226	141217551	325	0.6523	0.0769	0.2031	
141543277	141543854	577	0.3622	0.0503	0.5615	
141650130	141650483	353	0.6176	0.0822	0.238	
142625652	142626717	1065	0.3531	0.2141	0.3822	
14288676	14289263	587	0.9284	0.0	0.0204	
143553990	143554914	924	0.7024	0.0563	0.1732	
144822407	144822838	431	0.7517	0.0186	0.1369	
145058617	145059179	562	0.7064	0.1192	0.0907	
145575464	145575807	343	0.8222	0.0087	0.0612	
146205441	146206398	957	0.2675	0.3333	0.3636	
14621963	14623178	1215	0.7342	0.0897	0.1152	
146455967	146456877	910	0.5758	0.0286	0.3462	
146558265	146559173	908	0.9053	0.0	0.0319	
146822608	146822944	336	0.7619	0.0238	0.122	
146823847	146824214	367	0.861	0.0163	0.0763	
14700973	14701213	240	0.8417	0.0042	0.0542	
147179859	147180077	218	0.8853	0.0413	0.0046	
148132735	148133224	489	0.8098	0.0143	0.0859	
148186643	148187605	962	0.6383	0.0644	0.2422	
148537162	148538283	1121	0.5789	0.1597	0.1936	
148942104	148942446	342	0.7719	0.0468	0.038	
148992949	148993230	281	0.9466	0.0	0.0	
14905984	14906504	520	0.8692	0.0096	0.0385	
150333504	150333764	260	0.8769	0.0077	0.0538	
150338552	150338757	205	0.7073	0.1512	0.0244	
150488639	150489053	414	0.8237	0.0217	0.0145	
151066618	151067300	682	0.4531	0.346	0.1584	
151096300	151097019	719	0.4131	0.0682	0.459	
151477330	151478104	774	0.4961	0.0103	0.469	
152313203	152314656	1453	0.3173	0.0585	0.5822	
152689921	152690298	377	0.7745	0.0318	0.0928	
152690803	152691206	403	0.6476	0.2208	0.0744	
152713506	152713841	335	0.6836	0.0537	0.1851	
152741978	152744203	2225	0.6404	0.1213	0.1294	
154327682	154327966	284	0.9225	0.0	0.0317	
154333207	154333641	434	0.6198	0.1544	0.1843	
154731755	154733018	1263	0.2835	0.0808	0.578	
154868336	154868569	233	0.9571	0.0	0.0	
15520822	15521447	625	0.9296	0.0016	0.0128	
15673186	15674664	1478	0.7537	0.1313	0.0399	
15686162	15686562	400	0.85	0.0625	0.015	
157482425	157482720	295	0.8983	0.0	0.0203	
158560529	158561247	718	0.4234	0.337	0.1602	
159650162	159651850	1688	0.4615	0.2541	0.2103	
159901132	159902095	963	0.7487	0.0395	0.1246	
159923370	159924021	651	0.9109	0.0061	0.0138	
159927726	159928553	827	0.8138	0.0339	0.0665	
16055534	16055869	335	0.8627	0.0179	0.0478	
161306662	161307420	758	0.7032	0.0646	0.1121	
16151750	16151948	198	0.9343	0.0303	0.0	
162502314	162502548	234	0.8632	0.0085	0.0513	
162598633	162599619	986	0.8489	0.0233	0.0527	
16283373	16283799	426	0.5446	0.2582	0.1573	
163644690	163645156	466	0.7146	0.0129	0.2082	
16491899	16492808	909	0.7085	0.0935	0.0979	
16520157	16521669	1512	0.6753	0.0357	0.2189	
165747771	165748047	276	0.558	0.0181	0.3768	
165787606	165787793	187	0.8824	0.0	0.0588	
165924444	165924821	377	0.4668	0.183	0.252	
166026418	166026721	303	0.8515	0.0264	0.0132	
166103054	166103493	439	0.8474	0.0046	0.0661	
166104000	166104335	335	0.8119	0.0149	0.0239	
166166129	166166760	631	0.8542	0.0032	0.0254	
168238537	168239084	547	0.8355	0.0457	0.011	
168431480	168432378	898	0.5523	0.0223	0.2984	
168457343	168457637	294	0.8469	0.0306	0.0034	
168524916	168525162	246	0.7805	0.0081	0.0935	
168628654	168629055	401	0.7955	0.0349	0.0424	
16870246	16870396	150	0.98	0.0	0.0	
16909060	16909245	185	0.9568	0.0054	0.0	
169959416	169960312	896	0.4721	0.3002	0.1239	
170006150	170006406	256	0.8164	0.0508	0.0195	
170159433	170159983	550	0.48	0.1327	0.28	
170836791	170837172	381	0.5197	0.0	0.4226	
170934302	170935045	743	0.288	0.3526	0.3244	
171145915	171146251	336	0.8542	0.0119	0.0268	
171248979	171250350	1371	0.6579	0.097	0.1524	
171306704	171307937	1233	0.3212	0.3496	0.266	
17145561	17147270	1709	0.9157	0.0246	0.0035	
172188812	172189236	424	0.816	0.0259	0.0236	
172323742	172324384	642	0.8707	0.0	0.0249	
172332972	172333899	927	0.8954	0.0076	0.0108	
172340008	172340350	342	0.7895	0.0292	0.0906	
172362423	172362573	150	0.9133	0.0133	0.02	
172367893	172368231	338	0.8609	0.0089	0.0473	
172369728	172370574	846	0.5626	0.0579	0.2813	
172378659	172379917	1258	0.461	0.1161	0.3347	
172857645	172858464	819	0.5714	0.1844	0.127	
173038919	173039346	427	0.452	0.4918	0.0258	
174316396	174317119	723	0.4786	0.3098	0.1369	
174935060	174935262	202	0.8713	0.005	0.0149	
175231805	175232528	723	0.8354	0.0041	0.1079	
175318113	175318882	769	0.2822	0.4265	0.2432	
175403583	175403712	129	0.8682	0.0	0.0078	
175467992	175468554	562	0.6512	0.0712	0.1993	
176617304	176617799	495	0.6182	0.0101	0.2566	
176811047	176811252	205	0.8244	0.0537	0.0244	
176811806	176812100	294	0.568	0.0748	0.2959	
176830139	176830649	510	0.649	0.1333	0.1451	
176854756	176855173	417	0.801	0.0336	0.0743	
176876130	176876743	613	0.509	0.0163	0.385	
176884818	176885610	792	0.7159	0.0556	0.1035	
176899065	176899309	244	0.8443	0.0164	0.0328	
176971460	176971890	430	0.3465	0.3209	0.2465	
177748775	177749200	425	0.48	0.1224	0.3412	
177798700	177799442	742	0.3841	0.2722	0.2736	
177857247	177857904	657	0.7869	0.035	0.0989	
179300922	179303134	2212	0.3454	0.2152	0.3847	
180252303	180252969	666	0.4174	0.2012	0.3288	
180304436	180305320	884	0.2692	0.3314	0.3575	
18065190	18065799	609	0.936	0.0	0.0033	
180910882	180911315	433	0.7321	0.0323	0.1016	
18180125	18180469	344	0.5843	0.0	0.3837	
18235809	18236330	521	0.8944	0.0326	0.0	
18236799	18237280	481	0.869	0.0042	0.0894	
182543330	182544653	1323	0.26	0.1557	0.5238	
18304529	18305290	761	0.4639	0.1406	0.3009	
18310996	18312451	1455	0.9498	0.0089	0.0014	
183218138	183218435	297	0.7778	0.0505	0.0303	
183226412	183227425	1013	0.3929	0.2162	0.2902	
18397689	18397930	241	0.9129	0.0166	0.0041	
184259196	184259704	508	0.6929	0.1181	0.1654	
18488707	18489134	427	0.9016	0.0	0.0047	
185193715	185194499	784	0.4056	0.2832	0.2411	
186282114	186283043	929	0.4413	0.0172	0.4499	
187359986	187360477	491	0.8045	0.0081	0.0448	
187449830	187450203	373	0.7265	0.1072	0.0375	
187457456	187459134	1678	0.584	0.2443	0.093	
187770272	187770848	576	0.6944	0.0955	0.0417	
187830744	187832466	1722	0.694	0.0703	0.1167	
188236524	188237007	483	0.5631	0.0911	0.2588	
188520165	188520942	777	0.5431	0.2883	0.0412	
189583410	189583715	305	0.7016	0.118	0.1311	
189584505	189584728	223	0.9283	0.0	0.0045	
190672855	190673074	219	0.9406	0.0	0.0183	
191212617	191213275	658	0.6261	0.0623	0.1261	
191237496	191238118	622	0.4405	0.1833	0.3376	
191258938	191259942	1004	0.4183	0.0299	0.4412	
19446186	19446523	337	0.7745	0.1454	0.0119	
195811961	195812158	197	0.8832	0.0152	0.0102	
195832767	195833279	512	0.457	0.3438	0.1719	
196304788	196305083	295	0.8814	0.0373	0.0169	
197417379	197418136	757	0.5509	0.037	0.3303	
200911859	200912090	231	0.8745	0.0087	0.0693	
200932572	200932874	302	0.904	0.0132	0.0033	
200999919	201000065	146	0.8904	0.0548	0.0	
202325776	202326285	509	0.5501	0.3536	0.0688	
202430140	202431208	1068	0.5899	0.0571	0.2987	
203496822	203497493	671	0.6677	0.082	0.1684	
203505074	203505245	171	0.9357	0.0175	0.0	
203755086	203755559	473	0.9598	0.0	0.0	
204037004	204039248	2244	0.7438	0.0896	0.1074	
2044185	2045102	917	0.566	0.2388	0.1101	
204678695	204679274	579	0.8532	0.0155	0.019	
204683987	204684407	420	0.7738	0.0667	0.0714	
204886358	204886525	167	0.8802	0.0	0.0	
20489720	20490502	782	0.6074	0.0959	0.234	
204900786	204901525	739	0.4303	0.4208	0.0609	
204901728	204902448	720	0.8333	0.0458	0.0486	
205019390	205019587	197	0.9188	0.0	0.0355	
205191810	205192074	264	0.9621	0.0	0.0	
205337954	205338219	265	0.9283	0.0	0.0151	
20539981	20540210	229	0.8428	0.0524	0.0437	
205403826	205404092	266	0.906	0.0	0.0038	
206192885	206193823	938	0.5171	0.1578	0.2441	
20627890	20628401	511	0.3933	0.1937	0.3738	
206672054	206672501	447	0.736	0.094	0.1186	
206709279	206709944	665	0.5233	0.1203	0.2827	
206926715	206927142	427	0.9368	0.0023	0.0094	
207029435	207030141	706	0.9334	0.0071	0.0156	
207888748	207889798	1050	0.6438	0.081	0.1676	
208015849	208016140	291	0.6357	0.244	0.0584	
208020903	208021189	286	0.8741	0.007	0.0	
208039164	208039817	653	0.6907	0.0643	0.1455	
208336022	208336350	328	0.9238	0.0061	0.0335	
20857544	20857790	246	0.8211	0.0285	0.0732	
20860505	20860814	309	0.9515	0.0	0.0032	
209533946	209534526	580	0.9069	0.0086	0.0293	
209999798	210000751	953	0.3274	0.0147	0.6118	
210001381	210001998	617	0.6904	0.1102	0.1086	
210079953	210080680	727	0.6602	0.0757	0.205	
210287315	210288928	1613	0.8053	0.0366	0.0719	
210740740	210741611	871	0.3238	0.3111	0.3341	
210828211	210828502	291	0.8866	0.0275	0.0069	
210877750	210878452	702	0.6125	0.1638	0.1311	
210901299	210901655	356	0.8848	0.0	0.0281	
210908755	210909001	246	0.8374	0.0244	0.0528	
210913871	210914139	268	0.9328	0.0112	0.0037	
210982481	210983002	521	0.6795	0.0768	0.0845	
211778992	211779257	265	0.883	0.0453	0.0	
211851413	211851729	316	0.8829	0.0285	0.0063	
211855654	211856841	1187	0.8635	0.0514	0.0185	
2118783	2119622	839	0.6007	0.0715	0.1979	
211999922	212000164	242	0.938	0.0	0.0	
212035651	212035832	181	0.8177	0.0552	0.0221	
212238126	212238606	480	0.5625	0.0292	0.3083	
212559363	212559746	383	0.9295	0.0	0.0157	
212596566	212597424	858	0.6853	0.0664	0.1399	
213026485	213027102	617	0.8363	0.0389	0.0438	
214870211	214870452	241	0.9793	0.0	0.0041	
214987778	214988230	452	0.8208	0.0376	0.0177	
215108520	215109679	1159	0.5229	0.0846	0.277	
215405786	215407110	1324	0.5378	0.065	0.2908	
215685085	215685449	364	0.7912	0.0467	0.1154	
216887560	216888027	467	0.591	0.0171	0.2912	
222881781	222882221	440	0.9614	0.0	0.0227	
223163701	223163946	245	0.902	0.0122	0.0	
223605426	223605991	565	0.3522	0.3381	0.269	
223861129	223861589	460	0.7239	0.0478	0.1565	
22388632	22389480	848	0.8184	0.0283	0.0413	
22469642	22469947	305	0.7869	0.0033	0.141	
224715315	224715749	434	0.8733	0.023	0.0484	
225443598	225443910	312	0.7949	0.016	0.0641	
225720565	225720882	317	0.8675	0.0347	0.0284	
22602349	22602833	484	0.8223	0.0372	0.0393	
226446912	226447186	274	0.8832	0.0	0.0328	
22644819	22645302	483	0.8116	0.0269	0.0807	
227888850	227889181	331	0.716	0.0393	0.139	
22813435	22815690	2255	0.8678	0.0412	0.0377	
228383629	228384367	738	0.6856	0.1233	0.0908	
228679210	228679589	379	0.8734	0.029	0.0317	
228681721	228682741	1020	0.7059	0.0402	0.1716	
229968372	229968568	196	0.8622	0.0255	0.0204	
230360270	230361569	1299	0.4465	0.2579	0.2325	
230822519	230822852	333	0.6216	0.1171	0.1592	
230864743	230865077	334	0.8503	0.0	0.0659	
230969413	230969956	543	0.6501	0.0092	0.2376	
231410329	231410518	189	0.9048	0.0317	0.0	
231513403	231513940	537	0.4413	0.2961	0.1844	
231539890	231541366	1476	0.7547	0.061	0.0528	
231574421	231574741	320	0.9	0.0094	0.0281	
231952083	231952384	301	0.7542	0.0332	0.1362	
233178820	233179459	639	0.7825	0.0203	0.0814	
233912144	233912584	440	0.8955	0.0114	0.0114	
233913976	233915211	1235	0.6858	0.068	0.1587	
233918098	233918418	320	0.8688	0.025	0.0187	
233930550	233931260	710	0.5493	0.0169	0.3338	
233932058	233932635	577	0.6256	0.1248	0.1664	
233932943	233933213	270	0.8778	0.0296	0.0296	
233937720	233938362	642	0.8193	0.0078	0.053	
235235951	235236168	217	0.8341	0.0138	0.0415	
236294976	236295773	797	0.5358	0.2472	0.1393	
236498456	236499513	1057	0.4456	0.0662	0.4305	
236877603	236878195	592	0.326	0.0169	0.6267	
23789683	23789962	279	0.8961	0.0	0.0036	
23962935	23963413	478	0.5711	0.0167	0.3431	
241335329	241335636	307	0.7948	0.0195	0.101	
241342869	241343073	204	0.7304	0.0245	0.201	
241362186	241362431	245	0.898	0.0082	0.0163	
241999984	242000164	180	0.9278	0.0	0.0444	
242729432	242730340	908	0.3756	0.0088	0.5694	
242991408	242991642	234	0.9316	0.0171	0.0	
243030469	243030948	479	0.9645	0.0	0.0	
243079142	243079339	197	0.868	0.0	0.066	
243361025	243361343	318	0.7327	0.0943	0.0346	
243619807	243620673	866	0.6178	0.2575	0.0647	
243643558	243643783	225	0.8933	0.0133	0.0178	
243646573	243647011	438	0.8105	0.0091	0.1279	
245300941	245301297	356	0.868	0.0028	0.059	
245320881	245321303	422	0.6919	0.064	0.1517	
245326853	245327173	320	0.9406	0.0	0.0094	
247746291	247746470	179	0.8101	0.0782	0.0	
248160751	248161485	734	0.4918	0.3338	0.0995	
248166725	248167290	565	0.7788	0.0566	0.0637	
248653029	248653958	929	0.5953	0.1399	0.1808	
248759300	248759871	571	0.7268	0.0788	0.0701	
248796691	248797443	752	0.5306	0.1423	0.2553	
249090203	249090514	311	0.8328	0.0096	0.045	
250998812	250999018	206	0.8301	0.0777	0.0583	
251261047	251261433	386	0.9016	0.0052	0.0285	
251269912	251270323	411	0.635	0.09	0.1703	
251608228	251608394	166	0.9337	0.0241	0.0	
252904161	252904333	172	0.936	0.0	0.0349	
252927101	252927736	635	0.5197	0.0945	0.3181	
255251928	255252261	333	0.8859	0.006	0.033	
255555412	255555648	236	0.9025	0.0297	0.0127	
256978272	256978550	278	0.8777	0.0	0.0072	
257568185	257568888	703	0.66	0.2205	0.0555	
257615478	257616354	876	0.6815	0.153	0.1096	
257663793	257664946	1153	0.8491	0.0165	0.0729	
257713381	257713676	295	0.8949	0.0271	0.0169	
257717715	257718503	788	0.8566	0.0393	0.0622	
257760446	257760692	246	0.7886	0.0041	0.1545	
257849331	257849755	424	0.6981	0.0047	0.2547	
258866437	258866890	453	0.8587	0.0177	0.053	
258872815	258873400	585	0.5795	0.0342	0.3197	
258892943	258893769	826	0.8995	0.0169	0.0133	
259987874	259988482	608	0.8553	0.0247	0.0296	
259991227	259991392	165	0.9212	0.0	0.0	
260728159	260728578	419	0.9141	0.0095	0.0167	
261019273	261019826	553	0.868	0.0018	0.0561	
261034015	261034579	564	0.7039	0.0816	0.0638	
261035315	261035459	144	0.8819	0.0	0.0625	
261220005	261220672	667	0.7691	0.027	0.1529	
261241939	261242818	879	0.4209	0.0865	0.413	
261619365	261619829	464	0.6078	0.0043	0.3039	
261630033	261630416	383	0.8433	0.0131	0.0366	
262924080	262925284	1204	0.3937	0.3978	0.1628	
262937173	262938936	1763	0.211	0.4736	0.2638	
263394886	263396231	1345	0.5963	0.1026	0.2015	
263432473	263432901	428	0.6986	0.0093	0.1799	
264757482	264758187	705	0.4823	0.0709	0.3773	
266950058	266950718	660	0.6758	0.0182	0.1394	
267485422	267486006	584	0.6832	0.1712	0.0651	
267486752	267488265	1513	0.3972	0.1633	0.3648	
268520861	268521165	304	0.9145	0.0	0.0164	
268571515	268571796	281	0.9217	0.0	0.0036	
268573264	268573443	179	0.8547	0.0391	0.0	
268772838	268773222	384	0.8047	0.0234	0.0599	
269665007	269665619	612	0.5752	0.1748	0.1601	
26975778	26976356	578	0.673	0.0381	0.1453	
26977927	26978808	881	0.8922	0.0102	0.0238	
269815213	269816238	1025	0.719	0.0566	0.081	
269857682	269858006	324	0.5679	0.0494	0.3364	
270571341	270571707	366	0.6038	0.2486	0.1066	
270721398	270721633	235	0.8851	0.0255	0.0383	
270762745	270762997	252	0.8849	0.0357	0.0357	
270766937	270767150	213	0.8967	0.0141	0.0188	
271348509	271348756	247	0.9352	0.0243	0.0	
271361350	271361951	601	0.7304	0.0749	0.1414	
271365100	271365370	270	0.8556	0.0222	0.0074	
271401037	271401394	357	0.8067	0.0336	0.084	
271512340	271512840	500	0.368	0.236	0.366	
272887736	272888205	469	0.9041	0.0021	0.0213	
273149168	273150150	982	0.8951	0.0071	0.0122	
273420180	273420449	269	0.8067	0.0855	0.0	
27353124	27354142	1018	0.2544	0.2083	0.4637	
273661096	273661945	849	0.8869	0.0283	0.0212	
273673726	273675268	1542	0.8204	0.07	0.0409	
274024249	274025084	835	0.5617	0.0431	0.3138	
274251114	274251596	482	0.8714	0.0104	0.0788	
274313055	274313298	243	0.8519	0.0123	0.1029	
274886439	274886889	450	0.5556	0.1667	0.2289	
275039662	275040359	697	0.8293	0.033	0.0603	
275733185	275734188	1003	0.66	0.2542	0.0249	
275751601	275752044	443	0.8555	0.0384	0.0271	
276678480	276679041	561	0.7148	0.1747	0.0695	
276684304	276684713	409	0.9682	0.0	0.0	
276702235	276704547	2312	0.5415	0.2132	0.16	
276983862	276984463	601	0.9334	0.02	0.01	
277073134	277073490	356	0.9494	0.0	0.0	
277161307	277161721	414	0.7198	0.0242	0.1618	
277196727	277197282	555	0.9369	0.0036	0.0126	
277208166	277208940	774	0.8695	0.0749	0.0103	
278980913	278981132	219	0.9817	0.0	0.0	
279303695	279304255	560	0.8143	0.0482	0.0875	
279406305	279406720	415	0.8024	0.0602	0.0265	
280869301	280870329	1028	0.5195	0.1245	0.2597	
282526033	282526385	352	0.8324	0.0227	0.0114	
282526903	282527250	347	0.8617	0.0058	0.0432	
282598799	282599927	1128	0.5115	0.2695	0.1374	
282634088	282634815	727	0.7139	0.1582	0.0468	
282652072	282652672	600	0.7617	0.14	0.0483	
282830795	282831145	350	0.68	0.2057	0.0657	
283072577	283072997	420	0.6976	0.0619	0.1833	
283098294	283099007	713	0.6858	0.0491	0.1781	
283137327	283138316	989	0.7563	0.0576	0.09	
283668112	283668575	463	0.7667	0.0194	0.1037	
283911307	283912494	1187	0.4591	0.2502	0.1786	
284019514	284020451	937	0.6211	0.1814	0.0843	
284156373	284156822	449	0.7929	0.0935	0.0468	
284750552	284750969	417	0.6763	0.0863	0.1751	
284753249	284754056	807	0.6729	0.0186	0.2317	
285093779	285094160	381	0.8425	0.0131	0.0525	
285573917	285574087	170	0.9765	0.0	0.0	
286268362	286269814	1452	0.5613	0.0833	0.2851	
286534830	286535795	965	0.8052	0.0207	0.0995	
286903691	286904467	776	0.5103	0.2977	0.1495	
287307584	287309089	1505	0.6784	0.0671	0.1834	
287317722	287318722	1000	0.647	0.177	0.102	
287556939	287557624	685	0.6891	0.0409	0.1474	
287629835	287630362	527	0.6964	0.2239	0.0209	
287791406	287791931	525	0.6057	0.0362	0.2629	
288279008	288279265	257	0.9455	0.0117	0.0	
288285695	288286047	352	0.8011	0.0341	0.0852	
288326505	288327578	1073	0.7866	0.0457	0.0522	
288392624	288392940	316	0.9335	0.0095	0.0	
288415546	288415979	433	0.9376	0.0046	0.0231	
289257594	289258164	570	0.5877	0.2228	0.1123	
289270814	289271065	251	0.8924	0.0239	0.004	
289666094	289666880	786	0.9288	0.0051	0.0153	
289714154	289714589	435	0.5172	0.3701	0.0874	
290000815	290001318	503	0.8012	0.0298	0.0417	
290107006	290107543	537	0.8585	0.0279	0.0112	
290217039	290217606	567	0.9206	0.0194	0.0053	
290332811	290333947	1136	0.544	0.1417	0.2509	
290432257	290432608	351	0.8291	0.0427	0.0627	
290937655	290937863	208	0.9567	0.0	0.0048	
290959636	290960106	470	0.466	0.0809	0.4	
29108346	29110033	1687	0.3082	0.0978	0.5293	
291403514	291403835	321	0.7601	0.0	0.1402	
291810447	291810749	302	0.8477	0.0497	0.0099	
291958911	291959512	601	0.7837	0.0116	0.1298	
292038295	292038626	331	0.9245	0.006	0.0	
292903305	292903755	450	0.6844	0.0311	0.2089	
293119021	293120173	1152	0.5998	0.0391	0.2561	
293213467	293214883	1416	0.3764	0.2818	0.2818	
293242134	293242456	322	0.9006	0.0248	0.0155	
29589006	29589527	521	0.7466	0.0269	0.0365	
296608545	296609506	961	0.4037	0.359	0.1436	
297234008	297235010	1002	0.2525	0.3723	0.3473	
297524749	297525223	474	0.7869	0.019	0.0844	
297713220	297713466	246	0.8049	0.0366	0.061	
29927533	29928348	815	0.5276	0.265	0.0859	
299609603	299610075	472	0.5042	0.1568	0.2818	
299671582	299672559	977	0.566	0.3163	0.0358	
299786258	299787230	972	0.4465	0.3025	0.2058	
299888107	299888264	157	0.8726	0.0318	0.0127	
299894048	299894249	201	0.8657	0.005	0.0647	
300166302	300167169	867	0.4268	0.0773	0.4175	
300738284	300739424	1140	0.7904	0.0807	0.0737	
301727681	301727944	263	0.9354	0.0228	0.0	
302364014	302364758	744	0.8831	0.0202	0.0242	
302416994	302417503	509	0.5128	0.0432	0.387	
302565317	302565710	393	0.5903	0.1679	0.1883	
30296555	30297484	929	0.9376	0.0043	0.0118	
303212259	303212422	163	0.908	0.0	0.0	
303852961	303853567	606	0.4274	0.0165	0.505	
30401515	30402250	735	0.5361	0.1823	0.2395	
304773388	304773747	359	0.7242	0.0167	0.2006	
305310089	305312359	2270	0.3819	0.226	0.3291	
305395470	305395743	273	0.7253	0.0037	0.2125	
305414019	305415137	1118	0.5948	0.3247	0.0268	
305430439	305430982	543	0.674	0.1473	0.0313	
305435142	305435726	584	0.7003	0.0325	0.161	
305453731	305454398	667	0.6897	0.0555	0.1379	
305519599	305520652	1053	0.321	0.4255	0.1985	
305572749	305572910	161	0.9503	0.0	0.0	
305685504	305685721	217	0.894	0.0	0.023	
306082597	306083141	544	0.3382	0.5349	0.0993	
306650005	306650615	610	0.8148	0.023	0.041	
306954285	306955047	762	0.6247	0.0315	0.1588	
309005960	309006237	277	0.4693	0.1264	0.3357	
309974540	309974853	313	0.9137	0.0032	0.0	
310467743	310468332	589	0.4601	0.2241	0.2479	
310480079	310483403	3324	0.3643	0.1808	0.361	
310483567	310484621	1054	0.5275	0.1338	0.2429	
311130457	311130907	450	0.6956	0.2111	0.04	
311870528	311872306	1778	0.5652	0.1479	0.243	
312947411	312948025	614	0.7248	0.0928	0.0407	
312948644	312948969	325	0.72	0.1077	0.0954	
313195335	313197429	2094	0.4265	0.1036	0.3911	
313198112	313198706	594	0.729	0.032	0.1599	
314052909	314053692	783	0.3908	0.0358	0.5019	
314066526	314066736	210	0.9	0.0333	0.0048	
314140510	314141046	536	0.7705	0.0541	0.028	
314243254	314243994	740	0.6649	0.1135	0.1176	
315495355	315496061	706	0.4816	0.1331	0.2833	
316259078	316259993	915	0.4142	0.2656	0.2546	
316315152	316316229	1077	0.6955	0.1606	0.065	
316362162	316362882	720	0.5444	0.1986	0.1667	
316749164	316749615	451	0.8914	0.0	0.0244	
317172949	317173900	951	0.2555	0.6046	0.103	
319301346	319303190	1844	0.5206	0.2272	0.1735	
320728265	320728806	541	0.5028	0.0462	0.3734	
321080842	321081273	431	0.3735	0.4896	0.1044	
322294998	322296472	1474	0.3392	0.2958	0.3277	
322350311	322350747	436	0.8005	0.0413	0.0826	
322947673	322948138	465	0.5505	0.0925	0.2753	
324785164	324785565	401	0.8653	0.015	0.0324	
325289797	325290167	370	0.5757	0.3432	0.0054	
325325229	325325822	593	0.5902	0.113	0.1467	
327469553	327469751	198	0.9242	0.0152	0.0	
327741869	327742077	208	0.8654	0.024	0.0	
328240054	328240372	318	0.934	0.0	0.0031	
328249000	328249445	445	0.6899	0.0247	0.1483	
328254872	328255275	403	0.6228	0.273	0.0372	
328623072	328623479	407	0.8698	0.0	0.0393	
328674529	328675163	634	0.571	0.0237	0.3659	
329205730	329206061	331	0.6798	0.1601	0.0211	
330780594	330780888	294	0.6259	0.1088	0.1735	
330853116	330853818	702	0.4644	0.0641	0.3689	
330923785	330924094	309	0.7184	0.0518	0.2071	
330976435	330976664	229	0.607	0.0175	0.3057	
334314458	334315159	701	0.2953	0.5093	0.174	
335261853	335262251	398	0.7111	0.1508	0.0879	
335262726	335262989	263	0.9163	0.0038	0.0	
335594544	335595649	1105	0.6181	0.0633	0.2281	
336124050	336125329	1279	0.4793	0.1994	0.2228	
336182127	336182854	727	0.5076	0.0935	0.3232	
336213565	336214271	706	0.3116	0.1686	0.4518	
336218379	336219615	1236	0.2702	0.3972	0.2985	
336266851	336267523	672	0.8884	0.0045	0.0789	
336427980	336428656	676	0.6583	0.0858	0.1731	
336552824	336553744	920	0.3554	0.088	0.5228	
336568389	336568560	171	0.8421	0.0819	0.0	
33694010	33694202	192	0.8125	0.0365	0.0677	
339199140	339199848	708	0.3333	0.5523	0.0749	
33952941	33953190	249	0.6265	0.0803	0.2169	
340243934	340244914	980	0.2367	0.0582	0.6745	
340434282	340434645	363	0.7879	0.0331	0.0937	
340533526	340534292	766	0.517	0.2023	0.1945	
340676709	340676859	150	0.8867	0.0	0.0067	
340897650	340898097	447	0.7763	0.0358	0.0872	
340907283	340907494	211	0.8436	0.0095	0.1043	
340926884	340927702	818	0.3325	0.1944	0.434	
340930954	340931200	246	0.8374	0.0	0.065	
341250514	341251162	648	0.5015	0.1775	0.1929	
341283959	341284821	862	0.4571	0.2007	0.239	
341343659	341344062	403	0.8015	0.0571	0.0397	
341388230	341389697	1467	0.5917	0.0654	0.2788	
341810003	341810795	792	0.5593	0.0177	0.3523	
342137246	342137431	185	0.9297	0.0	0.0	
34260992	34262049	1057	0.3491	0.0653	0.5374	
342996298	342997097	799	0.7872	0.025	0.1126	
343850757	343851052	295	0.8034	0.0068	0.0508	
34390997	34392013	1016	0.2904	0.1496	0.501	
34426619	34426872	253	0.7194	0.0119	0.2095	
344804968	344805559	591	0.8308	0.0338	0.0558	
344812115	344812463	348	0.5805	0.2069	0.1667	
344844430	344844625	195	0.841	0.0513	0.0154	
344912136	344912603	467	0.788	0.03	0.0321	
344916245	344916712	467	0.5846	0.0236	0.2998	
345026681	345026842	161	0.8323	0.0311	0.0124	
345038622	345038884	262	0.8626	0.0	0.0344	
345649706	345650467	761	0.5283	0.0	0.4231	
345998025	345998457	432	0.912	0.037	0.0023	
346568274	346568515	241	0.8423	0.0	0.0747	
346578208	346578485	277	0.9314	0.0	0.0181	
346656579	346657655	1076	0.6626	0.1227	0.1199	
346660455	346660608	153	0.915	0.0	0.0	
346957831	346958041	210	0.9048	0.0238	0.0	
34713185	34713644	459	0.7908	0.0	0.1133	
347176285	347176718	433	0.6397	0.1109	0.1801	
347522855	347523802	947	0.5576	0.2735	0.0792	
347525755	347525912	157	0.9108	0.0	0.0127	
347593724	347595377	1653	0.7877	0.0145	0.1276	
347599242	347599823	581	0.4664	0.0138	0.4871	
347862145	347862684	539	0.3395	0.1039	0.4805	
348273197	348273635	438	0.4543	0.4977	0.0183	
348388771	348389340	569	0.6292	0.1599	0.0808	
348427034	348427503	469	0.7889	0.1045	0.0512	
348668208	348669502	1294	0.8338	0.0363	0.0587	
348881127	348882496	1369	0.3828	0.2177	0.3367	
349072055	349072430	375	0.848	0.008	0.0533	
349176060	349176870	810	0.3	0.5815	0.0765	
349636443	349637522	1079	0.2382	0.3837	0.3614	
350494343	350496309	1966	0.3098	0.3672	0.2726	
350503100	350503432	332	0.9066	0.0	0.0181	
352248517	352248692	175	0.96	0.0	0.0	
352334861	352335018	157	0.8217	0.0318	0.0446	
352412278	352414380	2102	0.4025	0.1503	0.3554	
352465674	352465884	210	0.9333	0.0	0.0	
353558149	353560361	2212	0.6221	0.1537	0.1293	
354540654	354541246	592	0.6351	0.0456	0.1959	
354773913	354774379	466	0.8155	0.0408	0.0494	
355458465	355459609	1144	0.9598	0.0061	0.0	
355461648	355462146	498	0.9779	0.0	0.0	
357453152	357453905	753	0.6507	0.1089	0.1461	
358450166	358451223	1057	0.2744	0.2573	0.4361	
358969588	358969733	145	0.9793	0.0	0.0	
358987430	358988224	794	0.8992	0.0277	0.0025	
358991071	358991239	168	0.9226	0.006	0.006	
359515920	359516164	244	0.7951	0.0697	0.0656	
359653192	359653699	507	0.8895	0.0276	0.0099	
359760301	359760724	423	0.5083	0.0	0.4374	
360039848	360040111	263	0.9011	0.0	0.0228	
360070108	360070844	736	0.8533	0.0625	0.0109	
360417469	360417976	507	0.8481	0.0158	0.0355	
360431307	360431634	327	0.8654	0.0092	0.0306	
360487490	360488458	968	0.3678	0.312	0.2779	
361159241	361159747	506	0.7846	0.004	0.1206	
361610439	361612660	2221	0.7605	0.0594	0.0896	
361777991	361778227	236	0.8602	0.0085	0.0212	
361884329	361884859	530	0.7377	0.1075	0.0679	
362428477	362428881	404	0.745	0.1782	0.005	
363013911	363014497	586	0.6399	0.1195	0.1143	
363022665	363022999	334	0.7275	0.0539	0.1407	
363056237	363056404	167	0.9401	0.0	0.018	
363080445	363081079	634	0.6246	0.0552	0.2019	
363140035	363140211	176	0.8068	0.0682	0.0341	
363534134	363535198	1064	0.5855	0.2932	0.0404	
364207812	364208642	830	0.3711	0.1639	0.4289	
364965582	364966504	922	0.8514	0.0282	0.0282	
365921905	365922068	163	0.9018	0.0	0.0675	
366323811	366324146	335	0.6716	0.0119	0.2418	
366503966	366504128	162	0.9198	0.0247	0.0062	
366761195	366761447	252	0.9286	0.0	0.0	
369090946	369093046	2100	0.3176	0.1481	0.4786	
369094169	369095381	1212	0.2863	0.2756	0.3919	
369119591	369120248	657	0.9117	0.0213	0.0015	
369457000	369457285	285	0.9228	0.007	0.0	
369482184	369482833	649	0.5624	0.0169	0.3374	
369588667	369589509	842	0.867	0.0178	0.0439	
369595904	369597065	1161	0.6701	0.0586	0.1955	
36999286	36999527	241	0.805	0.0041	0.0705	
37046532	37047247	715	0.4895	0.1287	0.2839	
37088719	37089985	1266	0.782	0.0363	0.1011	
37106682	37107525	843	0.3665	0.4318	0.1139	
3713552	3713938	386	0.5622	0.0	0.3938	
37203797	37204190	393	0.7506	0.0407	0.0712	
373048903	373049504	601	0.6323	0.0998	0.1614	
373069046	373069727	681	0.5624	0.1542	0.1527	
37425117	37426435	1318	0.2033	0.4537	0.3096	
374649876	374650914	1038	0.5385	0.2775	0.0877	
378413431	378414447	1016	0.19	0.1516	0.6348	
378415490	378416754	1264	0.3236	0.3204	0.3157	
3810413	3811150	737	0.768	0.0963	0.0299	
381234209	381234927	718	0.624	0.0641	0.2075	
381747047	381747824	777	0.7181	0.0644	0.1094	
382157974	382158452	478	0.5962	0.1213	0.2155	
382539363	382539595	232	0.9052	0.0345	0.0129	
382907222	382907510	288	0.6736	0.0347	0.2326	
383210788	383211410	622	0.8521	0.0016	0.0434	
383248191	383248648	457	0.4311	0.4902	0.0044	
383325787	383327838	2051	0.4764	0.1848	0.2204	
383466925	383467591	666	0.53	0.3183	0.0886	
383491221	383491491	270	0.7778	0.1556	0.0222	
384532933	384533160	227	0.8943	0.0088	0.0	
384623780	384625284	1504	0.6057	0.2108	0.0957	
384676800	384676985	185	0.973	0.0	0.0	
385092117	385093196	1079	0.797	0.1029	0.0278	
385508567	385510357	1790	0.4665	0.1598	0.3022	
386653406	386653814	408	0.902	0.0245	0.0123	
387509102	387509336	234	0.8932	0.0299	0.0085	
387978521	387978779	258	0.7287	0.0155	0.2016	
388249953	388250466	513	0.8947	0.0039	0.0273	
388402228	388402926	698	0.7493	0.0315	0.1676	
388468066	388468871	805	0.4733	0.1441	0.2944	
388477371	388477821	450	0.9222	0.0111	0.0156	
388481929	388482205	276	0.9022	0.0	0.0399	
388482393	388483216	823	0.8566	0.017	0.0389	
388483929	388484646	717	0.9317	0.0	0.0321	
388485091	388486158	1067	0.6992	0.0956	0.1218	
388540596	388540851	255	0.8	0.0353	0.0549	
388574555	388575407	852	0.6596	0.2136	0.0681	
3893783	3894215	432	0.8495	0.037	0.0	
389467320	389467586	266	0.8947	0.0263	0.0	
389850016	389850933	917	0.5125	0.1036	0.3261	
389893533	389893776	243	0.9959	0.0	0.0	
389991039	389991613	574	0.6498	0.1376	0.1551	
390244595	390244796	201	0.8955	0.0199	0.0249	
390348067	390348251	184	0.9076	0.0	0.0054	
390366617	390368402	1785	0.7434	0.1563	0.0375	
390389846	390390562	716	0.6355	0.0936	0.1997	
390431266	390431788	522	0.6207	0.2778	0.0307	
390935697	390936427	730	0.6068	0.1726	0.1233	
391194596	391194944	348	0.954	0.0	0.0	
391204885	391205319	434	0.9332	0.0046	0.0046	
391491341	391491699	358	0.7989	0.0335	0.0587	
391520071	391520870	799	0.383	0.3116	0.2416	
391744514	391745044	530	0.7	0.0358	0.1717	
391757437	391757879	442	0.7738	0.052	0.1176	
391758584	391758917	333	0.7447	0.021	0.1832	
392160923	392161453	530	0.4849	0.4566	0.0208	
392325612	392326048	436	0.8073	0.0849	0.0229	
392449525	392450250	725	0.5255	0.2193	0.1972	
393654574	393655271	697	0.4562	0.099	0.4075	
393812051	393812513	462	0.6017	0.013	0.3506	
393851674	393852469	795	0.7107	0.0755	0.1409	
394494630	394495226	596	0.7181	0.0839	0.0956	
394571365	394571563	198	0.9141	0.0101	0.0	
394766254	394766732	478	0.8243	0.0209	0.0481	
395155062	395155801	739	0.613	0.1759	0.1326	
39517114	39517458	344	0.6192	0.0233	0.2791	
39544080	39544547	467	0.7623	0.0171	0.0835	
39652296	39652851	555	0.4613	0.018	0.4577	
39689985	39690233	248	0.8548	0.0242	0.0202	
399068022	399069618	1596	0.3308	0.2694	0.3503	
399896629	399898683	2054	0.4601	0.2824	0.1962	
400340460	400341368	908	0.7324	0.1211	0.0815	
401154116	401154919	803	0.5791	0.1831	0.1606	
401261307	401261592	285	0.9088	0.0	0.0211	
401491616	401491970	354	0.8531	0.048	0.0056	
401789866	401790166	300	0.85	0.0	0.05	
402440277	402440420	143	0.9231	0.0	0.007	
402814507	402814881	374	0.6497	0.0	0.3102	
402854296	402854464	168	0.9583	0.0119	0.0	
403163617	403163864	247	0.8947	0.0445	0.004	
403177640	403177928	288	0.8021	0.0521	0.0278	
403401756	403402700	944	0.6133	0.0752	0.161	
403422734	403423443	709	0.7546	0.055	0.048	
404283579	404283869	290	0.8931	0.0276	0.0069	
404330541	404330714	173	0.9191	0.0231	0.0058	
404344874	404345279	405	0.721	0.1259	0.1012	
404387783	404389014	1231	0.6515	0.0894	0.1901	
404413529	404413838	309	0.9482	0.0	0.0	
405117123	405117556	433	0.8083	0.0	0.0554	
405142034	405142726	692	0.5448	0.0116	0.3873	
405422675	405423880	1205	0.6705	0.1544	0.1029	
405434942	405435130	188	0.9415	0.0	0.0	
405504704	405505036	332	0.9127	0.012	0.0301	
405509101	405509747	646	0.5759	0.2957	0.0774	
405520767	405520997	230	0.8957	0.0	0.0174	
407441931	407442595	664	0.4428	0.1913	0.3117	
40836690	40837554	864	0.684	0.0556	0.125	
408419536	408419840	304	0.8618	0.0066	0.0033	
410684238	410685040	802	0.2631	0.1434	0.5723	
410703981	410705119	1138	0.3699	0.2425	0.3489	
410734018	410734997	979	0.9346	0.0102	0.0	
410753129	410753824	695	0.9137	0.0	0.0029	
410879430	410880144	714	0.7479	0.0336	0.0966	
410922398	410924259	1861	0.1822	0.2649	0.5363	
410929689	410930328	639	0.9358	0.0	0.0047	
410931278	410932072	794	0.4521	0.2909	0.1927	
410936452	410936737	285	0.8702	0.0456	0.0	
410949959	410950514	555	0.7892	0.0973	0.0198	
410953547	410955282	1735	0.7764	0.0813	0.0951	
410959030	410960003	973	0.1829	0.0699	0.7153	
411626357	411626920	563	0.6394	0.1723	0.0906	
413146546	413146845	299	0.6589	0.0736	0.2074	
413289147	413289707	560	0.4661	0.2214	0.2054	
413313523	413314461	938	0.9424	0.0	0.0	
413891453	413891726	273	0.9121	0.0	0.0	
413923415	413923785	370	0.8919	0.0027	0.0135	
413924189	413925114	925	0.5849	0.0703	0.267	
414497316	414497599	283	0.8551	0.0106	0.0318	
414523174	414523450	276	0.7391	0.1123	0.0725	
415833022	415833396	374	0.7995	0.0668	0.016	
416271941	416272641	700	0.3643	0.15	0.42	
416574302	416574593	291	0.9519	0.0	0.0	
416692550	416693290	740	0.6297	0.0378	0.2216	
416704396	416704865	469	0.9574	0.0	0.0	
417398500	417399812	1312	0.2508	0.2477	0.4665	
418181609	418181954	345	0.6348	0.0435	0.2435	
418327375	418327836	461	0.6226	0.2017	0.1085	
418377347	418377541	194	0.7938	0.0876	0.0258	
418397959	418398374	415	0.8265	0.0289	0.012	
418424893	418425435	542	0.5203	0.2952	0.1421	
418609058	418609458	400	0.8575	0.0175	0.0175	
419445360	419446261	901	0.6016	0.1676	0.1387	
419568972	419569384	412	0.9369	0.0121	0.0	
419640919	419641269	350	0.9743	0.0	0.0	
419745150	419745451	301	0.8904	0.0033	0.0332	
420461411	420461764	353	0.8017	0.0057	0.085	
421123400	421123591	191	0.9215	0.0	0.0314	
421740501	421740975	474	0.9515	0.0	0.0063	
422083141	422083751	610	0.4492	0.2246	0.2295	
422138432	422138947	515	0.6369	0.0816	0.1728	
422677	423758	1081	0.5504	0.1924	0.1499	
422839825	422840383	558	0.6344	0.1004	0.1828	
423774085	423774441	356	0.8961	0.0253	0.014	
423988099	423988574	475	0.8358	0.0063	0.0884	
424307254	424307446	192	0.875	0.0	0.1042	
424442346	424442726	380	0.9132	0.0105	0.0	
424462187	424463792	1605	0.8299	0.0343	0.0561	
424470972	424471357	385	0.7429	0.0727	0.1169	
424814204	424814338	134	0.9627	0.0	0.0	
425303017	425303606	589	0.7317	0.1562	0.0441	
42551766	42552169	403	0.6873	0.0248	0.201	
425619189	425619363	174	0.8851	0.0	0.0057	
425625938	425626731	793	0.802	0.0214	0.1009	
425637137	425637620	483	0.8095	0.0021	0.1366	
425638007	425638445	438	0.7763	0.089	0.0411	
425639106	425639601	495	0.8808	0.0242	0.0141	
425648482	425649016	534	0.6423	0.0	0.3221	
426372070	426372603	533	0.9062	0.0	0.0507	
426964423	426964895	472	0.8432	0.0	0.089	
427400865	427401381	516	0.4554	0.124	0.374	
427675422	427675813	391	0.8568	0.0179	0.023	
427889317	427890240	923	0.792	0.0293	0.0715	
427901132	427901636	504	0.8353	0.0655	0.0278	
428425741	428425904	163	0.8834	0.0613	0.0	
428666851	428667022	171	0.883	0.0585	0.0117	
42921655	42921857	202	0.7871	0.0248	0.0545	
42941849	42942019	170	0.9588	0.0	0.0	
429713401	429714326	925	0.6086	0.0832	0.253	
433498610	433498951	341	0.8592	0.0528	0.0147	
43356875	43357384	509	0.7407	0.0314	0.1061	
433968922	433969516	594	0.8047	0.0286	0.0101	
43672633	43672829	196	0.8673	0.0408	0.0	
436733407	436734481	1074	0.5708	0.0885	0.2365	
437202892	437203312	420	0.5	0.0119	0.4524	
437210234	437210965	731	0.9658	0.0	0.0	
437757100	437758661	1561	0.5259	0.1051	0.2979	
438068582	438069267	685	0.7971	0.0745	0.0453	
438176112	438176483	371	0.8841	0.0108	0.0431	
438711867	438712629	762	0.6955	0.0486	0.1129	
438731944	438732265	321	0.8941	0.0467	0.0093	
438746423	438746989	566	0.8481	0.0177	0.083	
438927124	438927617	493	0.7221	0.0304	0.1501	
438942108	438942330	222	0.9054	0.018	0.045	
438998559	438999723	1164	0.3179	0.4124	0.2131	
440367657	440367862	205	0.9024	0.0	0.0244	
440386229	440386547	318	0.9245	0.0031	0.0	
440828083	440828627	544	0.4522	0.2555	0.2243	
441022740	441023088	348	0.7615	0.0144	0.0948	
441970161	441970390	229	0.8865	0.0	0.0218	
442178289	442178441	152	0.9671	0.0	0.0	
442283449	442283848	399	0.8722	0.0276	0.0301	
442320964	442321159	195	0.9385	0.0	0.0	
442461247	442462251	1004	0.9502	0.0	0.0	
442979033	442979777	744	0.8763	0.0	0.0255	
442982863	442983364	501	0.7745	0.0259	0.1058	
44356593	44357473	880	0.4057	0.2	0.3409	
444021095	444021323	228	0.8947	0.0263	0.0219	
445475528	445475830	302	0.8609	0.0166	0.0232	
446677008	446677773	765	0.5111	0.0458	0.3856	
447110428	447110589	161	0.913	0.0435	0.0	
447174903	447175127	224	0.9821	0.0	0.0089	
447186633	447186800	167	0.976	0.0	0.006	
447646672	447647392	720	0.9264	0.0083	0.0042	
447666044	447666467	423	0.8416	0.0047	0.104	
447902177	447902690	513	0.6277	0.117	0.1501	
448606314	448606587	273	0.8901	0.0073	0.0623	
448726913	448727365	452	0.9358	0.0177	0.0	
448875814	448875999	185	0.8486	0.0703	0.0	
449851112	449851321	209	0.7656	0.1388	0.0335	
450006957	450007357	400	0.7725	0.0975	0.05	
450141537	450141947	410	0.7171	0.1268	0.0732	
450240146	450240509	363	0.8127	0.0992	0.0193	
450631487	450632098	611	0.8691	0.0115	0.036	
450643507	450643821	314	0.6497	0.1783	0.1019	
451304249	451304687	438	0.6689	0.1438	0.0959	
451387853	451388539	686	0.5802	0.0335	0.2536	
4514850	4515832	982	0.5051	0.3523	0.0886	
451567661	451567998	337	0.6795	0.1039	0.1454	
452110285	452110838	553	0.8246	0.0036	0.0253	
452397025	452397325	300	0.7967	0.0333	0.0567	
452613409	452613879	470	0.8872	0.0149	0.0213	
452939058	452939634	576	0.4514	0.1215	0.3733	
453482700	453482967	267	0.9251	0.0075	0.0	
453556606	453557907	1301	0.4604	0.0769	0.3859	
453778447	453779693	1246	0.4944	0.1356	0.2681	
453830901	453832298	1397	0.6958	0.1024	0.1124	
453911380	453911803	423	0.5248	0.0898	0.2624	
454889187	454890019	832	0.4279	0.0757	0.4303	
455136103	455136730	627	0.4179	0.0766	0.4689	
455377829	455380157	2328	0.3333	0.2934	0.308	
457289502	457290795	1293	0.8353	0.0263	0.058	
459206404	459207268	864	0.1852	0.3947	0.4144	
46265587	46267108	1521	0.3208	0.3485	0.3064	
465478378	465479661	1283	0.3913	0.1146	0.4224	
46594790	46595398	608	0.5313	0.1776	0.0789	
466672200	466672594	394	0.8096	0.0051	0.1091	
469015394	469015773	379	0.8707	0.0106	0.0475	
469609370	469610325	955	0.6817	0.244	0.0314	
470698971	470699927	956	0.8839	0.0209	0.0209	
472085421	472085739	318	0.8585	0.0314	0.0094	
472939500	472940147	647	0.7635	0.0479	0.0773	
474804080	474804258	178	0.8146	0.0393	0.0281	
474887972	474888481	509	0.7682	0.0354	0.0845	
475851850	475852319	469	0.5842	0.0981	0.2601	
47630379	47631106	727	0.447	0.0413	0.4732	
47743701	47744468	767	0.6793	0.0013	0.2477	
478761547	478761857	310	0.829	0.0097	0.0806	
479069892	479070169	277	0.7545	0.0361	0.1083	
480557179	480557631	452	0.5332	0.0708	0.3341	
48900846	48901171	325	0.8523	0.0031	0.0646	
49905057	49905304	247	0.83	0.0486	0.0324	
503488	503888	400	0.46	0.28	0.1875	
50815238	50815781	543	0.8803	0.0221	0.0166	
50871706	50873261	1555	0.373	0.1833	0.3878	
51375136	51375810	674	0.2715	0.1513	0.5386	
51407385	51407695	310	0.8935	0.0032	0.0645	
51442052	51442792	740	0.5743	0.0541	0.323	
51515138	51515290	152	0.9605	0.0	0.0132	
51518059	51518325	266	0.891	0.0376	0.0	
51610928	51611847	919	0.3134	0.3613	0.259	
5233189	5233628	439	0.7494	0.0683	0.0524	
5307532	5307971	439	0.5103	0.1002	0.2506	
53287216	53287874	658	0.7128	0.0973	0.0805	
53430370	53431057	687	0.5619	0.0116	0.377	
53466060	53466393	333	0.7327	0.1381	0.045	
53511319	53511713	394	0.6853	0.2107	0.0203	
54925984	54926740	756	0.6455	0.0503	0.1865	
55147794	55148692	898	0.3764	0.2305	0.333	
55304959	55305168	209	0.933	0.0	0.0048	
55469360	55469687	327	0.7554	0.0061	0.156	
55525468	55525793	325	0.8492	0.0154	0.08	
55542847	55543312	465	0.7376	0.1247	0.0516	
57089947	57091096	1149	0.8973	0.007	0.0183	
5711080	5711880	800	0.4863	0.0512	0.3738	
57225292	57225763	471	0.5796	0.0149	0.31	
59019790	59020227	437	0.9153	0.0023	0.0046	
59329192	59329549	357	0.7955	0.0476	0.0196	
59415557	59416009	452	0.8518	0.0155	0.0155	
59504803	59505123	320	0.9625	0.0	0.0	
60212628	60212842	214	0.9206	0.014	0.0093	
60239512	60239779	267	0.8801	0.0524	0.0112	
60524433	60524786	353	0.6686	0.0057	0.255	
61881891	61882293	402	0.7612	0.0522	0.1393	
62041510	62041787	277	0.9025	0.0217	0.0108	
62388857	62390592	1735	0.5591	0.083	0.2836	
62491958	62492688	730	0.8959	0.0233	0.0342	
62516217	62517336	1119	0.7819	0.0581	0.0447	
63224807	63225035	228	0.9079	0.0044	0.0307	
64392600	64393433	833	0.4262	0.2053	0.3061	
64506023	64506297	274	0.8431	0.0182	0.0365	
64960967	64961247	280	0.8393	0.0464	0.05	
67321489	67321904	415	0.8313	0.0313	0.094	
67650768	67651134	366	0.8443	0.0	0.0765	
67685913	67686608	695	0.3007	0.1957	0.4791	
68159477	68160195	718	0.6212	0.1184	0.1421	
68165002	68165537	535	0.6131	0.0093	0.329	
7023746	7023981	235	0.817	0.0043	0.017	
70781862	70782464	602	0.706	0.0731	0.088	
70929081	70929460	379	0.5488	0.3905	0.0132	
70960682	70961496	814	0.2985	0.1658	0.5025	
75062540	75062890	350	0.9371	0.0	0.0029	
75064385	75064722	337	0.7656	0.0237	0.1098	
75096613	75097382	769	0.6775	0.1469	0.0806	
75150240	75150546	306	0.7778	0.0784	0.0556	
75188256	75188722	466	0.8176	0.0	0.1416	
75227168	75227582	414	0.8237	0.0338	0.0097	
75322771	75322953	182	0.8077	0.1044	0.0275	
75523844	75524153	309	0.7476	0.068	0.1197	
75538828	75539200	372	0.8548	0.0161	0.0161	
75640627	75640946	319	0.8809	0.0219	0.0313	
78056316	78056533	217	0.8571	0.0046	0.0783	
79467163	79467827	664	0.6837	0.1732	0.0708	
79722689	79722926	237	0.8439	0.0253	0.0422	
79732944	79733454	510	0.7824	0.0235	0.0549	
79762857	79763272	415	0.8337	0.0337	0.0241	
79895026	79895222	196	0.8878	0.0	0.0102	
80166369	80166628	259	0.888	0.0116	0.0039	
80371823	80372367	544	0.7151	0.079	0.114	
8240905	8241753	848	0.3703	0.0684	0.5083	
82920994	82921622	628	0.4713	0.0557	0.4188	
84609602	84610078	476	0.5987	0.2941	0.0483	
86304763	86305341	578	0.7145	0.0138	0.0761	
86416515	86417004	489	0.5092	0.319	0.1145	
87182430	87182722	292	0.7568	0.0171	0.1507	
87217725	87217867	142	0.9296	0.0	0.0	
87218345	87218505	160	0.9187	0.0063	0.0187	
87915238	87915596	358	0.7626	0.0587	0.1369	
88197971	88198194	223	0.8744	0.0	0.0314	
88730374	88730627	253	0.8419	0.0553	0.004	
88893511	88894444	933	0.9239	0.0	0.0032	
88910288	88911636	1348	0.7886	0.0111	0.1372	
88965573	88965976	403	0.8015	0.0149	0.1067	
88990060	88990557	497	0.8511	0.0221	0.0986	
89023204	89024171	967	0.607	0.1396	0.2006	
89024813	89025795	982	0.8921	0.001	0.0295	
89969414	89969852	438	0.7192	0.0845	0.0868	
90934796	90935704	908	0.435	0.2015	0.2665	
90967854	90968263	409	0.6259	0.0269	0.2983	
91549105	91549953	848	0.5106	0.0802	0.2972	
91591378	91591898	520	0.35	0.0135	0.6058	
9275888	9276501	613	0.6525	0.0832	0.1811	
92958790	92959281	491	0.7841	0.0591	0.0387	
93199901	93200070	169	0.8757	0.0	0.0296	
93212375	93213104	729	0.4321	0.2359	0.2716	
93249050	93249345	295	0.8983	0.0373	0.0	
93320260	93322391	2131	0.1652	0.4252	0.3763	
93350077	93350251	174	0.9195	0.0115	0.0287	
93375752	93376253	501	0.3014	0.1038	0.5768	
93440470	93441053	583	0.5815	0.2281	0.0858	
93447244	93447851	607	0.7611	0.0247	0.112	
93459284	93459574	290	0.5586	0.0379	0.3103	
93491112	93491375	263	0.8669	0.0266	0.0114	
93559126	93560147	1021	0.6797	0.1087	0.1234	
93570323	93570941	618	0.3107	0.5841	0.0469	
93608232	93608569	337	0.7715	0.0356	0.0415	
93637787	93637930	143	0.8951	0.042	0.021	
94447803	94448156	353	0.8499	0.0227	0.051	
9449510	9450536	1026	0.963	0.0039	0.0	
94520164	94520673	509	0.609	0.0432	0.2259	
95796050	95796411	361	0.9529	0.0055	0.0	
95839374	95839627	253	0.8656	0.0	0.0751	
95840106	95840655	549	0.8324	0.0492	0.0364	
95840997	95841621	624	0.7228	0.0016	0.149	
95855301	95855506	205	0.8488	0.0	0.0537	
95861996	95862517	521	0.9175	0.0019	0.0154	
96239950	96241562	1612	0.5354	0.201	0.1948	
97095376	97095785	409	0.8289	0.0269	0.0318	
97105874	97106563	689	0.2743	0.3672	0.312	
97107385	97107752	367	0.5668	0.0463	0.3161	
97211341	97213320	1979	0.1066	0.1829	0.6908	
97855983	97856382	399	0.5514	0.1604	0.2381	
98455353	98455785	432	0.7616	0.0046	0.0671	
98479217	98479408	191	0.8586	0.0105	0.0733	
98741019	98741292	273	0.8535	0.0183	0.0403	
98742410	98742717	307	0.8078	0.0326	0.0521	
98938219	98938905	686	0.4417	0.0321	0.4388	
9982616	9983090	474	0.9388	0.0	0.0042	
99891947	99892609	662	0.6888	0.0166	0.1979	
