start	end	length	IDY	missing1	missing2	
100658332	100659479	1147	0.5501	0.0837	0.2999	
100661106	100661676	570	0.3333	0.2596	0.3737	
101895549	101896164	615	0.9024	0.0016	0.0033	
103764659	103765204	545	0.7174	0.0771	0.0936	
104837196	104838928	1732	0.7125	0.0883	0.0947	
104851748	104852821	1073	0.6729	0.1249	0.1333	
104855563	104856080	517	0.8801	0.0251	0.0155	
104877314	104878762	1448	0.4572	0.2355	0.2424	
105033823	105035577	1754	0.5912	0.077	0.2372	
105282920	105283566	646	0.644	0.1254	0.1006	
10555217	10556278	1061	0.5834	0.1018	0.1913	
105620312	105620516	204	0.8627	0.0294	0.0686	
105647114	105647511	397	0.6448	0.0554	0.1688	
107183064	107183921	857	0.3547	0.2357	0.3757	
107952803	107955093	2290	0.3428	0.0341	0.5598	
107967675	107968290	615	0.9366	0.0228	0.0065	
109644107	109645017	910	0.6956	0.0615	0.1451	
109683105	109683502	397	0.8086	0.0479	0.0252	
109730607	109731284	677	0.8168	0.0561	0.0768	
109737115	109739469	2354	0.7591	0.1126	0.0535	
1103072	1103787	715	0.7217	0.0727	0.1021	
11039320	11039943	623	0.7769	0.0546	0.0626	
111197125	111197526	401	0.788	0.0274	0.0798	
11142963	11143326	363	0.6722	0.0165	0.281	
111452028	111452858	830	0.5578	0.3831	0.0422	
111638919	111639787	868	0.591	0.0115	0.3433	
111716454	111716864	410	0.8341	0.0293	0.0244	
111875920	111876675	755	0.4199	0.0291	0.5166	
111940941	111941958	1017	0.4356	0.2035	0.2979	
11220167	11220597	430	0.8884	0.0419	0.0163	
112292162	112293125	963	0.5763	0.028	0.296	
112403538	112403991	453	0.8013	0.0088	0.0905	
113319372	113319542	170	0.9529	0.0059	0.0	
113427521	113427920	399	0.6742	0.0326	0.218	
113600970	113601541	571	0.5674	0.31	0.056	
113602239	113602952	713	0.7574	0.0659	0.0645	
113604046	113604333	287	0.9268	0.0	0.007	
113608615	113609267	652	0.5567	0.0276	0.3558	
113648034	113648942	908	0.8282	0.0341	0.033	
114072712	114073001	289	0.8997	0.0035	0.0	
11415342	11415838	496	0.7278	0.1754	0.0524	
114281050	114281239	189	0.8042	0.0529	0.0582	
114290845	114291251	406	0.8744	0.0172	0.0099	
114511332	114512395	1063	0.8391	0.0245	0.0442	
114535768	114536188	420	0.8357	0.0786	0.0071	
114559564	114559858	294	0.7959	0.0034	0.085	
114563458	114563791	333	0.9309	0.0	0.036	
114633551	114634010	459	0.6623	0.0	0.2527	
114881398	114882177	779	0.9307	0.0077	0.0141	
115279083	115279603	520	0.8519	0.0135	0.0404	
116305777	116306994	1217	0.4667	0.1405	0.3336	
116485355	116485906	551	0.902	0.0272	0.0145	
116504477	116505070	593	0.8128	0.0708	0.0472	
116512140	116512324	184	0.9293	0.0109	0.0	
116543551	116544125	574	0.7021	0.0087	0.2265	
116818613	116819409	796	0.3291	0.4158	0.2136	
117094659	117095463	804	0.5286	0.1692	0.2276	
11715103	11715506	403	0.8586	0.0819	0.0025	
117386941	117387534	593	0.7555	0.0944	0.0607	
117635957	117636414	457	0.779	0.0547	0.0766	
118456315	118457189	874	0.5995	0.0069	0.3192	
1189636	1191109	1473	0.3618	0.317	0.2607	
11901963	11902513	550	0.8127	0.0218	0.0236	
120720502	120721166	664	0.628	0.1732	0.1114	
120913595	120914508	913	0.6933	0.161	0.0789	
121195319	121196202	883	0.7078	0.0883	0.0781	
121197870	121198908	1038	0.8391	0.027	0.0067	
12151887	12152632	745	0.8161	0.0201	0.0456	
1219617	1220202	585	0.7624	0.0222	0.0667	
12419560	12420645	1085	0.4129	0.3493	0.1677	
12428810	12429695	885	0.4644	0.2927	0.1751	
12452652	12453125	473	0.8732	0.0233	0.0296	
124851482	124853455	1973	0.4217	0.3431	0.1277	
12545619	12547036	1417	0.5427	0.1687	0.1651	
125546903	125548141	1238	0.6535	0.1026	0.1333	
126462078	126462952	874	0.4279	0.1613	0.3467	
12778971	12779852	881	0.4279	0.0193	0.4972	
12783754	12784261	507	0.7653	0.0828	0.0276	
12793713	12794651	938	0.6077	0.0096	0.3113	
128036406	128038880	2474	0.2692	0.0432	0.656	
128934595	128935641	1046	0.522	0.1243	0.2763	
128975178	128976035	857	0.713	0.0467	0.1599	
12939175	12940499	1324	0.6405	0.1261	0.1412	
129770623	129771514	891	0.6689	0.0864	0.1672	
12998142	12999475	1333	0.5319	0.2033	0.1913	
130014595	130015344	749	0.2377	0.1842	0.5527	
130075031	130075519	488	0.7725	0.1311	0.0164	
130147362	130149171	1809	0.5146	0.0978	0.3118	
130735492	130735787	295	0.7932	0.078	0.0407	
13110470	13110807	337	0.9674	0.0089	0.003	
131246402	131247220	818	0.6381	0.0587	0.2066	
131299090	131299719	629	0.7663	0.0731	0.0922	
131478245	131478557	312	0.8814	0.0192	0.0	
131479131	131479558	427	0.5597	0.103	0.267	
131490349	131491051	702	0.7051	0.067	0.1054	
13150310	13152571	2261	0.7983	0.0425	0.1053	
13163044	13163807	763	0.7654	0.0236	0.1376	
131759256	131760965	1709	0.715	0.055	0.1691	
131798470	131799608	1138	0.717	0.0598	0.1178	
131809631	131810447	816	0.8444	0.0208	0.0809	
131946020	131946296	276	0.8007	0.0326	0.058	
132432258	132432785	527	0.8482	0.0076	0.0304	
132435366	132435979	613	0.5971	0.0718	0.2692	
13264102	13264675	573	0.4834	0.0087	0.4311	
132676897	132678431	1534	0.7112	0.0776	0.086	
132744037	132744658	621	0.7118	0.0032	0.1932	
132794708	132795919	1211	0.7159	0.0933	0.0677	
132892076	132893399	1323	0.6054	0.1844	0.0824	
133347738	133348140	402	0.6517	0.1045	0.1443	
133554033	133555030	997	0.6189	0.0983	0.1625	
133796178	133796724	546	0.533	0.0293	0.4029	
134151049	134151463	414	0.9082	0.0048	0.0217	
134249373	134251937	2564	0.5332	0.2559	0.1127	
134261375	134261895	520	0.5365	0.0865	0.3173	
135119470	135120844	1374	0.3333	0.2234	0.3908	
136623004	136624488	1484	0.2129	0.2049	0.5398	
137881544	137881728	184	0.9239	0.0435	0.0	
137901467	137901656	189	0.8836	0.0	0.0476	
138332560	138333212	652	0.7699	0.0414	0.0813	
138538596	138539299	703	0.7724	0.0156	0.1124	
138580277	138580480	203	0.9409	0.0	0.0148	
138619315	138619665	350	0.8657	0.04	0.0229	
138684813	138685430	617	0.5413	0.0956	0.2723	
138736692	138737055	363	0.7603	0.157	0.0331	
138881423	138881865	442	0.7805	0.0588	0.0271	
138883277	138884106	829	0.7491	0.0446	0.0917	
139014335	139015270	935	0.4364	0.2535	0.216	
139047141	139048183	1042	0.4923	0.0144	0.4424	
139201068	139202839	1771	0.6488	0.0994	0.1677	
139268529	139268946	417	0.8897	0.0384	0.0144	
139374902	139375416	514	0.6829	0.1479	0.0798	
139481238	139482196	958	0.596	0.2088	0.1273	
139500402	139501393	991	0.5288	0.0343	0.3491	
139563797	139564040	243	0.8971	0.0	0.037	
139565173	139565345	172	0.9244	0.0	0.0058	
139605358	139605712	354	0.8362	0.0085	0.0565	
139669619	139670798	1179	0.6514	0.1077	0.1467	
140293700	140295087	1387	0.6099	0.0851	0.2336	
140491255	140492010	755	0.5987	0.2199	0.094	
14059454	14059861	407	0.7862	0.1179	0.0098	
140642848	140643793	945	0.7323	0.1143	0.0772	
140804716	140805135	419	0.864	0.0716	0.0095	
141096022	141098027	2005	0.2673	0.2424	0.4534	
141125121	141125816	695	0.318	0.0489	0.6043	
141369955	141370698	743	0.4522	0.4361	0.074	
141578254	141578553	299	0.8796	0.0334	0.0435	
142017804	142018103	299	0.9264	0.0	0.01	
142280304	142280901	597	0.5963	0.1575	0.1809	
143089224	143089782	558	0.7993	0.0269	0.0986	
143611601	143612782	1181	0.4022	0.105	0.4572	
144060216	144060577	361	0.9058	0.0055	0.0055	
144323639	144324011	372	0.8737	0.0242	0.0457	
144332491	144333865	1374	0.6463	0.0961	0.1536	
144355782	144356009	227	0.8811	0.0396	0.0088	
144796121	144796532	411	0.5474	0.3674	0.0243	
144896469	144896895	426	0.8404	0.0117	0.0211	
144904576	144905274	698	0.8338	0.0287	0.0129	
144911042	144911463	421	0.8337	0.0356	0.019	
144921019	144921655	636	0.6698	0.0975	0.1211	
144938936	144939997	1061	0.6626	0.1169	0.1631	
145981721	145982695	974	0.6499	0.0339	0.1971	
146162611	146163263	652	0.7439	0.0552	0.0966	
146200292	146201196	904	0.5819	0.1737	0.0907	
146421998	146422852	854	0.5129	0.4075	0.0129	
146424782	146425410	628	0.8694	0.035	0.0064	
146537483	146537828	345	0.9565	0.0	0.0232	
146740107	146740632	525	0.88	0.0057	0.0438	
146773929	146775348	1419	0.6025	0.2178	0.0564	
146782254	146782736	482	0.7573	0.0062	0.2054	
146941569	146942149	580	0.7293	0.0448	0.1293	
146963635	146963942	307	0.899	0.0	0.0261	
146966576	146966802	226	0.9071	0.0	0.0354	
14710149	14710727	578	0.4481	0.4619	0.0502	
147115069	147116362	1293	0.5592	0.2807	0.092	
148913314	148914000	686	0.7813	0.1152	0.0306	
148966947	148967569	622	0.8505	0.0225	0.0804	
148967962	148969329	1367	0.9151	0.011	0.0366	
148990158	148990974	816	0.435	0.2475	0.2757	
148994079	148995480	1401	0.4739	0.0971	0.3769	
149018006	149019235	1229	0.7209	0.1229	0.0545	
149021988	149022286	298	0.8255	0.0101	0.0906	
149025219	149027018	1799	0.2768	0.2651	0.3991	
149133423	149134348	925	0.6757	0.0897	0.1103	
149258664	149259108	444	0.8311	0.0045	0.0991	
149259716	149260243	527	0.7078	0.0949	0.112	
150980266	150980534	268	0.9403	0.0	0.0149	
151017989	151018419	430	0.8349	0.0093	0.0744	
151051523	151052445	922	0.602	0.1269	0.2028	
151056991	151057437	446	0.8587	0.0	0.0919	
151124738	151125623	885	0.6893	0.1864	0.052	
151159135	151159923	788	0.5584	0.2081	0.1853	
151513429	151513980	551	0.9256	0.0127	0.0218	
151814442	151815974	1532	0.5555	0.092	0.2859	
151823250	151824095	845	0.542	0.1704	0.2355	
15220941	15221634	693	0.3911	0.4863	0.0635	
152215430	152216572	1142	0.1848	0.5473	0.2373	
155944408	155945763	1355	0.5542	0.3587	0.0391	
156077766	156078853	1087	0.2024	0.3128	0.4517	
156442342	156442879	537	0.8492	0.0242	0.0503	
15758675	15759252	577	0.4922	0.227	0.2288	
157600972	157601258	286	0.9545	0.014	0.0105	
157802099	157802743	644	0.5963	0.146	0.132	
157986857	157987911	1054	0.3833	0.3899	0.1784	
158097939	158098698	759	0.7233	0.0632	0.0487	
159233301	159233846	545	0.6	0.0569	0.244	
159327250	159327547	297	0.9259	0.0034	0.0	
159671242	159671489	247	0.919	0.0121	0.0	
159917863	159918434	571	0.8739	0.0088	0.056	
159929892	159930284	392	0.8648	0.0051	0.0587	
16015895	16017029	1134	0.5882	0.216	0.1305	
160344960	160345334	374	0.8289	0.0107	0.0882	
160760669	160761087	418	0.6531	0.0502	0.2081	
160973373	160974020	647	0.5564	0.1716	0.1808	
161357091	161357480	389	0.7326	0.0334	0.108	
161382274	161383170	896	0.4364	0.0156	0.5167	
16342594	16343039	445	0.7461	0.0562	0.0629	
166760631	166761097	466	0.8348	0.0408	0.0322	
166892249	166892582	333	0.9489	0.003	0.0	
166917408	166919088	1680	0.475	0.3131	0.1321	
167097834	167098896	1062	0.5772	0.3202	0.048	
16770783	16772113	1330	0.8165	0.0429	0.0759	
16773138	16773926	788	0.8553	0.0343	0.0368	
16780596	16781202	606	0.6914	0.1403	0.0908	
167874176	167874826	650	0.3031	0.2615	0.36	
168367502	168368994	1492	0.8009	0.0449	0.071	
168384897	168385439	542	0.8561	0.0129	0.0609	
168386039	168386579	540	0.8759	0.0204	0.0074	
168389479	168389834	355	0.9239	0.0	0.0	
169028375	169029199	824	0.8859	0.0024	0.017	
169351760	169353008	1248	0.4303	0.0881	0.4303	
170204987	170205241	254	0.7598	0.0354	0.0591	
171240429	171241341	912	0.8092	0.0537	0.0329	
171241399	171242595	1196	0.8712	0.0401	0.0226	
171822082	171822491	409	0.6968	0.0489	0.1516	
172115379	172115877	498	0.4116	0.2149	0.3153	
172282559	172283033	474	0.8776	0.0148	0.0253	
172289215	172289783	568	0.9014	0.0088	0.0158	
172431790	172432653	863	0.4705	0.1877	0.2341	
17259869	17260932	1063	0.7592	0.0546	0.1326	
17266176	17266508	332	0.9307	0.0	0.0	
17266949	17267420	471	0.9045	0.0	0.0552	
17272191	17272553	362	0.8923	0.0387	0.0055	
172783961	172785258	1297	0.3362	0.2421	0.3392	
172912352	172912641	289	0.9412	0.0	0.0277	
17298326	17298618	292	0.7808	0.0342	0.1096	
17306395	17307600	1205	0.5942	0.1378	0.21	
173870250	173870447	197	0.9188	0.0	0.0305	
174203608	174204077	469	0.7356	0.0768	0.0277	
174205221	174206919	1698	0.2697	0.5571	0.1402	
174281235	174281876	641	0.5008	0.2387	0.2044	
174821416	174821666	250	0.844	0.0	0.072	
174944930	174946128	1198	0.5058	0.2129	0.2245	
174952288	174953526	1238	0.4136	0.2544	0.2779	
174982320	174983426	1106	0.358	0.2586	0.3047	
175346535	175346946	411	0.8224	0.0	0.09	
175406857	175407821	964	0.6504	0.0124	0.277	
175416819	175417446	627	0.8198	0.0032	0.0797	
175438183	175438785	602	0.7807	0.0382	0.0548	
175599693	175600283	590	0.4746	0.0542	0.4102	
175634784	175636083	1299	0.5928	0.1778	0.1647	
175748785	175749975	1190	0.6689	0.0782	0.1479	
176699279	176699864	585	0.7709	0.0034	0.0632	
179455782	179456718	936	0.687	0.0812	0.1154	
180097160	180097895	735	0.6789	0.0286	0.2054	
180983165	180984205	1040	0.8173	0.0663	0.0317	
181063430	181064410	980	0.202	0.1878	0.5745	
18128782	18129186	404	0.6609	0.0421	0.2302	
18141710	18143558	1848	0.7051	0.04	0.1423	
18152768	18153914	1146	0.7565	0.0829	0.0628	
18174642	18174950	308	0.8604	0.0	0.0584	
181859777	181860845	1068	0.2509	0.4148	0.2978	
182478875	182479264	389	0.7224	0.054	0.0771	
183859245	183859689	444	0.732	0.0428	0.0608	
184705503	184707245	1742	0.8668	0.0218	0.0494	
18490105	18490371	266	0.7782	0.0414	0.0677	
186444547	186445088	541	0.5416	0.0092	0.3438	
186510008	186510686	678	0.5015	0.2006	0.2286	
186713657	186714194	537	0.5047	0.175	0.2756	
189181583	189182412	829	0.351	0.4632	0.1351	
189899338	189899658	320	0.8719	0.0	0.0406	
189905286	189905749	463	0.9179	0.0	0.0	
189911898	189912099	201	0.9851	0.0	0.0	
190023123	190023376	253	0.9091	0.0	0.0277	
190417777	190418631	854	0.3852	0.2143	0.3349	
190425668	190426043	375	0.8027	0.0293	0.0587	
192060135	192061227	1092	0.7958	0.0476	0.0321	
192382128	192382466	338	0.8935	0.0207	0.003	
192507252	192507935	683	0.8009	0.0307	0.022	
192588049	192588830	781	0.9449	0.0192	0.0077	
193580539	193581239	700	0.8371	0.0214	0.0314	
193592811	193594273	1462	0.4843	0.2558	0.2073	
193603582	193604639	1057	0.5828	0.2214	0.1325	
195788213	195788612	399	0.6591	0.0526	0.1955	
196269349	196270176	827	0.7267	0.0278	0.185	
199958709	199960651	1942	0.4104	0.2817	0.2441	
200068469	200069317	848	0.7382	0.0342	0.1415	
200081137	200082041	904	0.5409	0.1582	0.1836	
201211410	201212187	777	0.601	0.2728	0.0644	
201217264	201218251	987	0.7143	0.1135	0.0963	
201487084	201487766	682	0.3021	0.0	0.6525	
201517666	201518052	386	0.7202	0.0207	0.1425	
201530753	201531020	267	0.9588	0.0	0.0	
201536216	201536661	445	0.618	0.0404	0.2831	
201789008	201789231	223	0.7803	0.0987	0.0135	
201902210	201903185	975	0.5805	0.1323	0.1969	
201913768	201914422	654	0.5	0.0107	0.4434	
202010789	202011914	1125	0.7218	0.0729	0.1493	
202071685	202072177	492	0.6687	0.2642	0.0244	
203291283	203291545	262	0.8893	0.0038	0.0153	
203301193	203301730	537	0.8808	0.0	0.0875	
203486911	203487473	562	0.8665	0.0142	0.0356	
203663963	203664383	420	0.8452	0.0262	0.0643	
204799533	204800434	901	0.3629	0.4661	0.1487	
204943111	204944221	1110	0.6595	0.064	0.2054	
205031942	205032731	789	0.8289	0.0849	0.0355	
205330843	205332579	1736	0.6745	0.1066	0.1273	
205400322	205401174	852	0.8439	0.034	0.0258	
205418454	205418995	541	0.4658	0.2773	0.1941	
205427138	205427312	174	0.9425	0.0	0.0115	
205821635	205822302	667	0.8246	0.003	0.0825	
205913402	205913806	404	0.9332	0.0099	0.0	
206218286	206218537	251	0.9602	0.004	0.012	
206308678	206309008	330	0.8545	0.0121	0.0242	
206333766	206334282	516	0.6744	0.0329	0.2093	
206346344	206347485	1141	0.7204	0.1288	0.0868	
206355861	206356587	726	0.4917	0.1556	0.3072	
206747285	206747944	659	0.9347	0.0061	0.0015	
206774923	206775095	172	0.9186	0.0	0.0291	
206898620	206899326	706	0.7691	0.0297	0.1261	
206968127	206969714	1587	0.7965	0.0586	0.0384	
207062516	207063691	1175	0.8911	0.0162	0.0068	
207077783	207078628	845	0.9574	0.0	0.0189	
209180986	209182086	1100	0.7991	0.0227	0.0882	
209188486	209189596	1110	0.8793	0.0333	0.018	
209328893	209329208	315	0.8984	0.0063	0.0063	
20944348	20944703	355	0.6338	0.2704	0.0873	
209761603	209762677	1074	0.6052	0.0335	0.3073	
210043296	210043824	528	0.8769	0.0095	0.0284	
21010507	21011094	587	0.9131	0.0136	0.017	
210143853	210144386	533	0.9174	0.0038	0.015	
210343378	210343990	612	0.9052	0.0147	0.0359	
210892104	210892540	436	0.7179	0.0069	0.2087	
210895840	210896362	522	0.8908	0.0134	0.0249	
210929884	210930402	518	0.5058	0.0734	0.3108	
211063144	211064449	1305	0.9218	0.0268	0.0161	
211077229	211077518	289	0.9377	0.0	0.0138	
211079650	211081240	1590	0.8868	0.0371	0.0283	
211170359	211171709	1350	0.457	0.2556	0.1926	
211439995	211440318	323	0.8607	0.0031	0.1084	
212034348	212034651	303	0.9439	0.0	0.0	
212065671	212065887	216	0.875	0.0463	0.0	
212157070	212158535	1465	0.798	0.0259	0.0765	
212168656	212168959	303	0.934	0.0	0.0198	
212199754	212200105	351	0.8689	0.0399	0.0114	
212807171	212807642	471	0.9045	0.0106	0.0021	
212925696	212926171	475	0.6337	0.0168	0.3053	
213009250	213010546	1296	0.8318	0.0309	0.017	
213142428	213143377	949	0.4837	0.1644	0.2297	
213156351	213158107	1756	0.2688	0.6093	0.0723	
213302568	213304194	1626	0.7263	0.0701	0.1181	
213813534	213814001	467	0.8737	0.015	0.0257	
213829144	213829962	818	0.8655	0.0196	0.0232	
213838189	213839655	1466	0.6187	0.1903	0.131	
213871598	213872441	843	0.8078	0.0071	0.0937	
214062602	214063795	1193	0.4845	0.1375	0.3194	
214438844	214440007	1163	0.9261	0.0198	0.0086	
214453468	214454039	571	0.7758	0.1243	0.0315	
214489778	214490742	964	0.3786	0.278	0.2894	
214910116	214911188	1072	0.542	0.209	0.1521	
214914889	214915168	279	0.8996	0.0	0.0108	
214918135	214919041	906	0.4415	0.3742	0.1523	
215018241	215019877	1636	0.5153	0.1938	0.2164	
215173068	215173644	576	0.7986	0.0938	0.0208	
217045682	217046057	375	0.8987	0.0053	0.0	
217379710	217380513	803	0.5753	0.1046	0.1905	
21940417	21940976	559	0.6601	0.068	0.1914	
220243561	220245068	1507	0.5441	0.2449	0.1659	
220274583	220275908	1325	0.3713	0.3826	0.1872	
2202812	2205001	2189	0.3102	0.3271	0.3106	
220307920	220308299	379	0.6095	0.0132	0.2982	
22192369	22193200	831	0.8183	0.0517	0.059	
22216945	22217280	335	0.8418	0.0	0.0955	
22227765	22228454	689	0.9318	0.0174	0.0218	
22251917	22252618	701	0.6776	0.2111	0.0599	
222571447	222571874	427	0.8571	0.0117	0.0141	
222609516	222610035	519	0.4258	0.1214	0.3565	
22277855	22278287	432	0.9606	0.0093	0.0023	
223038111	223039347	1236	0.318	0.3382	0.2791	
22328122	22328466	344	0.9157	0.0087	0.0087	
223855128	223855615	487	0.8193	0.0205	0.0595	
223933771	223934417	646	0.7724	0.0464	0.0402	
223937303	223937742	439	0.4396	0.0159	0.4989	
223946392	223946999	607	0.7232	0.0099	0.1384	
224156523	224157477	954	0.8616	0.0577	0.0241	
224286422	224288015	1593	0.4193	0.1425	0.349	
224585350	224585967	617	0.8331	0.0276	0.0292	
224612176	224612862	686	0.4752	0.2143	0.223	
224670430	224671419	989	0.5258	0.2032	0.2002	
224671916	224672479	563	0.6039	0.1776	0.1545	
224996409	224997261	852	0.2512	0.3732	0.3592	
225001562	225001887	325	0.3508	0.0	0.6308	
225135266	225135716	450	0.7133	0.0933	0.1111	
22520335	22520659	324	0.9012	0.0093	0.0309	
225485926	225486255	329	0.7903	0.0547	0.1033	
22565061	22566253	1192	0.7433	0.1594	0.0696	
225840115	225840996	881	0.7276	0.067	0.0885	
226220225	226220917	692	0.841	0.0217	0.0275	
226250157	226250681	524	0.6622	0.0573	0.2042	
226536163	226537832	1669	0.4871	0.1276	0.3062	
226557252	226558383	1131	0.42	0.3121	0.2184	
226569523	226570367	844	0.5142	0.16	0.1789	
227108865	227110355	1490	0.2591	0.4403	0.2544	
227464600	227464945	345	0.887	0.0464	0.0087	
227497181	227497629	448	0.5938	0.058	0.2879	
227699205	227700048	843	0.3227	0.3203	0.306	
2283174	2283701	527	0.7552	0.0209	0.093	
22837735	22838422	687	0.6623	0.0116	0.2693	
228388806	228389461	655	0.5099	0.3695	0.0656	
228396434	228396714	280	0.8321	0.0	0.1107	
229092355	229092765	410	0.6415	0.0341	0.1878	
229185271	229186756	1485	0.6875	0.0747	0.1596	
231174943	231175575	632	0.6677	0.1218	0.1345	
231391702	231391914	212	0.9245	0.0094	0.0	
231441089	231441406	317	0.8833	0.0189	0.0347	
23150349	23151541	1192	0.9421	0.0017	0.0327	
231612827	231614085	1258	0.8188	0.0262	0.0692	
231624304	231624984	680	0.3706	0.2794	0.2882	
23163696	23164255	559	0.9606	0.0036	0.0	
2325442	2326499	1057	0.6197	0.2384	0.0672	
232643193	232643760	567	0.5802	0.1111	0.1958	
232655124	232655910	786	0.5229	0.0293	0.3957	
232676125	232676544	419	0.8759	0.0095	0.0143	
232783158	232784268	1110	0.4171	0.1883	0.3198	
233121924	233122315	391	0.7903	0.1125	0.0026	
233314571	233314944	373	0.6836	0.0027	0.2386	
233818839	233820269	1430	0.6517	0.0685	0.1476	
234483742	234484922	1180	0.478	0.2458	0.189	
23459508	23459947	439	0.7677	0.1162	0.0273	
234637262	234639303	2041	0.6595	0.146	0.1244	
234660215	234660617	402	0.5896	0.1119	0.194	
234686020	234686696	676	0.7234	0.1391	0.068	
234691740	234692480	740	0.6703	0.0527	0.1811	
234746365	234746668	303	0.8548	0.0132	0.0198	
234747001	234747899	898	0.3575	0.1459	0.4465	
234878446	234878877	431	0.6914	0.1647	0.0673	
234882007	234882772	765	0.6196	0.2026	0.1124	
235187901	235188775	874	0.8844	0.0286	0.0172	
235219740	235220240	500	0.62	0.054	0.234	
235221244	235222779	1535	0.4072	0.245	0.2756	
235247521	235248777	1256	0.2277	0.4713	0.2715	
235249332	235250512	1180	0.6492	0.0746	0.1797	
23528779	23529069	290	0.9379	0.0	0.0103	
235561120	235561520	400	0.695	0.0775	0.1275	
235657851	235658728	877	0.6602	0.0787	0.122	
23584739	23585399	660	0.7121	0.0758	0.1045	
23619345	23620271	926	0.838	0.0205	0.0302	
236437302	236438359	1057	0.7909	0.0643	0.0747	
236516933	236517379	446	0.8027	0.0022	0.0762	
236629757	236630149	392	0.6556	0.074	0.227	
236634090	236634645	555	0.627	0.2108	0.1243	
23756243	23756560	317	0.9401	0.0063	0.0158	
238592028	238592371	343	0.8309	0.0787	0.035	
23900687	23901686	999	0.3263	0.3053	0.3063	
239261317	239263076	1759	0.4702	0.05	0.4235	
239290776	239291534	758	0.558	0.0224	0.3496	
239552138	239552883	745	0.5195	0.0617	0.3785	
239556950	239557218	268	0.7724	0.0	0.1642	
240105745	240105951	206	0.8301	0.0	0.068	
241158021	241159009	988	0.5547	0.0719	0.2794	
241164490	241165226	736	0.8601	0.0231	0.0435	
241553266	241554406	1140	0.5693	0.0526	0.2965	
241586191	241586392	201	0.8507	0.0	0.0746	
241787895	241788852	957	0.8788	0.0104	0.0324	
241794278	241794728	450	0.9022	0.0267	0.0	
241801004	241802892	1888	0.8713	0.0424	0.0297	
241804394	241805668	1274	0.2967	0.5181	0.1397	
241828655	241830404	1749	0.6564	0.1624	0.0852	
241862899	241863980	1081	0.7465	0.0555	0.0749	
241864548	241865552	1004	0.6195	0.1833	0.1275	
241868661	241869026	365	0.9315	0.0164	0.0082	
241872505	241873629	1124	0.8897	0.0294	0.0089	
241897901	241898645	744	0.5309	0.172	0.207	
241951087	241951284	197	0.9848	0.0051	0.0	
242722883	242723488	605	0.7769	0.0545	0.0512	
242725891	242726975	1084	0.6458	0.1587	0.0987	
242897195	242897471	276	0.8514	0.0145	0.0181	
242904113	242904846	733	0.5866	0.0764	0.2674	
242914035	242914688	653	0.8346	0.0214	0.0628	
242932145	242932561	416	0.8245	0.012	0.0313	
243326384	243327017	633	0.4597	0.06	0.4408	
243328996	243329914	918	0.5904	0.1754	0.171	
243337122	243338840	1718	0.3015	0.358	0.2608	
243519952	243520150	198	0.9444	0.0	0.0	
243535908	243536434	526	0.6825	0.1084	0.116	
243542550	243543837	1287	0.3201	0.2152	0.4242	
243609271	243610092	821	0.4604	0.0365	0.4056	
243792328	243792774	446	0.7623	0.0224	0.1031	
243793483	243794212	729	0.8752	0.0384	0.0384	
243801302	243803752	2450	0.482	0.1633	0.2747	
244123735	244124990	1255	0.3681	0.2526	0.3084	
244335406	244335741	335	0.7791	0.0955	0.009	
2446623	2447430	807	0.5774	0.1214	0.1475	
245215023	245215420	397	0.8866	0.0025	0.0277	
245777895	245779530	1635	0.3144	0.4985	0.1297	
245986375	245986918	543	0.7035	0.1418	0.0387	
24715676	24716795	1119	0.5603	0.1251	0.2225	
24822514	24823637	1123	0.8112	0.0151	0.0695	
248318084	248319170	1086	0.4576	0.163	0.3471	
24832594	24833452	858	0.4965	0.0361	0.3881	
248366517	248367080	563	0.6234	0.0622	0.2362	
248392188	248393416	1228	0.4357	0.294	0.2166	
248397711	248398096	385	0.7065	0.0442	0.1455	
24852449	24853621	1172	0.6305	0.1323	0.1664	
24869510	24870187	677	0.6942	0.1846	0.0783	
24872247	24872507	260	0.9154	0.0	0.0269	
248790631	248791987	1356	0.5981	0.1121	0.2058	
248915848	248916107	259	0.9382	0.0193	0.0039	
24894114	24894469	355	0.7324	0.0225	0.1915	
249125658	249126760	1102	0.8984	0.0018	0.0064	
249127001	249127822	821	0.6784	0.2339	0.0244	
249135152	249136171	1019	0.629	0.1158	0.1658	
250669362	250670922	1560	0.4641	0.0276	0.3981	
250876841	250877089	248	0.8306	0.0	0.0444	
250886774	250887117	343	0.8367	0.0	0.0379	
250887504	250888057	553	0.5967	0.2061	0.0868	
25116911	25117898	987	0.5664	0.077	0.2219	
251207427	251209626	2199	0.3861	0.4202	0.1332	
25211529	25212356	827	0.3688	0.5248	0.0532	
25214853	25215097	244	0.7049	0.1393	0.082	
252484122	252484545	423	0.7896	0.0898	0.0024	
253312278	253312484	206	0.9757	0.0	0.0	
253314601	253315519	918	0.8627	0.0556	0.0207	
253421117	253421580	463	0.6134	0.121	0.1901	
253426224	253426975	751	0.6072	0.1651	0.1478	
253664098	253664528	430	0.8814	0.0047	0.0628	
253668537	253669154	617	0.9352	0.0016	0.0049	
253690796	253691600	804	0.602	0.0522	0.2463	
253801815	253802772	957	0.4431	0.2142	0.2581	
25426575	25426954	379	0.686	0.1029	0.1187	
254424789	254425569	780	0.7038	0.0987	0.1192	
254529835	254530121	286	0.8322	0.0175	0.028	
25514798	25515710	912	0.9496	0.0044	0.0066	
25533370	25534475	1105	0.829	0.0199	0.0652	
25570652	25570984	332	0.9367	0.003	0.0	
255772557	255773024	467	0.9208	0.0043	0.0128	
255773691	255774141	450	0.9333	0.0022	0.0067	
255779243	255779817	574	0.9094	0.0192	0.0226	
255787025	255787437	412	0.8641	0.0243	0.0413	
255799862	255800428	566	0.8322	0.0848	0.0106	
256786823	256787311	488	0.5799	0.2193	0.1619	
257191145	257192676	1531	0.7041	0.0882	0.0954	
257239940	257240676	736	0.7826	0.0313	0.0883	
257265768	257266203	435	0.6299	0.0667	0.2483	
257661777	257662540	763	0.7916	0.0288	0.0747	
257699957	257700424	467	0.8544	0.0171	0.0278	
257882276	257882497	221	0.9412	0.0	0.0	
257938143	257938647	504	0.6944	0.2183	0.0258	
257946082	257946427	345	0.9275	0.0116	0.0058	
257954441	257955087	646	0.7152	0.0681	0.1471	
258238596	258238945	349	0.7163	0.0602	0.1576	
258256086	258257061	975	0.6103	0.0062	0.3067	
258887223	258887931	708	0.7528	0.1017	0.0381	
258906815	258907060	245	0.8735	0.0735	0.0082	
259299321	259300201	880	0.8398	0.0136	0.0818	
25960303	25961467	1164	0.701	0.1246	0.0885	
259649166	259650312	1146	0.6588	0.082	0.1606	
259942295	259943301	1006	0.4483	0.0815	0.4125	
259969700	259970181	481	0.8129	0.0541	0.0291	
260094801	260095384	583	0.6792	0.0978	0.1424	
260415723	260416622	899	0.8087	0.0189	0.0912	
260996234	260997607	1373	0.7924	0.1114	0.0248	
261168481	261172324	3843	0.7611	0.1088	0.0731	
261200568	261201254	686	0.7449	0.1152	0.0583	
261209839	261210670	831	0.4862	0.4356	0.0301	
261291887	261292496	609	0.7553	0.0246	0.092	
2616961	2617392	431	0.7517	0.0812	0.0557	
261940928	261941911	983	0.7294	0.1119	0.0732	
2627256	2628079	823	0.706	0.1142	0.0875	
262780451	262780690	239	0.8787	0.0042	0.0084	
262828915	262829248	333	0.8889	0.003	0.0511	
262834037	262834936	899	0.7353	0.0534	0.1057	
263362490	263363171	681	0.6755	0.1307	0.0896	
263444715	263444916	201	0.9104	0.0199	0.0249	
263972746	263973139	393	0.5598	0.3435	0.0204	
263974157	263975134	977	0.5159	0.1372	0.2692	
263981006	263982678	1672	0.6627	0.2081	0.0562	
263991258	263991744	486	0.7078	0.1111	0.1111	
263992316	263993568	1252	0.6198	0.0727	0.2077	
264016711	264017195	484	0.7273	0.1446	0.0579	
264024497	264025433	936	0.9551	0.0032	0.0	
264075819	264077237	1418	0.9485	0.0035	0.0049	
264104748	264105998	1250	0.892	0.028	0.0088	
264109702	264110008	306	0.9314	0.0033	0.0098	
264114842	264117078	2236	0.5224	0.3072	0.1006	
264160888	264161299	411	0.9854	0.0	0.0	
264257053	264259176	2123	0.1253	0.6208	0.2209	
264613226	264613784	558	0.4875	0.0125	0.448	
265690583	265691527	944	0.3697	0.3093	0.2532	
266740148	266740606	458	0.8712	0.0328	0.0218	
266828312	266829119	807	0.6741	0.0855	0.114	
267313925	267314502	577	0.5338	0.0451	0.3258	
267916824	267917129	305	0.8033	0.0098	0.0852	
267918561	267919873	1312	0.6875	0.0351	0.1852	
268136932	268137484	552	0.5978	0.0507	0.2736	
268216417	268216622	205	0.9415	0.0098	0.0293	
26836145	26837016	871	0.5465	0.0482	0.3387	
268401311	268401858	547	0.4936	0.0128	0.4241	
268474803	268475273	470	0.5979	0.0894	0.2426	
268491946	268492439	493	0.929	0.0101	0.0041	
269190024	269190843	819	0.6679	0.1306	0.1038	
269423754	269424620	866	0.6074	0.0589	0.224	
269850952	269851676	724	0.4751	0.0483	0.4171	
269964734	269965093	359	0.8134	0.0056	0.0919	
269981939	269983592	1653	0.5523	0.2571	0.0526	
270619322	270619666	344	0.7936	0.0901	0.0843	
270698139	270698556	417	0.8225	0.0647	0.012	
270707041	270708138	1097	0.4804	0.3856	0.0866	
270809511	270810065	554	0.9043	0.0181	0.0415	
270935869	270936741	872	0.9484	0.0069	0.0057	
272408876	272409639	763	0.751	0.0747	0.0931	
273313456	273313662	206	0.8398	0.034	0.034	
273333481	273334323	842	0.6568	0.0499	0.1888	
273340460	273341879	1419	0.5891	0.1586	0.1832	
273408017	273408670	653	0.4625	0.0766	0.3461	
273613416	273613897	481	0.8503	0.0312	0.0499	
273765187	273765714	527	0.7306	0.0171	0.1689	
273783718	273784152	434	0.9194	0.0069	0.0276	
273793707	273794649	942	0.8079	0.0754	0.0297	
273804630	273805531	901	0.6937	0.0233	0.1243	
274065375	274065824	449	0.8129	0.0891	0.0267	
274276662	274278060	1398	0.8219	0.0515	0.0544	
274504345	274505248	903	0.5825	0.1141	0.2337	
274529826	274530502	676	0.716	0.0192	0.1583	
274801526	274802071	545	0.8037	0.055	0.0404	
274809030	274809504	474	0.884	0.0042	0.0148	
276154465	276155016	551	0.7459	0.0145	0.1815	
278667676	278669097	1421	0.2062	0.3941	0.3681	
279301951	279302145	194	0.9072	0.0206	0.0	
279318710	279319070	360	0.9	0.0194	0.0111	
279758890	279759239	349	0.8338	0.0458	0.0201	
280330905	280333004	2099	0.2096	0.3173	0.4183	
280498732	280498997	265	0.8717	0.0113	0.0491	
280500935	280502134	1199	0.5963	0.0951	0.2552	
280502858	280503351	493	0.8499	0.0243	0.0162	
280509101	280509835	734	0.767	0.049	0.0804	
282406283	282407303	1020	0.7422	0.0196	0.0735	
282625778	282626471	693	0.5354	0.153	0.2381	
282817783	282818291	508	0.6457	0.1535	0.126	
282901827	282903038	1211	0.5467	0.0974	0.2494	
282965775	282966571	796	0.7274	0.0327	0.0842	
283013062	283013284	222	0.9189	0.0	0.0405	
283104429	283104676	247	0.8947	0.0	0.0283	
2833238	2833464	226	0.8982	0.0221	0.0044	
283562425	283562664	239	0.9163	0.0	0.046	
283773906	283774313	407	0.4275	0.317	0.172	
283854788	283855646	858	0.824	0.0478	0.0303	
284063105	284063878	773	0.8072	0.0505	0.0142	
284064824	284065118	294	0.8503	0.0	0.0272	
284070916	284073741	2825	0.4485	0.1533	0.308	
284225922	284226460	538	0.671	0.1561	0.1097	
286148506	286149433	927	0.699	0.1499	0.11	
286249157	286249550	393	0.888	0.0254	0.0102	
286864812	286865992	1180	0.2898	0.5508	0.1398	
286882193	286882561	368	0.7527	0.019	0.1467	
287080284	287080732	448	0.6607	0.0	0.2991	
287081075	287082276	1201	0.4438	0.2573	0.2498	
287130330	287131484	1154	0.5711	0.2409	0.1135	
287139070	287139413	343	0.8397	0.07	0.0146	
287284028	287284294	266	0.9511	0.0	0.0	
287659692	287659965	273	0.9084	0.0256	0.0	
287662986	287663405	419	0.5895	0.2888	0.0406	
287667012	287668364	1352	0.4859	0.1561	0.2936	
287677900	287678152	252	0.8611	0.004	0.0794	
288411137	288411479	342	0.8684	0.0234	0.0322	
288459211	288459400	189	0.9312	0.0317	0.0	
288494063	288494875	812	0.7956	0.0172	0.0924	
289247004	289247802	798	0.688	0.0764	0.1566	
289517211	289517522	311	0.8489	0.0129	0.0096	
289527930	289528168	238	0.8824	0.0546	0.0042	
289931496	289931750	254	0.7953	0.0394	0.0079	
289962764	289963627	863	0.657	0.0776	0.1472	
289988961	289990104	1143	0.9081	0.0122	0.0332	
290492562	290492809	247	0.8623	0.0364	0.0405	
290938101	290939113	1012	0.6927	0.0711	0.1601	
290972434	290973238	804	0.6766	0.1306	0.0684	
291941347	291941894	547	0.8611	0.0622	0.011	
291968855	291969298	443	0.7427	0.0655	0.0948	
292266457	292267048	591	0.7157	0.1151	0.0711	
292320995	292321834	839	0.8355	0.031	0.0358	
292331274	292332363	1089	0.8182	0.034	0.068	
292342407	292342601	194	0.8969	0.0309	0.0206	
292464929	292465880	951	0.6803	0.062	0.0789	
292470874	292471641	767	0.6232	0.1421	0.1643	
292909421	292910120	699	0.8026	0.0215	0.0587	
295692085	295692838	753	0.749	0.085	0.0863	
29621773	29622520	747	0.7443	0.0803	0.0736	
29638803	29639301	498	0.8112	0.0181	0.0422	
297373804	297374375	571	0.7373	0.1821	0.056	
297561442	297561873	431	0.7981	0.0023	0.0835	
298128730	298129530	800	0.4475	0.0925	0.385	
298185646	298185967	321	0.6916	0.028	0.1963	
298361918	298362591	673	0.63	0.1768	0.1114	
298649273	298649562	289	0.9066	0.0	0.0	
299792096	299792614	518	0.4942	0.0232	0.3475	
300717572	300718134	562	0.7883	0.0819	0.0107	
300761793	300763049	1256	0.2038	0.4283	0.3543	
302504323	302504656	333	0.6997	0.0	0.2523	
303450026	303450522	496	0.6754	0.0181	0.2198	
303633994	303634826	832	0.3726	0.1791	0.3834	
305024766	305024978	212	0.7547	0.0566	0.033	
305215285	305216082	797	0.7039	0.1142	0.0966	
306552713	306553389	676	0.4675	0.0178	0.4734	
30692619	30692837	218	0.8028	0.0275	0.0367	
307374543	307375337	794	0.869	0.0378	0.0327	
307498998	307500180	1182	0.6311	0.1235	0.1777	
307870587	307871184	597	0.5863	0.0771	0.2127	
309772017	309772553	536	0.7407	0.056	0.0672	
310026545	310027284	739	0.3207	0.0812	0.4966	
310281711	310283152	1441	0.4497	0.2887	0.1506	
311778793	311779693	900	0.5744	0.2978	0.0656	
312740295	312740600	305	0.9049	0.0	0.0361	
314826287	314827169	882	0.602	0.1168	0.1916	
314995462	314996454	992	0.625	0.1079	0.1935	
315366663	315367166	503	0.7018	0.0954	0.0616	
316282474	316282848	374	0.7299	0.0508	0.131	
316479475	316480103	628	0.6338	0.1768	0.0955	
316832909	316833493	584	0.4777	0.1387	0.3014	
316838237	316840863	2626	0.4345	0.1443	0.3343	
317306920	317308838	1918	0.2659	0.2789	0.4025	
317313946	317314196	250	0.724	0.0	0.228	
317400570	317401591	1021	0.4114	0.1959	0.3203	
317447922	317449380	1458	0.5981	0.0569	0.2366	
317452663	317453532	869	0.3659	0.2037	0.389	
317598716	317599574	858	0.6014	0.1457	0.141	
317734409	317735084	675	0.7081	0.12	0.0652	
317770857	317771584	727	0.8102	0.0096	0.099	
317792838	317793132	294	0.8946	0.0374	0.0102	
317857280	317858286	1006	0.5239	0.3817	0.0467	
321444658	321445576	918	0.8322	0.0283	0.024	
324395855	324396636	781	0.7119	0.0883	0.1012	
325309640	325311352	1712	0.5567	0.1852	0.1565	
325776230	325776620	390	0.8154	0.059	0.0282	
326821695	326822118	423	0.8085	0.0307	0.0165	
326883408	326883649	241	0.8133	0.0	0.1079	
327492148	327493449	1301	0.4035	0.1076	0.4151	
327625757	327626479	722	0.8684	0.0139	0.0263	
327627685	327628907	1222	0.6088	0.1669	0.1072	
327681852	327682646	794	0.6196	0.0806	0.2229	
327688439	327689421	982	0.7454	0.0377	0.1334	
328336879	328337333	454	0.5903	0.1564	0.185	
329061080	329061391	311	0.8842	0.0161	0.0579	
330896060	330896664	604	0.8377	0.0116	0.0613	
330983787	330984152	365	0.7973	0.0027	0.1096	
330986010	330987827	1817	0.4078	0.2356	0.2939	
334954203	334954899	696	0.546	0.0201	0.3779	
335443013	335443396	383	0.4491	0.0104	0.4465	
335579730	335580806	1076	0.2528	0.4619	0.2546	
336220127	336221535	1408	0.4041	0.2379	0.2926	
340217479	340217705	226	0.6726	0.0177	0.2699	
340461578	340462127	549	0.7778	0.0	0.1566	
340630517	340631171	654	0.8578	0.0107	0.0612	
340826817	340828664	1847	0.281	0.2788	0.4006	
340848336	340848932	596	0.8473	0.0017	0.0369	
340919852	340920340	488	0.8607	0.0492	0.0082	
342069037	342069444	407	0.7371	0.1548	0.0197	
342071820	342072694	874	0.5446	0.0378	0.3638	
34305981	34306663	682	0.5689	0.1672	0.1217	
343136122	343136858	736	0.7554	0.0476	0.0639	
343139579	343139858	279	0.7168	0.1111	0.1147	
343452388	343452746	358	0.8939	0.0	0.0	
34350739	34351538	799	0.5181	0.1727	0.2053	
343560081	343560458	377	0.7586	0.0557	0.0902	
343643431	343644140	709	0.4372	0.3766	0.1481	
343650064	343651083	1019	0.3464	0.2689	0.3474	
34411009	34411594	585	0.5795	0.0496	0.2735	
34467135	34468012	877	0.1881	0.0114	0.7412	
344758896	344759841	945	0.5048	0.0349	0.4074	
344854378	344855989	1611	0.7877	0.0559	0.0453	
345257507	345257706	199	0.8492	0.0905	0.0	
345326467	345327119	652	0.865	0.0337	0.0169	
345333342	345334418	1076	0.5446	0.1115	0.2862	
345462680	345463080	400	0.81	0.01	0.05	
345493366	345493512	146	0.9178	0.0068	0.0137	
345651823	345652289	466	0.8004	0.0279	0.0665	
345661212	345662207	995	0.5688	0.0864	0.2291	
345687657	345688131	474	0.9177	0.0148	0.0	
346021122	346021975	853	0.8933	0.0152	0.0082	
346635131	346635722	591	0.5939	0.1117	0.2149	
346867558	346868425	867	0.6101	0.0311	0.2664	
348750182	348750720	538	0.539	0.1822	0.2156	
348818364	348819388	1024	0.5547	0.0645	0.292	
350143438	350143991	553	0.7559	0.0759	0.1013	
350426279	350427669	1390	0.3388	0.2424	0.3662	
350478837	350479694	857	0.4959	0.1365	0.2719	
350543095	350544410	1315	0.3688	0.2068	0.3658	
35174728	35174971	243	0.9095	0.0	0.0123	
351912066	351912461	395	0.5595	0.1241	0.2101	
352375107	352375546	439	0.8155	0.0592	0.0228	
352477050	352477909	859	0.4424	0.0163	0.4738	
352776351	352776705	354	0.822	0.0226	0.0282	
353109923	353111651	1728	0.2199	0.2309	0.4896	
354309474	354310155	681	0.8003	0.0264	0.0881	
354330646	354332314	1668	0.4826	0.1451	0.3106	
355310391	355310702	311	0.9325	0.0322	0.0	
355367517	355368151	634	0.8091	0.0	0.1088	
355616691	355616961	270	0.8667	0.0148	0.0296	
35720407	35720896	489	0.728	0.1513	0.0225	
359008774	359009140	366	0.8306	0.0301	0.0301	
359012617	359013001	384	0.7552	0.0964	0.0547	
360640846	360641340	494	0.919	0.0263	0.0	
360666776	360667315	539	0.8256	0.0334	0.026	
360668093	360669298	1205	0.8257	0.0373	0.0539	
360713506	360714147	641	0.9017	0.0109	0.0234	
360741504	360742706	1202	0.9018	0.0166	0.0175	
360749658	360749919	261	0.8736	0.023	0.0536	
360767178	360768374	1196	0.7467	0.0393	0.1413	
360843272	360844879	1607	0.7138	0.0224	0.1948	
361195076	361195468	392	0.7832	0.0408	0.0587	
361286902	361287140	238	0.9328	0.0168	0.0168	
361393113	361393900	787	0.3507	0.2033	0.4041	
361407601	361408426	825	0.6812	0.0764	0.0982	
361528042	361528260	218	0.9725	0.0	0.0	
361557576	361558277	701	0.7076	0.0185	0.2083	
361916340	361917736	1396	0.6805	0.0401	0.2443	
362453294	362453857	563	0.8011	0.0391	0.0355	
363123855	363124311	456	0.7193	0.0899	0.1228	
363828046	363828716	670	0.3761	0.4328	0.1403	
363929969	363930263	294	0.8197	0.0476	0.0068	
363931674	363931924	250	0.964	0.0	0.0	
364075859	364076333	474	0.7869	0.0591	0.0359	
364738786	364739336	550	0.8818	0.0236	0.0236	
364750800	364752245	1445	0.8595	0.0242	0.0284	
365363966	365364505	539	0.6456	0.013	0.3061	
365911113	365911741	628	0.8965	0.0159	0.0111	
366969295	366969549	254	0.9055	0.0	0.0079	
367179950	367180225	275	0.7309	0.0	0.1891	
367223337	367223501	164	0.9329	0.0	0.0	
369304127	369305023	896	0.4989	0.029	0.4342	
369441417	369442356	939	0.6912	0.0245	0.1715	
369571321	369572471	1150	0.8487	0.0235	0.0278	
369619690	369620174	484	0.8926	0.0165	0.0083	
369682991	369683259	268	0.6269	0.0	0.2724	
370486830	370487426	596	0.4077	0.0067	0.4849	
370488538	370489057	519	0.2717	0.3988	0.3025	
37091934	37092605	671	0.614	0.0343	0.2593	
371556132	371556935	803	0.7235	0.0523	0.0897	
37180101	37180641	540	0.75	0.0741	0.0593	
37222531	37223079	548	0.5785	0.1113	0.177	
3726758	3727051	293	0.8089	0.0683	0.0478	
373930027	373930589	562	0.7153	0.1762	0.0391	
374267117	374268091	974	0.6643	0.0616	0.1817	
3751227	3752631	1404	0.5905	0.2856	0.0563	
375493728	375494539	811	0.3132	0.4661	0.1813	
376443584	376443967	383	0.7728	0.0313	0.0548	
380884899	380885310	411	0.7956	0.0462	0.0657	
381488645	381489126	481	0.7339	0.0852	0.0977	
382151565	382152010	445	0.4315	0.1236	0.3978	
382374137	382375240	1103	0.4923	0.3554	0.0834	
382379859	382380292	433	0.7044	0.2356	0.0254	
383098023	383098666	643	0.6299	0.0622	0.2162	
383208664	383209694	1030	0.6155	0.0223	0.2942	
383331670	383332117	447	0.434	0.0425	0.4228	
383525011	383525356	345	0.9101	0.0319	0.0087	
383713146	383713476	330	0.7879	0.0697	0.0545	
383805221	383806543	1322	0.2837	0.3903	0.2731	
384633324	384634522	1198	0.7646	0.0434	0.1419	
385024290	385025096	806	0.8524	0.0459	0.0447	
385030850	385031431	581	0.8003	0.0895	0.0258	
385036889	385037496	607	0.7743	0.0395	0.1351	
385067782	385068885	1103	0.7942	0.0363	0.0752	
385145184	385145572	388	0.8608	0.0644	0.0129	
385190324	385190664	340	0.8882	0.0294	0.0235	
385871659	385872038	379	0.8549	0.0026	0.0369	
386542844	386543041	197	0.8934	0.0406	0.0355	
387260659	387261219	560	0.9054	0.0089	0.0161	
387525317	387526446	1129	0.7954	0.0523	0.0673	
387537746	387537863	117	0.9915	0.0	0.0	
387538507	387538735	228	0.8947	0.0044	0.0044	
387612485	387613093	608	0.6201	0.0954	0.1727	
387786171	387786558	387	0.8501	0.0698	0.0	
3883279	3884265	986	0.5183	0.1055	0.3022	
3895287	3895831	544	0.5882	0.1581	0.1507	
389777842	389778742	900	0.7222	0.0222	0.1944	
389802937	389803951	1014	0.7742	0.0542	0.0927	
389922556	389923009	453	0.8278	0.0706	0.011	
389954518	389954785	267	0.8652	0.0375	0.0524	
390085457	390086184	727	0.9395	0.0014	0.0083	
390159754	390160094	340	0.9471	0.0059	0.0	
390175251	390176286	1035	0.8522	0.0087	0.0464	
390454606	390454965	359	0.6351	0.0696	0.2145	
390472802	390473827	1025	0.4615	0.1805	0.2673	
390507933	390508443	510	0.9157	0.0	0.0176	
3906164	3906569	405	0.7951	0.0395	0.079	
390773150	390774006	856	0.6963	0.2395	0.0093	
390781584	390781853	269	0.9368	0.0	0.0	
390786845	390787202	357	0.8908	0.0	0.0336	
390788651	390789632	981	0.8818	0.0367	0.0133	
391096344	391097047	703	0.8848	0.0284	0.0413	
391103323	391103650	327	0.9664	0.0061	0.0031	
391166558	391166833	275	0.9055	0.0	0.0655	
391224437	391224814	377	0.9125	0.0053	0.0027	
391770504	391770861	357	0.7815	0.0336	0.1289	
391932046	391933151	1105	0.581	0.1774	0.1457	
391934033	391935056	1023	0.7664	0.0528	0.1124	
392194281	392194511	230	0.8652	0.0	0.087	
392296496	392296778	282	0.9362	0.0	0.0142	
393607265	393607675	410	0.8829	0.0024	0.0512	
394457225	394457889	664	0.8404	0.0	0.0557	
394533071	394533302	231	0.9307	0.026	0.0	
394552500	394553552	1052	0.6702	0.0903	0.1625	
394600932	394601579	647	0.5997	0.1824	0.1577	
394661118	394662161	1043	0.8696	0.0575	0.0153	
394707985	394709214	1229	0.4931	0.1945	0.2335	
394709611	394710401	790	0.5177	0.2696	0.157	
394724358	394724619	261	0.931	0.0	0.0	
39633400	39634571	1171	0.5073	0.1187	0.2101	
398058410	398059205	795	0.4704	0.1157	0.3535	
398692705	398692867	162	0.8951	0.0	0.0247	
399033541	399033877	336	0.8958	0.0089	0.0476	
400111492	400112226	734	0.3828	0.2929	0.2766	
400744985	400746296	1311	0.9123	0.0107	0.0313	
400765207	400767078	1871	0.9407	0.0102	0.0107	
400768825	400769939	1114	0.9551	0.0162	0.0126	
400789979	400791624	1645	0.8875	0.0383	0.0249	
400804625	400805316	691	0.5977	0.2055	0.1462	
400805884	400806258	374	0.738	0.0588	0.0535	
401039765	401039942	177	0.9718	0.0	0.0056	
401075736	401076101	365	0.9288	0.0438	0.0027	
401077099	401078989	1890	0.9063	0.0106	0.0233	
401102853	401103314	461	0.9306	0.0195	0.0022	
401106625	401106840	215	0.986	0.0	0.0047	
401464676	401465616	940	0.8	0.0628	0.0606	
40154110	40155429	1319	0.4519	0.1638	0.2828	
40156547	40157933	1386	0.3766	0.1126	0.4423	
401715079	401715663	584	0.6216	0.0325	0.2997	
401727831	401729153	1322	0.8775	0.028	0.0242	
401894347	401894782	435	0.623	0.1241	0.2138	
40225002	40225910	908	0.4637	0.3018	0.1806	
402257173	402257400	227	0.9075	0.0	0.022	
402288387	402290569	2182	0.6627	0.0958	0.1531	
402488548	402489001	453	0.8786	0.0022	0.053	
402617926	402618340	414	0.9396	0.0145	0.0024	
402723681	402723983	302	0.9338	0.0	0.0099	
402724217	402725890	1673	0.7908	0.0263	0.1249	
402948798	402949358	560	0.9411	0.0143	0.0018	
403279883	403280098	215	0.8651	0.0186	0.0047	
403302290	403303518	1228	0.6938	0.0684	0.1034	
403307338	403307699	361	0.9335	0.0	0.0166	
403308761	403309292	531	0.8098	0.0452	0.0866	
403350752	403351299	547	0.841	0.0366	0.0274	
403357624	403357875	251	0.9721	0.0	0.004	
403403444	403403993	549	0.5228	0.0291	0.377	
403409433	403409817	384	0.763	0.0495	0.0651	
403419182	403419578	396	0.5808	0.3056	0.0253	
403436859	403437550	691	0.1939	0.1939	0.6064	
403442341	403442852	511	0.2975	0.0157	0.6771	
403445619	403446128	509	0.4774	0.169	0.2986	
403984941	403985618	677	0.7105	0.1699	0.0207	
404172147	404172531	384	0.4766	0.224	0.2474	
40447382	40448382	1000	0.288	0.459	0.189	
404667049	404668070	1021	0.9706	0.0	0.001	
404692088	404692955	867	0.8293	0.0554	0.0369	
406241867	406242326	459	0.6885	0.1242	0.0436	
406774150	406775089	939	0.377	0.4878	0.0958	
409779465	409779827	362	0.7569	0.0442	0.0497	
409933527	409933755	228	0.8553	0.0482	0.0175	
410864789	410865950	1161	0.7812	0.0586	0.0715	
410943496	410943871	375	0.9307	0.0133	0.0027	
411041553	411041852	299	0.913	0.0033	0.0033	
411206339	411207044	705	0.5773	0.1489	0.166	
413107202	413107722	520	0.9058	0.0365	0.0077	
413120812	413122914	2102	0.6108	0.0947	0.2065	
413140847	413141122	275	0.92	0.0109	0.0218	
413265834	413266099	265	0.8415	0.0075	0.0943	
413916379	413918078	1699	0.8858	0.0424	0.023	
414013302	414013708	406	0.9581	0.0025	0.0	
414041659	414042234	575	0.88	0.0104	0.0591	
414423208	414425142	1934	0.4349	0.2492	0.2678	
415294718	415295256	538	0.4981	0.039	0.4182	
415790155	415790644	489	0.9162	0.0123	0.0286	
415805330	415806094	764	0.7147	0.0393	0.1898	
415839580	415839948	368	0.9511	0.0054	0.0	
41589648	41589950	302	0.9305	0.0066	0.0166	
416129341	416130820	1479	0.355	0.5017	0.0913	
416466947	416467357	410	0.8439	0.0146	0.0317	
416670395	416670991	596	0.9748	0.0034	0.0017	
416671959	416672461	502	0.9303	0.0	0.0	
417391722	417392052	330	0.8758	0.0152	0.0061	
418452092	418452843	751	0.6431	0.0173	0.257	
418454290	418454558	268	0.694	0.0187	0.1903	
418470299	418470621	322	0.8509	0.0062	0.0062	
418490831	418491488	657	0.761	0.0776	0.0457	
418597075	418597342	267	0.8052	0.0412	0.0637	
418898645	418899103	458	0.9607	0.0022	0.0	
419595974	419596680	706	0.915	0.0184	0.0156	
419664599	419664837	238	0.9118	0.0	0.0084	
419687737	419688251	514	0.9339	0.0019	0.0195	
419690769	419691221	452	0.9668	0.0022	0.0044	
419722082	419722916	834	0.6391	0.1583	0.1331	
419813905	419814518	613	0.925	0.0016	0.0179	
420633457	420634362	905	0.3878	0.2564	0.2807	
420831567	420833181	1614	0.6264	0.1462	0.1524	
421077548	421078045	497	0.5573	0.0865	0.2958	
421866559	421866875	316	0.9462	0.0	0.0032	
424086268	424086611	343	0.8776	0.0146	0.0466	
424088665	424088922	257	0.8171	0.0856	0.035	
424349468	424349769	301	0.7641	0.0598	0.1395	
424404714	424405133	419	0.9021	0.0	0.0692	
424484115	424484538	423	0.766	0.0307	0.1277	
424498943	424500196	1253	0.6983	0.0623	0.1564	
424529974	424530304	330	0.903	0.0	0.0242	
425333895	425334763	868	0.6244	0.1037	0.1866	
425427762	425428154	392	0.949	0.0179	0.0026	
425438634	425440191	1557	0.8099	0.1124	0.0353	
425839465	425840478	1013	0.8588	0.0188	0.0217	
427867451	427867684	233	0.9657	0.0043	0.0	
427890974	427892006	1032	0.8508	0.0019	0.0746	
427902504	427903204	700	0.8486	0.0271	0.0586	
427924269	427924557	288	0.9792	0.0	0.0	
427925692	427928522	2830	0.7269	0.0512	0.1544	
428112852	428113103	251	0.9522	0.0	0.0	
429265134	429266221	1087	0.2079	0.2401	0.5032	
429603493	429604646	1153	0.3651	0.2853	0.2628	
432772520	432772993	473	0.7801	0.0444	0.0486	
432984317	432985320	1003	0.2443	0.1625	0.5553	
433090179	433090857	678	0.5339	0.1106	0.3038	
433131212	433131560	348	0.6293	0.2241	0.0718	
433132316	433132886	570	0.7035	0.1193	0.0474	
435942610	435943803	1193	0.7058	0.1073	0.1207	
43622593	43623697	1104	0.5969	0.1033	0.1649	
436628697	436629120	423	0.383	0.1986	0.3759	
436689369	436690025	656	0.9634	0.0	0.0061	
436929183	436929639	456	0.9057	0.0	0.0329	
437747293	437747970	677	0.5524	0.0162	0.384	
438180207	438181238	1031	0.8118	0.0281	0.0126	
438223218	438223986	768	0.7982	0.0326	0.1094	
438246612	438248003	1391	0.5198	0.3098	0.1208	
438360053	438360397	344	0.9331	0.0058	0.0058	
438419145	438419763	618	0.7524	0.0129	0.0971	
438648111	438648268	157	0.8726	0.0	0.0255	
438658097	438658707	610	0.8689	0.0033	0.0361	
438681731	438682289	558	0.7849	0.0448	0.1075	
438699568	438700599	1031	0.6605	0.1979	0.0951	
438728594	438729019	425	0.8894	0.0141	0.0282	
439096058	439097847	1789	0.3589	0.1023	0.4768	
43944314	43944702	388	0.634	0.0902	0.1804	
439868582	439869211	629	0.531	0.1224	0.2051	
439944218	439945293	1075	0.5377	0.3005	0.0791	
440262721	440263050	329	0.5562	0.0213	0.3951	
440396171	440396929	758	0.843	0.0145	0.0607	
440635339	440635778	439	0.8155	0.0114	0.0524	
440665960	440666919	959	0.5454	0.1835	0.1429	
440937530	440938090	560	0.7429	0.0411	0.0696	
442045497	442045688	191	0.8901	0.0262	0.0	
442185696	442186687	991	0.8486	0.0111	0.0656	
442238285	442238940	655	0.371	0.3298	0.2641	
442288981	442289945	964	0.3683	0.2116	0.3786	
442332414	442333252	838	0.6587	0.148	0.136	
442376505	442377683	1178	0.8812	0.0263	0.0085	
442401246	442402222	976	0.2336	0.3566	0.3842	
442456063	442456425	362	0.7486	0.0249	0.1464	
443954622	443955110	488	0.9016	0.0061	0.0164	
444153345	444154575	1230	0.8325	0.0667	0.0423	
444155573	444155934	361	0.8975	0.0194	0.0	
444305317	444305686	369	0.9133	0.0	0.0352	
444603085	444603281	196	0.9847	0.0	0.0	
445849982	445851175	1193	0.4602	0.3118	0.1769	
446133208	446133927	719	0.5772	0.1113	0.217	
446457095	446458405	1310	0.8015	0.0214	0.0733	
446458830	446460688	1858	0.8369	0.0393	0.0635	
446465134	446466085	951	0.5131	0.2471	0.2029	
446466334	446466877	543	0.7772	0.1123	0.0534	
446483412	446483819	407	0.941	0.0	0.0074	
446811765	446812267	502	0.8566	0.0139	0.0199	
44691531	44692191	660	0.7879	0.0424	0.0667	
447809777	447810189	412	0.8956	0.0267	0.0194	
447825196	447826018	822	0.6071	0.1582	0.1448	
447844181	447844561	380	0.8763	0.0158	0.0079	
447849237	447849643	406	0.7808	0.0246	0.064	
447914145	447914415	270	0.6926	0.0407	0.1778	
449080680	449081206	526	0.8384	0.0152	0.0209	
450012968	450014345	1377	0.6957	0.1089	0.1474	
450021461	450022432	971	0.5458	0.0443	0.3543	
450101988	450103516	1528	0.6466	0.2147	0.0681	
450160407	450160621	214	0.9346	0.0	0.0	
450167460	450168558	1098	0.9117	0.0291	0.01	
450417595	450418014	419	0.7399	0.0644	0.0788	
450619071	450619655	584	0.2534	0.4658	0.2568	
450737810	450738157	347	0.7435	0.0173	0.121	
450835151	450836491	1340	0.8104	0.0493	0.1022	
451213231	451213980	749	0.5554	0.1562	0.1842	
453758890	453760054	1164	0.5249	0.2448	0.1478	
454190970	454191326	356	0.7022	0.0815	0.118	
455024012	455024750	738	0.4092	0.4756	0.0379	
455233244	455233636	392	0.9745	0.0051	0.0051	
456695221	456695529	308	0.5584	0.2922	0.1234	
456825693	456826014	321	0.8536	0.0374	0.0218	
457292586	457293193	607	0.7035	0.0527	0.1565	
457447940	457449037	1097	0.8496	0.0146	0.0292	
457642802	457642981	179	0.9777	0.0	0.0	
459929790	459930526	736	0.5	0.1345	0.284	
461137128	461138419	1291	0.4562	0.1967	0.2781	
461141475	461142131	656	0.8399	0.0091	0.0427	
461685098	461685821	723	0.4633	0.1148	0.3762	
461703130	461704079	949	0.5311	0.2107	0.177	
462946742	462947067	325	0.7846	0.0523	0.0769	
463060540	463060852	312	0.9295	0.0032	0.0	
463242823	463243139	316	0.8038	0.0032	0.0949	
463243799	463245193	1394	0.6966	0.0151	0.208	
463811919	463812212	293	0.8908	0.0375	0.0034	
464129914	464131027	1113	0.186	0.761	0.0243	
464131210	464132392	1182	0.4247	0.302	0.1701	
464238848	464239029	181	0.9061	0.0055	0.0718	
464264759	464266259	1500	0.4687	0.1847	0.274	
46469151	46470322	1171	0.7523	0.0213	0.1332	
46477158	46478614	1456	0.5398	0.2205	0.1786	
465619380	465619914	534	0.8258	0.0337	0.0431	
466235412	466236612	1200	0.7208	0.0517	0.13	
466247013	466248024	1011	0.7547	0.09	0.0544	
466309892	466310473	581	0.4045	0.4923	0.0757	
466320551	466321274	723	0.7137	0.112	0.0941	
467356832	467356981	149	0.8859	0.0	0.0	
467519614	467520196	582	0.5601	0.189	0.1667	
46752374	46753137	763	0.7877	0.017	0.1048	
467825846	467826082	236	0.8305	0.0508	0.0212	
468227644	468227971	327	0.9602	0.0	0.0031	
468303431	468304737	1306	0.5613	0.245	0.0865	
468426029	468427140	1111	0.4752	0.0594	0.3933	
468704544	468705406	862	0.9049	0.0116	0.022	
470099799	470100230	431	0.877	0.0348	0.0186	
470104150	470104956	806	0.7779	0.0347	0.0583	
470724822	470725251	429	0.7646	0.028	0.0979	
470744692	470745665	973	0.3083	0.4615	0.1932	
470750997	470751314	317	0.9117	0.0	0.0347	
470846010	470846745	735	0.4027	0.4204	0.0939	
470854569	470855394	825	0.5006	0.2848	0.1273	
471317335	471317790	455	0.6769	0.1033	0.1011	
471972677	471973210	533	0.7205	0.1332	0.0675	
472023853	472024392	539	0.7885	0.0	0.1391	
472037744	472038112	368	0.8533	0.0598	0.0489	
472047977	472048916	939	0.7519	0.0788	0.0511	
472099489	472100756	1267	0.82	0.0331	0.0639	
472164098	472164841	743	0.8843	0.0323	0.0296	
472180262	472182319	2057	0.7229	0.036	0.1833	
474730275	474730651	376	0.9548	0.0	0.0	
474745044	474745539	495	0.7455	0.0586	0.1232	
474846722	474847142	420	0.781	0.019	0.0714	
474849571	474849952	381	0.8793	0.0157	0.0026	
474903632	474904089	457	0.8031	0.0372	0.035	
474908353	474909410	1057	0.9376	0.0218	0.0076	
474984770	474985029	259	0.861	0.0386	0.0193	
475118282	475118819	537	0.9236	0.0149	0.0074	
475856594	475857064	470	0.8191	0.0319	0.0362	
475983153	475983645	492	0.7805	0.0711	0.0528	
476001969	476002655	686	0.6516	0.1035	0.1764	
476028610	476029897	1287	0.4211	0.1127	0.3838	
477792305	477792945	640	0.3375	0.4578	0.1547	
479112676	479113491	815	0.508	0.1141	0.2785	
479363889	479364341	452	0.6681	0.0465	0.1792	
479521264	479521780	516	0.6977	0.0543	0.1744	
480566760	480567180	420	0.7143	0.0071	0.1571	
481879094	481880562	1468	0.502	0.2772	0.1601	
481899127	481899997	870	0.3057	0.423	0.2368	
482351491	482351756	265	0.7887	0.034	0.1019	
482494438	482495206	768	0.444	0.0677	0.4336	
482720550	482720912	362	0.4365	0.3978	0.105	
49534673	49535273	600	0.58	0.205	0.12	
49677426	49677685	259	0.8456	0.027	0.0579	
49717934	49718187	253	0.8814	0.0395	0.0079	
49729168	49729862	694	0.8314	0.0274	0.0634	
49752252	49752793	541	0.8872	0.0037	0.0148	
49818016	49818754	738	0.8035	0.0407	0.0759	
49832781	49833087	306	0.8431	0.0523	0.0261	
49849586	49850167	581	0.8296	0.0155	0.0706	
49890103	49890320	217	0.8065	0.0876	0.0369	
51079957	51080525	568	0.5511	0.2764	0.1039	
5127930	5128183	253	0.8656	0.0	0.0632	
51364880	51365504	624	0.6378	0.0897	0.1875	
51393489	51394647	1158	0.2772	0.4344	0.2453	
51398727	51399527	800	0.82	0.025	0.025	
51456302	51456541	239	0.8536	0.0293	0.0377	
51544713	51545028	315	0.854	0.0222	0.0508	
53447798	53448036	238	0.9202	0.0	0.0042	
5407590	5407986	396	0.8939	0.0253	0.0025	
54816345	54816689	344	0.8721	0.0029	0.0407	
55338697	55339338	641	0.5413	0.1404	0.2496	
55387990	55388339	349	0.8223	0.0688	0.0201	
55467613	55467959	346	0.685	0.0145	0.2486	
55591200	55592271	1071	0.4939	0.2642	0.1886	
57078327	57078546	219	0.9041	0.0274	0.0046	
57213510	57214203	693	0.8196	0.0693	0.0188	
57578478	57578794	316	0.8196	0.0127	0.0696	
57579254	57580253	999	0.5796	0.2422	0.1071	
57583329	57584308	979	0.8846	0.0174	0.0143	
57585877	57586705	828	0.8901	0.006	0.0217	
58580008	58580420	412	0.767	0.1044	0.0607	
58634794	58635575	781	0.8297	0.0691	0.0128	
58688221	58688485	264	0.8712	0.0303	0.0114	
59375186	59375754	568	0.8239	0.0246	0.0599	
59403953	59404582	629	0.9173	0.0079	0.0127	
59614535	59615277	742	0.876	0.0216	0.0202	
59691604	59691990	386	0.9249	0.0026	0.013	
59914842	59915208	366	0.8634	0.0137	0.0	
60099195	60099798	603	0.8491	0.0481	0.0182	
60201837	60202084	247	0.8583	0.0	0.0567	
60480866	60481415	549	0.6612	0.1202	0.1129	
60500366	60501325	959	0.5255	0.2492	0.1543	
60531321	60532292	971	0.4428	0.1885	0.3316	
62022214	62023245	1031	0.7886	0.0359	0.0863	
62069939	62070309	370	0.6432	0.0568	0.1946	
63556366	63557378	1012	0.3696	0.1245	0.4457	
63568224	63569443	1219	0.3413	0.1723	0.434	
64517829	64518717	888	0.6002	0.1025	0.1858	
65595557	65596373	816	0.7745	0.0306	0.1348	
65597255	65598646	1391	0.6743	0.0791	0.1783	
65603621	65604798	1177	0.5616	0.2328	0.158	
68498529	68499361	832	0.8618	0.0132	0.0325	
68579810	68580332	522	0.7299	0.1513	0.0307	
68586444	68589145	2701	0.7771	0.0748	0.0892	
68630069	68631323	1254	0.8732	0.0088	0.051	
68666302	68666988	686	0.6341	0.1079	0.1851	
68884219	68885126	907	0.4553	0.086	0.3528	
71086492	71087314	822	0.646	0.0438	0.2579	
7247985	7248219	234	0.9744	0.0	0.0	
73101958	73102488	530	0.2396	0.0698	0.6491	
75135835	75136797	962	0.7287	0.1029	0.1164	
75338549	75339160	611	0.82	0.0065	0.0638	
77178791	77179683	892	0.5874	0.1043	0.2175	
77179888	77180451	563	0.7531	0.0782	0.0924	
7784544	7786002	1458	0.5974	0.1125	0.1941	
79420026	79420570	544	0.8603	0.0165	0.0423	
79630184	79630684	500	0.54	0.152	0.162	
80373811	80374167	356	0.4017	0.1517	0.3961	
80706428	80706703	275	0.8582	0.0618	0.0073	
81819833	81821476	1643	0.2885	0.549	0.1424	
86224999	86225640	641	0.571	0.1342	0.2293	
86262442	86263028	586	0.756	0.058	0.0392	
86397341	86398037	696	0.3836	0.3549	0.2385	
86920739	86921226	487	0.4641	0.0554	0.4476	
87115617	87115992	375	0.464	0.2373	0.24	
87133472	87133753	281	0.8185	0.032	0.0605	
88207391	88207623	232	0.9009	0.0388	0.0216	
88538701	88541099	2398	0.5133	0.118	0.2781	
89091334	89091626	292	0.8425	0.0377	0.0377	
89100921	89101120	199	0.9598	0.0	0.0251	
89173933	89176159	2226	0.2965	0.0606	0.5858	
89871196	89871429	233	0.9056	0.0043	0.0386	
90627714	90628188	474	0.9051	0.0	0.019	
90673371	90673687	316	0.7405	0.0348	0.0665	
91568285	91568623	338	0.8728	0.0355	0.0089	
9181645	9182542	897	0.6912	0.0613	0.1449	
91950310	91950776	466	0.809	0.03	0.0236	
92134802	92135136	334	0.7725	0.0778	0.003	
92355697	92355927	230	0.8696	0.0348	0.0	
9267041	9268994	1953	0.4619	0.3794	0.1014	
92734821	92735775	954	0.2191	0.5535	0.1771	
92828044	92828575	531	0.5047	0.0753	0.2994	
93125808	93126388	580	0.8155	0.0172	0.081	
93143930	93144505	575	0.487	0.0191	0.4383	
93150429	93151367	938	0.4275	0.323	0.1983	
93164711	93165752	1041	0.4899	0.1134	0.3045	
93266591	93267108	517	0.5222	0.383	0.0309	
93609083	93610208	1125	0.5804	0.1724	0.1289	
93990251	93991083	832	0.756	0.0048	0.0793	
94461188	94461589	401	0.7257	0.1322	0.0673	
94534002	94534979	977	0.5363	0.0716	0.2753	
95163255	95163534	279	0.8459	0.0179	0.043	
9518559	9519121	562	0.5765	0.0036	0.331	
95186190	95186547	357	0.8683	0.0224	0.0112	
95609930	95610222	292	0.976	0.0	0.0	
95704085	95705339	1254	0.7281	0.1093	0.051	
95771410	95771863	453	0.8786	0.0132	0.0265	
95814050	95814509	459	0.8453	0.0065	0.037	
95818889	95819528	639	0.6698	0.0595	0.1706	
95823582	95825018	1436	0.6748	0.0501	0.2068	
95829626	95830351	725	0.4331	0.2717	0.171	
95854166	95854442	276	0.8116	0.0362	0.0181	
95875006	95876792	1786	0.5342	0.056	0.3606	
96061715	96062469	754	0.5849	0.187	0.1751	
96265695	96266320	625	0.8	0.0256	0.0592	
96464049	96465220	1171	0.3296	0.4372	0.1768	
96503137	96503687	550	0.76	0.0055	0.1509	
97561882	97562269	387	0.8424	0.0026	0.0879	
97839768	97839943	175	0.9314	0.0057	0.0	
98476734	98476965	231	0.8225	0.0	0.1299	
98878079	98878949	870	0.6287	0.0161	0.3046	
99705952	99706480	528	0.7557	0.1629	0.0246	
99712807	99713312	505	0.9624	0.0059	0.0	
99780354	99780853	499	0.507	0.3647	0.0601	
