start	end	length	IDY	missing1	missing2	
5997871	5998101	230	0.6783	0.313	0.0	
12338115	12338309	194	0.9794	0.0	0.0	
16313915	16314160	245	0.8245	0.0694	0.0041	
46174427	46174695	268	0.8582	0.0075	0.0	
49785949	49786424	475	0.0	1.0	0.0	
56373024	56373910	886	0.4187	0.237	0.2799	
57574150	57574399	249	0.8956	0.0	0.004	
59206694	59206978	284	0.9225	0.0035	0.0	
59235853	59238415	2562	0.5574	0.1362	0.2201	
59249730	59250799	1069	0.5706	0.0627	0.2937	
59271823	59272310	487	0.8624	0.0329	0.0513	
59273274	59273608	334	0.9641	0.0	0.0	
59281070	59281382	312	0.8077	0.0353	0.0641	
59297351	59299102	1751	0.9069	0.0188	0.016	
59302202	59302831	629	0.3768	0.0143	0.5771	
59305779	59306236	457	0.7659	0.07	0.035	
59306718	59307194	476	0.7878	0.0462	0.0672	
59308425	59308600	175	0.9086	0.04	0.0	
59315415	59315576	161	0.8199	0.0186	0.0124	
59317461	59318333	872	0.8796	0.0046	0.0321	
59327051	59327475	424	0.9057	0.0118	0.0236	
59327680	59328703	1023	0.6813	0.0235	0.2053	
59329223	59329516	293	0.8157	0.058	0.0068	
59339219	59339509	290	0.9552	0.0345	0.0034	
59348092	59348768	676	0.8891	0.0	0.0414	
59349956	59350478	522	0.9349	0.0096	0.0	
59352336	59353053	717	0.8117	0.0432	0.0516	
59353263	59353610	347	0.7723	0.0259	0.1354	
59358979	59359256	277	0.8773	0.0144	0.0361	
59359650	59360128	478	0.3703	0.023	0.5795	
59360538	59360854	316	0.9589	0.0	0.0	
59361215	59362437	1222	0.743	0.072	0.1187	
59366020	59366897	877	0.4036	0.0958	0.4698	
59367356	59367974	618	0.6359	0.0955	0.1521	
59371250	59371661	411	0.9221	0.0268	0.0024	
59373317	59373568	251	0.8884	0.0398	0.0	
59378495	59378789	294	0.8571	0.1224	0.0	
59382742	59383561	819	0.8486	0.033	0.0623	
59384096	59384257	161	0.9689	0.0	0.0	
59386292	59386769	477	0.8449	0.0	0.044	
59389448	59389958	510	0.7882	0.102	0.0412	
59390417	59391667	1250	0.6456	0.084	0.1512	
59396681	59396957	276	0.9348	0.0036	0.0072	
59399333	59399710	377	0.9098	0.0212	0.0027	
59400153	59400324	171	0.8772	0.0058	0.0175	
59401478	59402396	918	0.8453	0.0261	0.0501	
59403956	59404614	658	0.9149	0.0076	0.0137	
59407239	59408676	1437	0.8135	0.0466	0.071	
59408772	59409061	289	0.9204	0.0	0.0173	
59409490	59409703	213	0.9296	0.0	0.0423	
59418998	59419254	256	0.8828	0.0	0.0352	
59426519	59426891	372	0.9005	0.0108	0.0242	
60239521	60239760	239	0.8996	0.0418	0.0126	
63880925	63881122	197	0.0	1.0	0.0	
67955252	67955451	199	0.6332	0.1055	0.2111	
86255475	86255982	507	0.7396	0.0651	0.0631	
88752076	88753314	1238	0.3199	0.0275	0.5654	
91341457	91342379	922	0.4013	0.1095	0.397	
91360136	91360949	813	0.3862	0.1107	0.4453	
96560116	96560269	153	0.8105	0.0719	0.0131	
98397406	98397760	354	0.9322	0.0198	0.0056	
107966795	107967097	302	0.9503	0.0	0.0	
112957046	112957758	712	0.7865	0.052	0.0688	
112958088	112958537	449	0.8374	0.0713	0.0379	
115204507	115204696	189	0.9788	0.0	0.0	
115336205	115336370	165	0.9091	0.0	0.0121	
115754795	115754972	177	0.9887	0.0	0.0	
119694353	119694627	274	0.7409	0.1752	0.0	
120761630	120762583	953	0.468	0.1931	0.2634	
139771737	139772058	321	0.8879	0.0156	0.0156	
140785421	140786108	687	0.4527	0.1397	0.3013	
144794337	144794698	361	0.7064	0.1801	0.0471	
148536205	148536351	146	0.9589	0.0	0.0	
152690822	152691137	315	0.746	0.0984	0.0952	
157934039	157935015	976	0.3566	0.2213	0.3832	
159897081	159898003	922	0.3774	0.0987	0.474	
163486676	163486971	295	0.7492	0.0034	0.1119	
163561158	163561468	310	0.7194	0.0387	0.0226	
167161164	167161424	260	0.9154	0.0231	0.0038	
173058473	173058979	506	0.5435	0.0791	0.3123	
176307781	176308822	1041	0.8569	0.0086	0.0682	
181584956	181585556	600	0.4667	0.1883	0.2667	
193247191	193247509	318	0.7673	0.0503	0.0723	
200902531	200902736	205	0.922	0.0	0.0	
201923226	201923429	203	0.67	0.0493	0.2069	
210269844	210270316	472	0.8305	0.0169	0.0106	
210825533	210825765	232	0.8319	0.0474	0.0086	
212401572	212401945	373	0.748	0.1635	0.0322	
227733574	227734278	704	0.2955	0.142	0.5043	
232659708	232660502	794	0.3451	0.1763	0.4131	
232738868	232740093	1225	0.2531	0.1176	0.6008	
237155254	237155723	469	0.5714	0.0576	0.29	
248786474	248787206	732	0.4167	0.5164	0.0137	
250597731	250599196	1465	0.3085	0.1618	0.4833	
253437406	253437644	238	0.8109	0.0336	0.0462	
258108062	258108941	879	0.4699	0.041	0.4403	
258940002	258940252	250	0.0	1.0	0.0	
271551898	271552457	559	0.3846	0.1699	0.3596	
272311323	272312696	1373	0.6278	0.075	0.1865	
276352690	276353173	483	0.7184	0.0455	0.1739	
277196821	277197204	383	0.9452	0.0052	0.0078	
278771903	278772176	273	0.8828	0.0476	0.0037	
285257040	285258029	989	0.5349	0.1193	0.2791	
286235150	286235362	212	0.8113	0.1415	0.0047	
297073580	297073798	218	0.9312	0.0046	0.0092	
297750990	297751211	221	0.9502	0.009	0.0045	
298096104	298096786	682	0.9062	0.0103	0.0059	
300662097	300662355	258	0.8953	0.0039	0.0543	
306411624	306412674	1050	0.2305	0.2019	0.541	
311157385	311157667	282	0.8865	0.0	0.0248	
316859169	316860447	1278	0.6315	0.0149	0.2895	
320056025	320057849	1824	0.1924	0.0378	0.716	
326090164	326090443	279	0.8638	0.0	0.0179	
340244372	340244990	618	0.3754	0.0874	0.4887	
344896470	344897498	1028	0.6819	0.0759	0.0885	
347264168	347264646	478	0.8431	0.0042	0.0795	
348272067	348272258	191	0.9215	0.0366	0.0105	
351081329	351082034	705	0.4411	0.027	0.4681	
367010448	367011483	1035	0.3449	0.1749	0.4396	
383214203	383214543	340	0.7853	0.1235	0.0029	
384624405	384625316	911	0.8299	0.0296	0.0296	
386899091	386899313	222	0.8829	0.0766	0.0	
392470435	392471105	670	0.6582	0.1881	0.0597	
399523101	399523614	513	0.7622	0.0136	0.1189	
399969497	399969797	300	0.83	0.0867	0.0067	
403263034	403264485	1451	0.5003	0.144	0.2612	
412546675	412547060	385	0.0	1.0	0.0	
416387301	416388237	936	0.3868	0.1667	0.3729	
432229505	432230095	590	0.2915	0.2373	0.4339	
433618702	433620724	2022	0.3956	0.087	0.453	
437343132	437343797	665	0.6346	0.1624	0.1218	
445840455	445840609	154	0.9545	0.0	0.0065	
447174912	447175118	206	0.9806	0.0	0.0097	
448532637	448532901	264	0.9205	0.0	0.0114	
453601016	453601212	196	0.898	0.0102	0.0204	
