start	end	length	IDY	missing1	missing2	
375184758	375185709	951	0.5994	0.123	0.1809	
98936289	98936506	217	0.0	0.0	1.0	
3734645	3735594	949	0.7819	0.0242	0.0969	
4338695	4338888	193	0.9067	0.0	0.0	
4568437	4568776	339	0.9027	0.0059	0.0206	
4978217	4978422	205	0.8098	0.0293	0.0098	
4979496	4979819	323	0.8452	0.0124	0.0557	
5953019	5954256	1237	0.4244	0.1277	0.3605	
5960021	5960349	328	0.439	0.0549	0.439	
6070275	6070666	391	0.7315	0.156	0.0332	
8500733	8501441	708	0.339	0.3305	0.3037	
104447232	104447429	197	0.8173	0.0254	0.0203	
104737540	104737969	429	0.6876	0.0023	0.2331	
104840762	104841380	618	0.6133	0.0065	0.2427	
104889026	104889355	329	0.8571	0.0	0.0486	
104977882	104978923	1041	0.3987	0.3372	0.2181	
104998866	104999225	359	0.7465	0.0641	0.1365	
199633173	199635283	2110	0.2706	0.3308	0.3559	
14082167	14082847	680	0.9088	0.0294	0.0132	
15367805	15368078	273	0.5458	0.0696	0.326	
16100578	16100994	416	0.8558	0.012	0.0553	
17675791	17677053	1262	0.3106	0.397	0.2488	
113538230	113540858	2628	0.1024	0.8451	0.043	
113604472	113604712	240	0.8208	0.0125	0.05	
205800446	205801231	785	0.386	0.3108	0.2624	
18814324	18814887	563	0.2984	0.5364	0.1083	
21627067	21627280	213	0.7934	0.0	0.0798	
23277129	23277317	188	0.9043	0.0106	0.0053	
23530437	23530710	273	0.9377	0.0073	0.0037	
23553533	23555443	1910	0.666	0.1822	0.0864	
23588911	23589727	816	0.4056	0.1838	0.3652	
23607549	23607909	360	0.9083	0.0056	0.0083	
120240568	120241130	562	0.484	0.395	0.0623	
24772051	24772319	268	0.8881	0.0	0.0373	
24942459	24943815	1356	0.337	0.5229	0.0605	
24952895	24953548	653	0.2986	0.0199	0.6462	
25497043	25497633	590	0.2847	0.5932	0.1102	
26705744	26706759	1015	0.5665	0.0995	0.2581	
29663834	29664029	195	0.8462	0.0051	0.0154	
33633765	33637512	3747	0.0785	0.9034	0.0088	
33939604	33939826	222	0.9054	0.018	0.009	
33945163	33945373	210	0.7429	0.0857	0.0476	
35028721	35029097	376	0.6383	0.0053	0.2713	
35080031	35080466	435	0.5563	0.0046	0.3839	
35290370	35290762	392	0.3495	0.0	0.602	
223062572	223063106	534	0.5131	0.1948	0.2041	
38623248	38623851	603	0.4561	0.0299	0.4245	
136017051	136017391	340	0.0	0.0	1.0	
40336164	40336698	534	0.3315	0.0993	0.515	
139096457	139097179	722	0.6593	0.0235	0.2438	
139254947	139255181	234	0.0	0.0	1.0	
139524720	139527618	2898	0.1018	0.7681	0.109	
139579080	139579355	275	0.5273	0.0727	0.28	
139606854	139607689	835	0.6623	0.079	0.0994	
139790917	139791316	399	0.6115	0.0952	0.2356	
44991624	44992393	769	0.3589	0.2172	0.3758	
326098996	326099393	397	0.6045	0.1184	0.1814	
145908527	145909024	497	0.6579	0.0121	0.2636	
146772977	146773610	633	0.7583	0.0142	0.1232	
146837933	146838201	268	0.9179	0.0187	0.0	
147013413	147013595	182	0.8736	0.0165	0.0275	
53519651	53520129	478	0.4895	0.1255	0.3117	
54285152	54291342	6190	0.525	0.0981	0.2955	
55532410	55534667	2257	0.1608	0.7319	0.0961	
57584752	57584921	169	0.9645	0.0	0.0	
57591245	57591537	292	0.8219	0.0034	0.0959	
151828057	151828309	252	0.8651	0.0	0.0357	
243164628	243164950	322	0.4689	0.0062	0.4596	
152086301	152086832	531	0.5009	0.0207	0.4068	
243611867	243612312	445	0.6404	0.0899	0.036	
59481250	59481985	735	0.5347	0.2871	0.0898	
152847161	152847616	455	0.5011	0.1582	0.2769	
59566477	59566875	398	0.6533	0.2161	0.0251	
59977010	59977394	384	0.6615	0.0807	0.1901	
155337184	155337717	533	0.531	0.1013	0.2627	
64949091	64949391	300	0.8333	0.0067	0.03	
157788153	157788988	835	0.6419	0.2563	0.018	
66916177	66917148	971	0.3471	0.2008	0.4037	
159700728	159701138	410	0.0	0.0	1.0	
67799705	67801356	1651	0.338	0.3592	0.2362	
67850346	67851096	750	0.1933	0.532	0.2467	
347565653	347566241	588	0.3197	0.2211	0.4218	
163113059	163113392	333	0.1892	0.0	0.7808	
70227983	70228517	534	0.3052	0.5543	0.0861	
70229288	70229815	527	0.0	0.0	1.0	
70524236	70525251	1015	0.3813	0.2906	0.2995	
70556236	70556846	610	0.5164	0.3902	0.0607	
70557867	70558134	267	0.8914	0.0337	0.015	
70891331	70891819	488	0.4365	0.2131	0.2869	
72488068	72488486	418	0.9067	0.0	0.0072	
166943780	166944318	538	0.4963	0.0093	0.4387	
75480219	75480555	336	0.5268	0.247	0.1845	
75670130	75670754	624	0.2981	0.2724	0.4022	
76664910	76665159	249	0.8313	0.0161	0.1044	
355322360	355322724	364	0.9505	0.0	0.0	
78362895	78363333	438	0.7831	0.105	0.0525	
78590684	78590937	253	0.5455	0.0119	0.3992	
80656772	80657018	246	0.8659	0.0163	0.0122	
83118526	83119414	888	0.4144	0.2883	0.1914	
267568406	267569512	1106	0.0	0.0	1.0	
86561398	86561633	235	0.8553	0.0298	0.0596	
86564772	86566965	2193	0.4642	0.1769	0.2927	
87422276	87431988	9712	0.3271	0.1872	0.4318	
87472427	87473152	725	0.6745	0.1159	0.0717	
89114747	89116815	2068	0.4608	0.2113	0.2442	
89124793	89125140	347	0.9164	0.0115	0.0403	
89582787	89583258	471	0.9469	0.0191	0.0	
181582095	181582395	300	0.89	0.0033	0.0333	
92119537	92120072	535	0.8486	0.0336	0.0037	
94297916	94298418	502	0.3984	0.1414	0.4024	
96037607	96038157	550	0.7473	0.0455	0.1255	
97611918	97612075	157	0.7962	0.0127	0.121	
97900921	97901376	455	0.0	0.0	1.0	
190751353	190752105	752	0.2234	0.5944	0.1449	
98890226	98891370	1144	0.3374	0.0367	0.5918	
98918086	98918651	565	0.7823	0.0142	0.0566	
99007698	99008103	405	0.0	0.0	1.0	
100539038	100539646	608	0.597	0.1283	0.1612	
192537713	192538151	438	0.5479	0.1324	0.1804	
101255778	101256138	360	0.2639	0.2083	0.4889	
282752126	282752520	394	0.6954	0.1168	0.0533	
284706034	284707608	1574	0.2382	0.4187	0.3037	
104884519	104885408	889	0.3195	0.5332	0.0934	
384818944	384819721	777	0.6126	0.0875	0.2124	
289567510	289568222	712	0.4916	0.375	0.0871	
107969986	107970911	925	0.5784	0.1362	0.1719	
291322569	291322764	195	0.9282	0.0	0.0103	
291324695	291324906	211	0.9336	0.0	0.0095	
202517929	202518718	789	0.6958	0.071	0.1077	
112030741	112031036	295	0.5966	0.0542	0.2373	
292936399	292936808	409	0.5208	0.0538	0.3399	
112372952	112373836	884	0.6867	0.0962	0.121	
390323121	390324266	1145	0.648	0.1397	0.1319	
112781029	112781199	170	0.0	0.0	1.0	
112860367	112860753	386	0.7098	0.0	0.1865	
206145883	206146173	290	0.9414	0.0034	0.0	
114618751	114619301	550	0.7691	0.0345	0.0873	
207821203	207821374	171	0.8713	0.0351	0.0175	
116456312	116456524	212	0.9528	0.0	0.0094	
116613588	116614020	432	0.787	0.0394	0.0486	
297416194	297416745	551	0.5717	0.1361	0.2069	
393665114	393665776	662	0.2915	0.5831	0.0982	
116813817	116814201	384	0.8984	0.0	0.0078	
117452830	117453227	397	0.6373	0.136	0.1688	
117550704	117550875	171	0.0	0.0	1.0	
209988718	209989705	987	0.3333	0.2614	0.3425	
299812718	299812880	162	0.8951	0.0	0.0185	
119919974	119920444	470	0.6021	0.1319	0.1723	
120920755	120921207	452	0.6637	0.0265	0.2478	
121321899	121322258	359	0.7772	0.0167	0.1393	
212774387	212775130	743	0.3849	0.3338	0.2194	
152607464	152607978	514	0.1381	0.2218	0.6148	
401480185	401480461	276	0.8514	0.0181	0.0326	
126545720	126546238	518	0.7104	0.0347	0.1255	
217445673	217446360	687	0.2096	0.722	0.0568	
132136399	132136876	477	0.6751	0.1803	0.0545	
132485705	132485942	237	0.8017	0.0127	0.0633	
132624189	132624979	790	0.4152	0.2785	0.2595	
223173129	223173594	465	0.671	0.1806	0.0989	
223913289	223913685	396	0.7146	0.0152	0.2045	
409469549	409469830	281	0.9253	0.0107	0.0142	
317575541	317576575	1034	0.3549	0.3472	0.2408	
166800208	166800478	270	0.0	0.0	1.0	
258296820	258297253	433	0.9145	0.0069	0.0208	
136954795	136955017	222	0.7973	0.1036	0.009	
226785063	226786125	1062	0.2213	0.4915	0.2618	
139078913	139079603	690	0.3246	0.5203	0.1246	
139343180	139343592	412	0.8617	0.0413	0.0097	
140354778	140355293	515	0.5417	0.2621	0.1417	
230659510	230660027	517	0.2089	0.0503	0.6673	
172255123	172255665	542	0.4742	0.0203	0.4391	
142346100	142347305	1205	0.4921	0.2822	0.1394	
233321275	233321653	378	0.9392	0.0	0.0079	
143974045	143976866	2821	0.4077	0.2428	0.2769	
143987013	143988508	1495	0.1217	0.487	0.3672	
144845047	144845413	366	0.4945	0.0546	0.4044	
235184114	235184430	316	0.8639	0.019	0.0316	
174890029	174890687	658	0.4909	0.1489	0.2766	
175419440	175419826	386	0.5285	0.1632	0.2409	
331065062	331065564	502	0.0	0.0	1.0	
331546761	331547077	316	0.7342	0.0158	0.1456	
146810860	146811816	956	0.386	0.3473	0.2343	
146857195	146857407	212	0.9151	0.0283	0.0142	
146914973	146915442	469	0.7271	0.0682	0.1023	
177942691	177943139	448	0.5112	0.2545	0.1786	
239081258	239081680	422	0.3175	0.0308	0.6185	
148915390	148916119	729	0.4348	0.1427	0.3759	
150661097	150661455	358	0.3408	0.5251	0.0587	
242019633	242019884	251	0.7649	0.1076	0.0518	
151377681	151377928	247	0.6599	0.0	0.2834	
339235446	339236431	985	0.3168	0.3513	0.3025	
152721555	152721892	337	0.724	0.1217	0.0415	
153851837	153852115	278	0.946	0.0072	0.0	
343572746	343573317	571	0.7933	0.0718	0.0438	
156776420	156776734	314	0.9076	0.0127	0.0064	
279095816	279096053	237	0.8692	0.0591	0.0084	
157744135	157744517	382	0.6466	0.0654	0.1937	
158008307	158010033	1726	0.2161	0.5562	0.1842	
346983997	346984576	579	0.4387	0.0138	0.4991	
348249055	348249294	239	0.7741	0.0628	0.0167	
253792224	253792502	278	0.9317	0.0036	0.0	
253793035	253794807	1772	0.2077	0.4306	0.3284	
348813435	348815645	2210	0.3738	0.224	0.3276	
164114646	164114886	240	0.4958	0.0	0.4292	
350786596	350786856	260	0.0	0.0	1.0	
166531816	166532609	793	0.0	0.0	1.0	
258148640	258149149	509	0.8153	0.0255	0.0236	
167313639	167314109	470	0.7404	0.1723	0.017	
167975762	167976412	650	0.3615	0.2538	0.3385	
259904693	259905344	651	0.4916	0.2734	0.1997	
171292933	171293718	785	0.5796	0.2484	0.0866	
263375257	263375759	502	0.7649	0.0159	0.1255	
263622277	263622544	267	0.6255	0.2584	0.0487	
358194202	358194366	164	0.9024	0.0122	0.0	
172866644	172866954	310	0.7419	0.0419	0.1516	
174860792	174861507	715	0.5594	0.0853	0.2294	
174891933	174892448	515	0.3883	0.0447	0.5359	
266223320	266223744	424	0.5047	0.0189	0.4222	
175418067	175418325	258	0.6279	0.0233	0.2984	
266777471	266777758	287	0.8467	0.0	0.0662	
267135088	267135567	479	0.7307	0.023	0.1545	
176690457	176690765	308	0.8019	0.026	0.0357	
207245583	207246218	635	0.0488	0.1402	0.8031	
176973522	176974147	625	0.616	0.008	0.2912	
267991148	267991742	594	0.4731	0.0387	0.4512	
268090178	268090590	412	0.0	0.0	1.0	
268712148	268712496	348	0.0	0.0	1.0	
180147574	180147795	221	0.8326	0.0543	0.0045	
299806765	299807568	803	0.5293	0.0785	0.2914	
366186895	366187252	357	0.7059	0.0644	0.1653	
270719667	270719848	181	0.9448	0.0	0.011	
182525804	182526942	1138	0.1318	0.4938	0.2882	
184704900	184705080	180	0.8778	0.0167	0.0	
275757170	275758100	930	0.2978	0.3237	0.3462	
277035116	277035589	473	0.9641	0.0021	0.0106	
188338454	188338757	303	0.934	0.0033	0.0066	
189396970	189397566	596	0.3456	0.2869	0.3574	
190750107	190750632	525	0.3905	0.2133	0.3676	
192351732	192352041	309	0.8511	0.0421	0.0	
192520992	192522679	1687	0.2057	0.4908	0.2507	
282735187	282735506	319	0.8464	0.0251	0.0752	
282791802	282792123	321	0.8474	0.0312	0.0218	
193966887	193967147	260	0.8308	0.0192	0.0154	
283266352	283267024	672	0.5759	0.0729	0.2515	
283270219	283270594	375	0.8853	0.0027	0.0133	
283270978	283271856	878	0.3098	0.5137	0.1196	
283277014	283282090	5076	0.037	0.9511	0.0087	
283311966	283312488	522	0.4023	0.341	0.1686	
283331890	283332588	698	0.4799	0.0487	0.3696	
283343736	283344222	486	0.4815	0.0473	0.4218	
283448930	283449744	814	0.6978	0.0995	0.129	
283461589	283461838	249	0.8996	0.008	0.0201	
283495250	283495514	264	0.8333	0.0	0.0265	
283740102	283740660	558	0.509	0.0627	0.3656	
283996326	283996621	295	0.1966	0.1288	0.6407	
382148088	382148550	462	0.539	0.013	0.4091	
316554428	316554917	489	0.7751	0.0245	0.0982	
474518368	474518617	249	0.0	0.0	1.0	
383480987	383481320	333	0.8408	0.021	0.039	
197681189	197681370	181	0.8785	0.0055	0.0166	
287652614	287653120	506	0.3281	0.1126	0.5257	
200842021	200842445	424	0.0	0.0	1.0	
201200536	201200833	297	0.6599	0.1414	0.0909	
356361792	356362391	599	0.6077	0.1503	0.1269	
231378207	231378874	667	0.2954	0.3148	0.3673	
293019610	293019923	313	0.7572	0.0096	0.1725	
293092727	293092909	182	0.9011	0.0165	0.0055	
390192679	390193510	831	0.3995	0.3742	0.1781	
205645402	205645802	400	0.47	0.2475	0.215	
295410507	295410879	372	0.6263	0.1398	0.1344	
267276967	267278259	1292	0.5054	0.0789	0.3452	
451190349	451190747	398	0.6784	0.0	0.2563	
208534078	208534496	418	0.8158	0.0885	0.0072	
394527083	394527342	259	0.8687	0.027	0.0	
396205330	396205582	252	0.9008	0.0198	0.004	
241887253	241887658	405	0.7259	0.0173	0.1827	
398191117	398191351	234	0.8803	0.0043	0.0128	
213037883	213038071	188	0.9043	0.0	0.0213	
304934184	304934442	258	0.8023	0.0039	0.0504	
305201108	305201298	190	0.9105	0.0105	0.0	
306093724	306097944	4220	0.0488	0.7801	0.1666	
215430586	215431034	448	0.3683	0.125	0.4375	
307537625	307537933	308	0.8571	0.0162	0.0617	
402763659	402765278	1619	0.2007	0.727	0.0611	
310763460	310763762	302	0.6391	0.1192	0.1821	
316354072	316354815	743	0.5424	0.1642	0.183	
316397239	316398299	1060	0.2934	0.15	0.5189	
316398674	316399428	754	0.3462	0.4085	0.1711	
257046692	257047223	531	0.6836	0.0414	0.1751	
257249604	257249874	270	0.7111	0.0407	0.1185	
316807772	316809360	1588	0.5094	0.0239	0.3923	
317762304	317762881	577	0.5165	0.0156	0.3761	
225824835	225827200	2365	0.1044	0.8089	0.0529	
227713380	227716359	2979	0.0235	0.9074	0.0665	
444030501	444030717	216	0.8194	0.0463	0.0324	
482593377	482593884	507	0.4221	0.0848	0.432	
262952483	262953168	685	0.562	0.127	0.2058	
263076443	263076640	197	0.9036	0.0	0.0	
416675559	416675782	223	0.9641	0.0	0.0	
326898809	326901526	2717	0.1292	0.7486	0.0975	
339256987	339257397	410	0.5829	0.0634	0.2659	
265844786	265844989	203	0.8571	0.0049	0.069	
266771572	266773202	1630	0.2123	0.5834	0.1656	
361606260	361606545	285	0.8281	0.014	0.0842	
236772420	236773090	670	0.0463	0.2612	0.6806	
296933930	296934259	329	0.6869	0.1641	0.1033	
268488081	268488643	562	0.8025	0.0534	0.0356	
270748872	270749189	317	0.8864	0.0	0.0315	
241255721	241256609	888	0.3559	0.3547	0.2354	
425537861	425538367	506	0.6462	0.0534	0.2372	
272267020	272267233	213	0.7981	0.0	0.061	
426340867	426341097	230	0.9609	0.0	0.0	
368515563	368515866	303	0.8713	0.0	0.0495	
273622446	273622966	520	0.9077	0.0019	0.025	
340692905	340693208	303	0.6469	0.1617	0.0693	
274889283	274889470	187	0.0	0.0	1.0	
247389471	247390349	878	0.5433	0.0752	0.2711	
247955940	247956474	534	0.4213	0.2228	0.2828	
434139210	434139765	555	0.3459	0.573	0.0523	
347563594	347564534	940	0.6032	0.0798	0.2457	
282782553	282783733	1180	0.2788	0.0068	0.6856	
348790305	348790627	322	0.6615	0.0932	0.2019	
256046988	256047507	519	0.8362	0.0289	0.0193	
438666467	438666656	189	0.836	0.0423	0.0423	
257136666	257136991	325	0.7662	0.0215	0.0862	
438789888	438790714	826	0.839	0.0363	0.0412	
439210328	439211777	1449	0.3685	0.1877	0.4023	
319501260	319501572	312	0.9006	0.0032	0.0224	
354994731	354995145	414	0.9372	0.0072	0.0	
289827328	289827614	286	0.7483	0.0245	0.1678	
261639372	261639781	409	0.7873	0.1565	0.0147	
387295878	387296223	345	0.9159	0.0029	0.0203	
356408132	356408794	662	0.0	0.0	1.0	
262514531	262515124	593	0.3811	0.2782	0.2917	
262776782	262777398	616	0.4269	0.3555	0.1558	
444942233	444942478	245	0.902	0.0327	0.0041	
416694411	416695078	667	0.3898	0.4813	0.087	
263810703	263811214	511	0.3699	0.0391	0.5538	
390092976	390093183	207	0.9034	0.0097	0.0048	
418450410	418450953	543	0.8766	0.0203	0.0	
360262456	360263271	815	0.3227	0.5583	0.0687	
419693813	419694865	1052	0.3498	0.5551	0.0323	
449701605	449702158	553	0.3309	0.5081	0.1103	
267070962	267071403	441	0.4603	0.1587	0.3039	
268066728	268067041	313	0.7923	0.0032	0.1118	
393314578	393315158	580	0.519	0.0672	0.3621	
268632088	268632370	282	0.5851	0.2199	0.1277	
297916743	297917995	1252	0.5327	0.0631	0.3227	
394375957	394377443	1486	0.6131	0.1258	0.1447	
345940063	345940312	249	0.6707	0.1004	0.2008	
280952336	280953749	1413	0.4324	0.1847	0.2994	
270770122	270770623	501	0.7884	0.014	0.1138	
379931422	379931735	313	0.0	0.0	1.0	
282755314	282755665	351	0.8034	0.0427	0.0826	
282799719	282801540	1821	0.257	0.5942	0.1214	
283143198	283143861	663	0.911	0.0045	0.0106	
457065105	457065478	373	0.4424	0.3485	0.1635	
401765184	401765792	608	0.6809	0.0938	0.148	
373963348	373964370	1022	0.1898	0.636	0.1605	
308778889	308779122	233	0.8069	0.0601	0.0	
344783160	344783609	449	0.7238	0.0557	0.1024	
433784134	433790049	5915	0.1156	0.8774	0.0005	
433869464	433869821	357	0.8571	0.0224	0.0532	
436006817	436008475	1658	0.3402	0.3197	0.2805	
282730220	282730774	554	0.8195	0.0162	0.0433	
282793193	282793659	466	0.7618	0.0	0.1974	
282798193	282798496	303	0.5314	0.0	0.4323	
282812416	282813016	600	0.695	0.0017	0.2383	
437169409	437169766	357	0.6415	0.0	0.2941	
283336110	283336873	763	0.5806	0.0197	0.3159	
283342594	283343074	480	0.9042	0.0333	0.0083	
418533878	418534927	1049	0.7445	0.0867	0.0858	
418623092	418623601	509	0.609	0.1415	0.1906	
284251822	284252433	611	0.982	0.0	0.0	
284322887	284323266	379	0.0	0.0	1.0	
284418415	284418776	361	0.5651	0.1219	0.2548	
381958294	381958554	260	0.7	0.0423	0.1769	
472300621	472302627	2006	0.1486	0.5952	0.2223	
294485511	294486301	790	0.3759	0.3253	0.2253	
401091441	401092395	954	0.8187	0.0419	0.0356	
334300408	334300641	233	0.618	0.0429	0.2403	
411963639	411964496	857	0.2695	0.4971	0.1587	
322348635	322348879	244	0.8279	0.0	0.0164	
394643205	394644317	1112	0.4568	0.1358	0.3687	
323650544	323651131	587	0.0	0.0	1.0	
324833282	324835943	2661	0.1304	0.581	0.2713	
356363067	356363298	231	0.8571	0.0	0.1082	
482329952	482330294	342	0.6082	0.076	0.2632	
291382119	291382830	711	0.3502	0.5415	0.0605	
367797140	367798604	1464	0.4092	0.1906	0.3572	
425969289	425969546	257	0.0	0.0	1.0	
446606861	446607122	261	0.9579	0.0115	0.0	
427910481	427910899	418	0.9067	0.0191	0.0287	
390188412	390188958	546	0.3242	0.1832	0.4469	
418449727	418449912	185	0.8595	0.0	0.0378	
381479904	381480591	687	0.1994	0.2198	0.524	
419774558	419775059	501	0.7365	0.0319	0.1657	
419776450	419776953	503	0.6899	0.1193	0.1233	
431464209	431464606	397	0.7053	0.0025	0.2443	
431622474	431623109	635	0.348	0.1984	0.4	
462584101	462584313	212	0.7453	0.0991	0.0	
423384215	423385045	830	0.3253	0.1771	0.4494	
435401193	435401781	588	0.3316	0.1037	0.5102	
347629072	347629738	666	0.458	0.0676	0.4204	
429489861	429490469	608	0.625	0.1711	0.0872	
469045247	469046869	1622	0.3527	0.0487	0.5573	
313171252	313171686	434	0.0	0.0	1.0	
407501250	407502001	751	0.1917	0.4101	0.3848	
437820490	437821153	663	0.7451	0.0332	0.0814	
399626098	399627301	1203	0.4705	0.3026	0.1721	
305008991	305009311	320	0.8375	0.0	0.075	
341100275	341100787	512	0.4551	0.377	0.0801	
429461550	429462094	544	0.3934	0.0643	0.4577	
438665425	438665628	203	0.9458	0.0049	0.0049	
401100946	401101280	334	0.8413	0.0599	0.006	
306469670	306470192	522	0.3659	0.0153	0.567	
401496931	401497338	407	0.7199	0.0074	0.14	
462747552	462748094	542	0.3616	0.2251	0.3469	
433232405	433233144	739	0.6292	0.1313	0.1313	
345874317	345875192	875	0.4731	0.2823	0.1806	
466237247	466238625	1378	0.1001	0.6945	0.1901	
418765996	418766669	673	0.2927	0.581	0.0862	
464988365	464989415	1050	0.341	0.3114	0.2495	
409841514	409841971	457	0.5339	0.1794	0.2626	
368547704	368548254	550	0.5727	0.0	0.4	
406697093	406698571	1478	0.2639	0.6766	0.0298	
449706638	449707964	1326	0.4857	0.2722	0.1682	
370435563	370436777	1214	0.028	0.1318	0.8328	
399939889	399941179	1290	0.3341	0.4155	0.2023	
429964083	429964313	230	0.8304	0.0304	0.0304	
474842611	474843188	577	0.8354	0.0364	0.0121	
431433342	431434048	706	0.2578	0.7082	0.0142	
384526224	384526504	280	0.3071	0.4071	0.2321	
415840421	415841687	1266	0.1382	0.816	0.0284	
439667655	439667931	276	0.6993	0.0181	0.2391	
361958024	361958586	562	0.7064	0.0249	0.2206	
447945548	447946233	685	0.7956	0.0365	0.0161	
403286474	403287117	643	0.5194	0.1415	0.2255	
436742172	436742396	224	0.8304	0.0714	0.0402	
450314425	450315095	670	0.2701	0.6642	0.0597	
407084803	407084975	172	0.0	0.0	1.0	
371711362	371712079	717	0.2357	0.6597	0.0669	
343700706	343700934	228	0.0	0.0	1.0	
396238978	396239153	175	0.6057	0.0571	0.2743	
411647241	411647667	426	0.77	0.0399	0.115	
2616961	2617392	431	0.7517	0.0812	0.0557	
5121763	5122689	926	0.4892	0.0713	0.3261	
5942274	5942766	492	0.685	0.0752	0.124	
7247060	7247407	347	0.9625	0.0	0.0115	
7717779	7718124	345	0.7913	0.0319	0.1246	
8162147	8163139	992	0.3165	0.5716	0.0907	
9358407	9358989	582	0.5601	0.012	0.3677	
9359407	9359806	399	0.7218	0.0852	0.0777	
9949089	9949519	430	0.6814	0.1698	0.0395	
11162666	11162988	322	0.9068	0.0	0.0435	
11501830	11502214	384	0.8646	0.0313	0.0182	
12367478	12367875	397	0.8892	0.0151	0.0302	
12525733	12526036	303	0.9538	0.0099	0.0	
14974717	14975162	445	0.9303	0.0112	0.018	
14988835	14989981	1146	0.4599	0.3717	0.1117	
16084770	16085787	1017	0.8112	0.0128	0.118	
16099052	16100049	997	0.9077	0.0211	0.0321	
18080661	18080974	313	0.8946	0.0064	0.0032	
18081774	18082219	445	0.5528	0.0539	0.3124	
18510384	18510797	413	0.8184	0.0339	0.046	
21421429	21421816	387	0.9302	0.0052	0.0052	
23098969	23099436	467	0.9829	0.0	0.0	
23208835	23209198	363	0.6942	0.0193	0.1983	
23397331	23397907	576	0.6094	0.1875	0.1545	
23499803	23500098	295	0.8814	0.0	0.0373	
23926419	23927243	824	0.4636	0.3519	0.0947	
25418120	25418474	354	0.8277	0.0367	0.0254	
25570652	25570984	332	0.9367	0.003	0.0	
26724961	26726839	1878	0.3823	0.2881	0.2833	
29673987	29674887	900	0.5811	0.0167	0.3133	
29675648	29676020	372	0.707	0.0161	0.2339	
35044526	35044965	439	0.7677	0.0387	0.1253	
37257592	37258192	600	0.8033	0.0233	0.0617	
51140262	51140719	457	0.8162	0.0241	0.0722	
51515138	51515290	152	0.9605	0.0	0.0132	
55409703	55409887	184	0.9239	0.0326	0.0109	
55535015	55536076	1061	0.6192	0.0236	0.263	
57705742	57706477	735	0.3728	0.4449	0.1279	
58688221	58688485	264	0.8712	0.0303	0.0114	
59565662	59566194	532	0.8759	0.015	0.015	
59591761	59592122	361	0.7978	0.1163	0.0111	
59643087	59643644	557	0.5458	0.14	0.2693	
59686870	59687280	410	0.8585	0.0098	0.0293	
59730714	59731276	562	0.8665	0.0231	0.0285	
59732679	59732954	275	0.7527	0.1673	0.0073	
59790936	59791213	277	0.9783	0.0	0.0	
59892742	59893266	524	0.771	0.1126	0.0363	
61852833	61853281	448	0.6116	0.2188	0.0714	
64883086	64883547	461	0.9436	0.0	0.0043	
67791740	67792405	665	0.7504	0.0271	0.0692	
75188256	75188722	466	0.8176	0.0	0.1416	
78881729	78882032	303	0.9043	0.0066	0.0264	
79854209	79854964	755	0.6278	0.0225	0.2358	
80236026	80236652	626	0.8003	0.0415	0.0879	
80373811	80374167	356	0.4017	0.1517	0.3961	
85440556	85440815	259	0.8263	0.0232	0.0077	
88710904	88711354	450	0.6467	0.1556	0.08	
90606955	90608319	1364	0.4274	0.4391	0.0718	
90626947	90627155	208	0.9423	0.024	0.0048	
91960570	91960844	274	0.8577	0.0036	0.0474	
94043614	94044097	483	0.9565	0.0041	0.0	
99769621	99769800	179	0.8603	0.0	0.0503	
104739756	104739963	207	0.9227	0.029	0.0048	
104943785	104945704	1919	0.5107	0.1537	0.2428	
104990088	104990766	678	0.7537	0.0413	0.1298	
104995219	104995733	514	0.8638	0.037	0.0467	
105002236	105002777	541	0.9187	0.0018	0.0074	
105097554	105097951	397	0.7733	0.1159	0.0403	
105115693	105116164	471	0.7473	0.0531	0.1062	
105123835	105124080	245	0.8898	0.0327	0.0122	
105134018	105134989	971	0.4645	0.2533	0.1905	
107511762	107512242	480	0.8271	0.0083	0.0875	
107514061	107514467	406	0.6724	0.064	0.1946	
107517863	107518348	485	0.7959	0.0124	0.1175	
107735382	107735700	318	0.805	0.0031	0.1101	
110243038	110243436	398	0.907	0.0025	0.0101	
113324887	113325963	1076	0.8736	0.0353	0.026	
113484259	113484778	519	0.7996	0.0212	0.0405	
113704544	113705154	610	0.5984	0.3	0.0328	
116538547	116538806	259	0.7452	0.0309	0.139	
119409647	119410084	437	0.8627	0.0114	0.0297	
123154165	123155285	1120	0.5884	0.1705	0.1625	
132361882	132362080	198	0.9848	0.0051	0.0	
133295858	133296707	849	0.3722	0.2721	0.2568	
134233894	134234383	489	0.9305	0.0123	0.0041	
137008289	137009013	724	0.4006	0.1271	0.4171	
138868101	138868485	384	0.7839	0.013	0.1641	
139608339	139608944	605	0.7934	0.0314	0.0479	
139625139	139625383	244	0.9508	0.0	0.0041	
139816070	139816341	271	0.8044	0.0148	0.1218	
140324512	140324731	219	0.8447	0.0548	0.0046	
141441677	141442056	379	0.8839	0.0132	0.029	
142309392	142310038	646	0.5898	0.1238	0.192	
142353476	142353777	301	0.8804	0.0166	0.01	
142354836	142355134	298	0.8154	0.0302	0.0369	
146738123	146738804	681	0.8767	0.0426	0.0206	
146809722	146810738	1016	0.7589	0.0295	0.1024	
146859775	146860442	667	0.916	0.0195	0.0165	
146867308	146867844	536	0.8451	0.0224	0.0504	
146906251	146906776	525	0.9676	0.0	0.0076	
146921504	146922876	1372	0.7733	0.0736	0.0918	
146932996	146933720	724	0.6602	0.0815	0.1837	
146939416	146940608	1192	0.3876	0.1728	0.3507	
146940847	146941272	425	0.9129	0.0071	0.0165	
146942620	146943217	597	0.675	0.1558	0.1256	
146952631	146953107	476	0.813	0.0441	0.0273	
147002271	147002852	581	0.6885	0.105	0.1274	
147132808	147133446	638	0.4342	0.4608	0.0627	
147179859	147180077	218	0.8853	0.0413	0.0046	
150698967	150699541	574	0.8815	0.0122	0.0244	
151860809	151861832	1023	0.7801	0.0371	0.0704	
151919743	151920310	567	0.4109	0.164	0.3016	
151928713	151928931	218	0.7982	0.0413	0.055	
152734864	152735872	1008	0.6429	0.1806	0.0843	
153667611	153668069	458	0.7096	0.0087	0.2052	
155572773	155573420	647	0.6878	0.0835	0.1638	
157793969	157794343	374	0.8717	0.0481	0.008	
158282801	158283409	608	0.4753	0.449	0.0181	
158306475	158306982	507	0.5089	0.0079	0.4063	
166688013	166688632	619	0.5945	0.1292	0.1906	
168212036	168213038	1002	0.9371	0.016	0.0	
168228642	168229018	376	0.9521	0.008	0.016	
168337068	168338457	1389	0.9215	0.0187	0.013	
168362011	168363718	1707	0.8864	0.0293	0.0217	
168384897	168385439	542	0.8561	0.0129	0.0609	
168401145	168401670	525	0.8248	0.019	0.0419	
168465559	168466337	778	0.7841	0.0656	0.0604	
168625592	168626900	1308	0.9197	0.0191	0.0084	
172768831	172771014	2183	0.1997	0.5781	0.2029	
175346535	175346946	411	0.8224	0.0	0.09	
177992262	177992588	326	0.7853	0.046	0.0368	
181509829	181510254	425	0.4447	0.0071	0.5271	
182615627	182616013	386	0.6839	0.0207	0.1788	
184149238	184149629	391	0.6522	0.1304	0.1253	
184259196	184259704	508	0.6929	0.1181	0.1654	
184702255	184702722	467	0.8201	0.0321	0.0621	
188817923	188818258	335	0.8209	0.0269	0.0299	
188977333	188978106	773	0.7827	0.0285	0.053	
191049744	191050257	513	0.5809	0.1423	0.1365	
191050795	191051018	223	0.9103	0.0135	0.009	
191274393	191274941	548	0.7664	0.0785	0.0547	
192123712	192124064	352	0.7926	0.0398	0.0739	
196269349	196270176	827	0.7267	0.0278	0.185	
197668620	197668884	264	0.7197	0.0606	0.1288	
200187045	200187828	783	0.5964	0.106	0.1916	
202350076	202350393	317	0.8738	0.0126	0.0536	
202610726	202611326	600	0.59	0.3017	0.0183	
204471430	204471751	321	0.7944	0.109	0.0062	
205895137	205895545	408	0.8971	0.0245	0.0098	
205913402	205913806	404	0.9332	0.0099	0.0	
206904811	206905251	440	0.7818	0.0955	0.0523	
207040644	207041052	408	0.8799	0.0417	0.0368	
211681267	211682372	1105	0.6697	0.1294	0.1023	
213242805	213243130	325	0.6615	0.1415	0.1108	
214346288	214347211	923	0.2925	0.2535	0.3781	
214467423	214467848	425	0.7929	0.0776	0.0518	
223597001	223597191	190	0.8579	0.0158	0.0105	
224583917	224584199	282	0.9184	0.0	0.0035	
226069716	226070069	353	0.9122	0.0	0.0085	
226083888	226084197	309	0.7767	0.0	0.178	
226095719	226096405	686	0.605	0.2216	0.0977	
226096698	226097855	1157	0.6871	0.0821	0.1167	
227654472	227655102	630	0.4079	0.4968	0.0317	
227782712	227783107	395	0.7241	0.0	0.1823	
230865389	230866035	646	0.7245	0.0666	0.1207	
234707815	234708770	955	0.6649	0.0764	0.1361	
235142489	235142776	287	0.7805	0.1289	0.0488	
236942280	236942788	508	0.6476	0.0591	0.1929	
241960726	241961621	895	0.5609	0.0547	0.3095	
243140290	243140563	273	0.978	0.0	0.0	
252481656	252482273	617	0.7844	0.0243	0.0989	
252484122	252484545	423	0.7896	0.0898	0.0024	
254850892	254851169	277	0.8773	0.0036	0.0072	
255773691	255774141	450	0.9333	0.0022	0.0067	
257833240	257833767	527	0.8824	0.019	0.0285	
258165072	258165513	441	0.7959	0.1134	0.0113	
258238596	258238945	349	0.7163	0.0602	0.1576	
258247395	258248112	717	0.7169	0.0725	0.1088	
258874504	258874963	459	0.7211	0.1481	0.0697	
261034015	261034579	564	0.7039	0.0816	0.0638	
266762771	266763224	453	0.7881	0.1148	0.0397	
267486752	267488265	1513	0.3972	0.1633	0.3648	
270090191	270090638	447	0.8814	0.0112	0.0045	
270616179	270616804	625	0.8656	0.016	0.0432	
270642412	270642727	315	0.8794	0.0159	0.0159	
270749898	270752768	2870	0.7927	0.0422	0.0707	
276483102	276483458	356	0.8708	0.0	0.0618	
277346093	277346647	554	0.7347	0.1877	0.0217	
277347684	277347928	244	0.9344	0.0	0.0123	
280509101	280509835	734	0.767	0.049	0.0804	
282745343	282746284	941	0.5696	0.0308	0.3252	
282760854	282762033	1179	0.95	0.0	0.017	
282796593	282797026	433	0.7921	0.0901	0.0346	
282804381	282804799	418	0.8445	0.0263	0.0167	
282805203	282805500	297	0.9259	0.0	0.0337	
282815968	282816737	769	0.3485	0.5215	0.1014	
283045069	283045384	315	0.9619	0.0	0.0	
283283713	283285530	1817	0.6676	0.1002	0.1778	
283292047	283293986	1939	0.6483	0.1857	0.0954	
283306821	283307247	426	0.9249	0.0141	0.0047	
283324180	283325082	902	0.9047	0.0244	0.0022	
283328377	283329747	1370	0.6591	0.1664	0.0861	
283672394	283673137	743	0.7429	0.0013	0.1413	
285125256	285125797	541	0.5933	0.2884	0.0444	
286181063	286181483	420	0.8667	0.0238	0.0333	
289879447	289879897	450	0.9	0.0178	0.0178	
291326054	291326704	650	0.5662	0.0877	0.2769	
291951767	291952281	514	0.7529	0.0467	0.1245	
291968855	291969298	443	0.7427	0.0655	0.0948	
292325363	292325584	221	0.629	0.095	0.181	
292338722	292338936	214	0.9252	0.0	0.0047	
292349234	292349499	265	0.8868	0.0038	0.0038	
293391762	293392503	741	0.6505	0.1147	0.0783	
294569322	294570257	935	0.5326	0.1048	0.2556	
300742603	300742953	350	0.7514	0.0086	0.1257	
305517901	305518516	615	0.5203	0.2163	0.174	
306538566	306539291	725	0.7462	0.1752	0.0234	
309746895	309747371	476	0.3739	0.3214	0.2584	
311130457	311130907	450	0.6956	0.2111	0.04	
312876161	312876577	416	0.7043	0.0385	0.1611	
312947411	312948025	614	0.7248	0.0928	0.0407	
316609514	316610068	554	0.8863	0.0	0.0325	
316838237	316840863	2626	0.4345	0.1443	0.3343	
329075116	329077227	2111	0.406	0.1729	0.3534	
335563911	335564165	254	0.874	0.0197	0.0118	
340199996	340201216	1220	0.6803	0.0746	0.141	
343697456	343697896	440	0.8386	0.0114	0.0591	
344139721	344140394	673	0.9064	0.0	0.0297	
345203543	345204368	825	0.5709	0.1188	0.2073	
345991608	345991970	362	0.9254	0.011	0.0166	
346527879	346528107	228	0.9211	0.0	0.0307	
346750492	346750820	328	0.9116	0.003	0.0091	
347623155	347623752	597	0.5796	0.0285	0.3099	
347826169	347826497	328	0.9207	0.003	0.0366	
349176060	349176870	810	0.3	0.5815	0.0765	
349426215	349426915	700	0.7014	0.1314	0.0414	
351326517	351327378	861	0.5714	0.072	0.1986	
353519327	353520231	904	0.167	0.2113	0.5785	
355029501	355030349	848	0.5625	0.1828	0.1616	
355315255	355316061	806	0.6824	0.0931	0.1352	
359310292	359310733	441	0.7846	0.0794	0.0113	
359366494	359366971	477	0.673	0.021	0.2432	
359500494	359501242	748	0.6711	0.1618	0.1123	
360070108	360070844	736	0.8533	0.0625	0.0109	
363910740	363911177	437	0.8833	0.0183	0.0435	
364618063	364618374	311	0.9196	0.0161	0.0	
364654019	364654826	807	0.5589	0.119	0.2503	
364842778	364843116	338	0.5237	0.145	0.213	
368495697	368496075	378	0.8466	0.045	0.0185	
368815001	368815386	385	0.5532	0.3636	0.0442	
369332067	369332416	349	0.8252	0.0201	0.0115	
369561838	369562164	326	0.9202	0.0031	0.0031	
369690496	369690775	279	0.8065	0.0538	0.0609	
381461842	381462381	539	0.8794	0.0204	0.0093	
383466925	383467591	666	0.53	0.3183	0.0886	
384710835	384711069	234	0.9274	0.0	0.0043	
385241242	385241708	466	0.4657	0.0215	0.4871	
386542844	386543041	197	0.8934	0.0406	0.0355	
387786171	387786558	387	0.8501	0.0698	0.0	
387878760	387879162	402	0.5896	0.0174	0.3159	
390294946	390295996	1050	0.481	0.3857	0.0695	
390359960	390361130	1170	0.8197	0.0282	0.0726	
390910969	390911833	864	0.7512	0.0301	0.1123	
391037771	391038457	686	0.6764	0.2172	0.0408	
391149102	391149464	362	0.7845	0.0442	0.0912	
391764183	391764948	765	0.732	0.085	0.0719	
391827088	391827313	225	0.96	0.0	0.0	
393360553	393360999	446	0.7668	0.0045	0.1413	
394501446	394501907	461	0.7202	0.0781	0.0998	
394526115	394526756	641	0.3682	0.4212	0.17	
394604743	394605410	667	0.7301	0.0525	0.1229	
401045588	401045985	397	0.9471	0.005	0.0	
401100439	401100611	172	0.9128	0.0	0.0349	
401547206	401547570	364	0.7967	0.0714	0.0577	
401742252	401742708	456	0.7895	0.0526	0.068	
402648639	402648929	290	0.7276	0.1517	0.0414	
402687415	402687933	518	0.7838	0.056	0.0637	
404692088	404692955	867	0.8293	0.0554	0.0369	
405125518	405125737	219	0.7763	0.0548	0.0548	
416545947	416546251	304	0.9441	0.0	0.0033	
416658885	416659751	866	0.6316	0.0785	0.1986	
416692550	416693290	740	0.6297	0.0378	0.2216	
418236868	418237075	207	0.9179	0.0193	0.0	
419640919	419641269	350	0.9743	0.0	0.0	
419741339	419741793	454	0.7753	0.1123	0.0374	
424472280	424472638	358	0.5866	0.1145	0.2011	
425646465	425646873	408	0.9289	0.0074	0.0319	
427298928	427300028	1100	0.3318	0.3755	0.2491	
427400865	427401381	516	0.4554	0.124	0.374	
429889453	429890109	656	0.4985	0.122	0.3171	
437110518	437110761	243	0.8477	0.0658	0.0165	
437745680	437746563	883	0.7022	0.1348	0.0759	
438814969	438815150	181	0.9613	0.0	0.0	
441023578	441023929	351	0.7778	0.0285	0.0627	
441027549	441027890	341	0.7977	0.0059	0.0557	
444603085	444603281	196	0.9847	0.0	0.0	
446396473	446396911	438	0.7763	0.0091	0.1301	
447974542	447974828	286	0.7413	0.0035	0.1573	
449694448	449695011	563	0.7798	0.0497	0.087	
451256131	451256571	440	0.5227	0.0295	0.3955	
451316820	451317251	431	0.7401	0.123	0.0441	
451535348	451536119	771	0.4099	0.2166	0.3152	
456779194	456779752	558	0.4068	0.3763	0.147	
472208979	472209467	488	0.9016	0.0184	0.0164	
472228046	472229095	1049	0.6959	0.0648	0.1268	
474849571	474849952	381	0.8793	0.0157	0.0026	
474887972	474888481	509	0.7682	0.0354	0.0845	
474903632	474904089	457	0.8031	0.0372	0.035	
475118282	475118819	537	0.9236	0.0149	0.0074	
478907852	478908991	1139	0.6918	0.1176	0.1141	
82961619	82974595	12976	0.3039	0.2473	0.3906	
