start	end	length	IDY	missing1	missing2	
10020827	10022091	1264	0.4003	0.2492	0.2722	
10047134	10047440	306	0.8824	0.0033	0.0359	
100541080	100541843	763	0.3709	0.0315	0.5216	
10058305	10059366	1061	0.8784	0.0028	0.05	
100685267	100686677	1410	0.2411	0.2369	0.4922	
10071862	10072175	313	0.8243	0.0192	0.0831	
10096067	10096335	268	0.709	0.0037	0.1903	
10114311	10114720	409	0.868	0.0147	0.0342	
101224274	101225822	1548	0.3068	0.3327	0.3366	
102484523	102485215	692	0.7991	0.1084	0.0289	
103764659	103765204	545	0.7174	0.0771	0.0936	
104007436	104009290	1854	0.2546	0.0987	0.5965	
104997373	104997693	320	0.8688	0.0563	0.0156	
105114419	105114993	574	0.4599	0.2613	0.2265	
105282920	105283566	646	0.644	0.1254	0.1006	
10555217	10556278	1061	0.5834	0.1018	0.1913	
105620312	105620516	204	0.8627	0.0294	0.0686	
105632214	105633447	1233	0.468	0.2498	0.1938	
107952803	107955093	2290	0.3428	0.0341	0.5598	
107967675	107968290	615	0.9366	0.0228	0.0065	
108258971	108259338	367	0.9183	0.0	0.0218	
109669544	109670375	831	0.6089	0.1625	0.1348	
109683105	109683502	397	0.8086	0.0479	0.0252	
109754343	109755030	687	0.8981	0.0204	0.0116	
11039320	11039943	623	0.7769	0.0546	0.0626	
111202678	111203245	567	0.7231	0.0265	0.127	
111413593	111413925	332	0.9518	0.0	0.0	
111841919	111842234	315	0.8349	0.0349	0.0444	
111940941	111941958	1017	0.4356	0.2035	0.2979	
111969872	111971287	1415	0.3887	0.2452	0.2862	
11220167	11220597	430	0.8884	0.0419	0.0163	
112218072	112218934	862	0.4478	0.0708	0.3944	
112403538	112403991	453	0.8013	0.0088	0.0905	
112431871	112432325	454	0.7445	0.0352	0.152	
113303519	113304499	980	0.8786	0.002	0.0245	
113319372	113319542	170	0.9529	0.0059	0.0	
113486746	113487377	631	0.5214	0.0254	0.4089	
113542956	113544247	1291	0.4415	0.1247	0.3811	
113550853	113551074	221	0.8824	0.0271	0.0362	
113568356	113570086	1730	0.2491	0.6121	0.1173	
113600970	113601541	571	0.5674	0.31	0.056	
113602239	113602952	713	0.7574	0.0659	0.0645	
113604046	113604333	287	0.9268	0.0	0.007	
113608615	113609267	652	0.5567	0.0276	0.3558	
113724228	113724996	768	0.513	0.224	0.2188	
113969440	113970039	599	0.5392	0.0301	0.3589	
114281050	114281239	189	0.8042	0.0529	0.0582	
114302896	114303601	705	0.6496	0.0312	0.2681	
114308121	114308803	682	0.8211	0.0323	0.0337	
114325535	114327749	2214	0.4237	0.1734	0.3564	
114537938	114538726	788	0.8464	0.033	0.0114	
114553534	114553767	233	0.9828	0.0	0.0043	
114578371	114578988	617	0.5948	0.1361	0.2204	
114633551	114634010	459	0.6623	0.0	0.2527	
114705390	114705773	383	0.9399	0.0	0.0	
114765488	114766835	1347	0.8159	0.0728	0.0661	
114791344	114792662	1318	0.4021	0.3392	0.1836	
114875441	114875982	541	0.6599	0.1275	0.159	
114882521	114883064	543	0.8361	0.0479	0.0221	
114890449	114890887	438	0.9132	0.0068	0.032	
115116494	115116935	441	0.9773	0.0	0.0	
115204433	115204765	332	0.9578	0.0	0.0	
115275541	115276066	525	0.56	0.1886	0.1981	
116509223	116509439	216	0.912	0.0417	0.0185	
117064761	117065358	597	0.6667	0.0	0.2529	
117345302	117345629	327	0.7615	0.0092	0.1223	
117631046	117632002	956	0.8985	0.0167	0.0377	
117635957	117636414	457	0.779	0.0547	0.0766	
117664148	117664740	592	0.8294	0.0541	0.0152	
118432045	118432363	318	0.434	0.0252	0.4591	
118895994	118897166	1172	0.4326	0.2671	0.2338	
119001228	119001846	618	0.6133	0.0113	0.2476	
12151887	12152632	745	0.8161	0.0201	0.0456	
121525618	121526616	998	0.4729	0.2064	0.2665	
12419560	12420645	1085	0.4129	0.3493	0.1677	
129094904	129096045	1141	0.1218	0.5644	0.3032	
129238686	129239422	736	0.4103	0.3601	0.163	
12939175	12940499	1324	0.6405	0.1261	0.1412	
129407164	129407800	636	0.9072	0.0016	0.0126	
129780571	129781422	851	0.5288	0.3702	0.0341	
130075031	130075519	488	0.7725	0.1311	0.0164	
130187927	130188270	343	0.7668	0.0058	0.2012	
13033638	13034943	1305	0.8881	0.013	0.0199	
130928966	130929489	523	0.9331	0.0057	0.0	
131246402	131247220	818	0.6381	0.0587	0.2066	
131261630	131262393	763	0.2726	0.2975	0.3945	
131283326	131284331	1005	0.4189	0.3055	0.201	
131478245	131478557	312	0.8814	0.0192	0.0	
131479131	131479558	427	0.5597	0.103	0.267	
131484827	131485058	231	0.9004	0.026	0.0	
131486941	131487944	1003	0.4566	0.1615	0.3111	
131490349	131491051	702	0.7051	0.067	0.1054	
13150310	13152571	2261	0.7983	0.0425	0.1053	
131612230	131613252	1022	0.8738	0.0342	0.0108	
131626905	131627703	798	0.6479	0.2744	0.0201	
13163044	13163807	763	0.7654	0.0236	0.1376	
131631770	131632159	389	0.8483	0.0257	0.0103	
131635048	131636816	1768	0.9321	0.0079	0.013	
131650457	131650944	487	0.7844	0.0698	0.0349	
131759256	131760965	1709	0.715	0.055	0.1691	
131769602	131770099	497	0.9457	0.0	0.0141	
131773550	131774200	650	0.4785	0.0385	0.3708	
131798470	131799608	1138	0.717	0.0598	0.1178	
132198273	132198748	475	0.5453	0.0168	0.3768	
132479320	132479712	392	0.8954	0.0255	0.0281	
133150592	133151180	588	0.7143	0.0323	0.102	
133251045	133251309	264	0.7083	0.0303	0.1515	
133295858	133296707	849	0.3722	0.2721	0.2568	
133347738	133348140	402	0.6517	0.1045	0.1443	
135119470	135120844	1374	0.3333	0.2234	0.3908	
136371699	136372764	1065	0.5315	0.0714	0.261	
137157274	137157896	622	0.7605	0.0611	0.1061	
137332019	137332673	654	0.2905	0.1391	0.5428	
137357103	137359665	2562	0.3673	0.2315	0.324	
137881544	137881728	184	0.9239	0.0435	0.0	
137901467	137901656	189	0.8836	0.0	0.0476	
138538596	138539299	703	0.7724	0.0156	0.1124	
138725517	138726017	500	0.956	0.024	0.0	
138779968	138780498	530	0.5962	0.1113	0.1717	
138820238	138821982	1744	0.6124	0.2087	0.1003	
139321327	139321694	367	0.8202	0.0381	0.0	
139427699	139428197	498	0.8414	0.0341	0.0141	
139481238	139482196	958	0.596	0.2088	0.1273	
139555496	139557015	1519	0.5418	0.2646	0.0915	
139563797	139564040	243	0.8971	0.0	0.037	
139565173	139565345	172	0.9244	0.0	0.0058	
139605358	139605712	354	0.8362	0.0085	0.0565	
13972997	13973456	459	0.8366	0.0479	0.0065	
139943685	139944483	798	0.8371	0.0226	0.0439	
139951296	139952497	1201	0.2939	0.5079	0.1415	
140415186	140415441	255	0.6941	0.1686	0.1059	
140491255	140492010	755	0.5987	0.2199	0.094	
140508842	140509607	765	0.6405	0.1503	0.098	
140529089	140530113	1024	0.5449	0.1084	0.2725	
140631171	140631953	782	0.6509	0.2225	0.0396	
140642848	140643793	945	0.7323	0.1143	0.0772	
140746043	140746313	270	0.9	0.0185	0.0111	
140765569	140765876	307	0.899	0.013	0.0033	
140772194	140773024	830	0.6699	0.1084	0.1289	
140774686	140775856	1170	0.5949	0.1838	0.1077	
14085543	14086304	761	0.6268	0.2247	0.067	
14086789	14087394	605	0.7256	0.0364	0.1702	
141543277	141543854	577	0.3622	0.0503	0.5615	
142305419	142305791	372	0.6102	0.207	0.1183	
142574779	142575516	737	0.772	0.0502	0.1316	
142625652	142626717	1065	0.3531	0.2141	0.3822	
142632330	142632900	570	0.6807	0.014	0.2263	
14349410	14350012	602	0.8106	0.0166	0.093	
143610175	143610588	413	0.5278	0.0726	0.3269	
144250059	144251078	1019	0.8508	0.0167	0.0579	
144332491	144333865	1374	0.6463	0.0961	0.1536	
144817655	144818207	552	0.6413	0.2246	0.0236	
144822407	144822838	431	0.7517	0.0186	0.1369	
144921019	144921655	636	0.6698	0.0975	0.1211	
144938936	144939997	1061	0.6626	0.1169	0.1631	
144996594	144996925	331	0.9486	0.0	0.0181	
145058617	145059179	562	0.7064	0.1192	0.0907	
145575464	145575807	343	0.8222	0.0087	0.0612	
145954521	145955107	586	0.8396	0.0188	0.0171	
146205441	146206398	957	0.2675	0.3333	0.3636	
14621963	14623178	1215	0.7342	0.0897	0.1152	
146227224	146227837	613	0.4209	0.279	0.2496	
146455967	146456877	910	0.5758	0.0286	0.3462	
146480040	146480405	365	0.5616	0.2219	0.1342	
146558265	146559173	908	0.9053	0.0	0.0319	
146773929	146775348	1419	0.6025	0.2178	0.0564	
146779983	146780534	551	0.9002	0.0054	0.0181	
146932996	146933720	724	0.6602	0.0815	0.1837	
146966576	146966802	226	0.9071	0.0	0.0354	
146967349	146968450	1101	0.743	0.0599	0.0845	
14700973	14701213	240	0.8417	0.0042	0.0542	
148132735	148133224	489	0.8098	0.0143	0.0859	
148186643	148187605	962	0.6383	0.0644	0.2422	
14844832	14845588	756	0.918	0.0093	0.0225	
148877782	148878321	539	0.6642	0.1725	0.1243	
148891145	148891638	493	0.8499	0.0243	0.0223	
148942104	148942446	342	0.7719	0.0468	0.038	
148980349	148980821	472	0.803	0.0318	0.1081	
148990158	148990974	816	0.435	0.2475	0.2757	
148994079	148995480	1401	0.4739	0.0971	0.3769	
149018006	149019235	1229	0.7209	0.1229	0.0545	
149021988	149022286	298	0.8255	0.0101	0.0906	
149133423	149134348	925	0.6757	0.0897	0.1103	
149258664	149259108	444	0.8311	0.0045	0.0991	
150322846	150323860	1014	0.9369	0.0	0.002	
150338552	150338757	205	0.7073	0.1512	0.0244	
151056991	151057437	446	0.8587	0.0	0.0919	
151066618	151067300	682	0.4531	0.346	0.1584	
151117036	151117546	510	0.8961	0.0235	0.0039	
151390371	151390700	329	0.8237	0.1033	0.0213	
151477330	151478104	774	0.4961	0.0103	0.469	
152293217	152295960	2743	0.3948	0.2614	0.2629	
152588183	152588991	808	0.3725	0.255	0.3304	
152665021	152666858	1837	0.3402	0.1127	0.4888	
152689921	152690298	377	0.7745	0.0318	0.0928	
152690803	152691206	403	0.6476	0.2208	0.0744	
152741978	152744203	2225	0.6404	0.1213	0.1294	
152787279	152787797	518	0.861	0.0058	0.0058	
15399445	15400816	1371	0.4194	0.4282	0.0934	
154333207	154333641	434	0.6198	0.1544	0.1843	
15508608	15509724	1116	0.7276	0.129	0.0744	
15520822	15521447	625	0.9296	0.0016	0.0128	
15673186	15674664	1478	0.7537	0.1313	0.0399	
156994547	156995613	1066	0.3246	0.4719	0.1304	
157062778	157063759	981	0.6483	0.0877	0.1529	
158097939	158098698	759	0.7233	0.0632	0.0487	
158316560	158316983	423	0.5296	0.2861	0.0969	
158560529	158561247	718	0.4234	0.337	0.1602	
159233301	159233846	545	0.6	0.0569	0.244	
159901132	159902095	963	0.7487	0.0395	0.1246	
160357556	160358324	768	0.7643	0.0469	0.1016	
16055534	16055869	335	0.8627	0.0179	0.0478	
160647246	160648026	780	0.8192	0.0192	0.0641	
160760669	160761087	418	0.6531	0.0502	0.2081	
161306662	161307420	758	0.7032	0.0646	0.1121	
161357091	161357480	389	0.7326	0.0334	0.108	
162598633	162599619	986	0.8489	0.0233	0.0527	
16283373	16283799	426	0.5446	0.2582	0.1573	
16342594	16343039	445	0.7461	0.0562	0.0629	
163486704	163486968	264	0.75	0.0038	0.125	
163644690	163645156	466	0.7146	0.0129	0.2082	
16491899	16492808	909	0.7085	0.0935	0.0979	
165747771	165748047	276	0.558	0.0181	0.3768	
165945548	165946616	1068	0.4738	0.265	0.221	
166005821	166006144	323	0.6935	0.0774	0.1146	
166032698	166033559	861	0.7666	0.0523	0.0871	
166104000	166104335	335	0.8119	0.0149	0.0239	
16640247	16640916	669	0.9073	0.0075	0.0194	
166469168	166470123	955	0.7393	0.111	0.0188	
167097834	167098896	1062	0.5772	0.3202	0.048	
168167106	168167922	816	0.4387	0.1029	0.4044	
168169180	168169909	729	0.7627	0.0864	0.0357	
168238537	168239084	547	0.8355	0.0457	0.011	
168367502	168368994	1492	0.8009	0.0449	0.071	
168462581	168462994	413	0.724	0.0678	0.0944	
168628654	168629055	401	0.7955	0.0349	0.0424	
16909060	16909245	185	0.9568	0.0054	0.0	
170731534	170732270	736	0.6114	0.2622	0.0571	
171145915	171146251	336	0.8542	0.0119	0.0268	
171240429	171241341	912	0.8092	0.0537	0.0329	
171957676	171958111	435	0.8851	0.0276	0.023	
172145115	172145649	534	0.4925	0.3408	0.1086	
172173667	172174995	1328	0.4179	0.2236	0.2959	
172188812	172189236	424	0.816	0.0259	0.0236	
172282559	172283033	474	0.8776	0.0148	0.0253	
172323742	172324384	642	0.8707	0.0	0.0249	
172367893	172368231	338	0.8609	0.0089	0.0473	
17266176	17266508	332	0.9307	0.0	0.0	
17266949	17267420	471	0.9045	0.0	0.0552	
173868901	173869398	497	0.8813	0.008	0.0181	
173870250	173870447	197	0.9188	0.0	0.0305	
174205221	174206919	1698	0.2697	0.5571	0.1402	
17479431	17479655	224	0.8705	0.0804	0.0223	
174982320	174983426	1106	0.358	0.2586	0.3047	
175016023	175016226	203	0.8128	0.0394	0.0296	
175242013	175242568	555	0.8378	0.0054	0.0613	
176611094	176611694	600	0.8417	0.02	0.0583	
176811047	176811252	205	0.8244	0.0537	0.0244	
176876130	176876743	613	0.509	0.0163	0.385	
176884818	176885610	792	0.7159	0.0556	0.1035	
176899065	176899309	244	0.8443	0.0164	0.0328	
177782451	177783316	865	0.4671	0.0775	0.3364	
177798700	177799442	742	0.3841	0.2722	0.2736	
177827022	177827485	463	0.6307	0.2505	0.0302	
177857247	177857904	657	0.7869	0.035	0.0989	
177859321	177859516	195	0.8872	0.0	0.0308	
180097160	180097895	735	0.6789	0.0286	0.2054	
180252303	180252969	666	0.4174	0.2012	0.3288	
181022076	181023119	1043	0.5944	0.0892	0.2387	
18111897	18112675	778	0.8946	0.0051	0.0283	
18180125	18180469	344	0.5843	0.0	0.3837	
18236799	18237280	481	0.869	0.0042	0.0894	
182478875	182479264	389	0.7224	0.054	0.0771	
18304529	18305290	761	0.4639	0.1406	0.3009	
18310996	18312451	1455	0.9498	0.0089	0.0014	
183218138	183218435	297	0.7778	0.0505	0.0303	
183226412	183227425	1013	0.3929	0.2162	0.2902	
183389550	183390109	559	0.5009	0.1288	0.3131	
183859245	183859689	444	0.732	0.0428	0.0608	
183865876	183866552	676	0.9024	0.0192	0.003	
18488707	18489134	427	0.9016	0.0	0.0047	
18491705	18491969	264	0.8826	0.0076	0.0038	
185018690	185019350	660	0.8985	0.0076	0.0136	
185034307	185035027	720	0.3083	0.025	0.6208	
185363745	185363944	199	0.9397	0.0	0.0101	
186282114	186283043	929	0.4413	0.0172	0.4499	
186713657	186714194	537	0.5047	0.175	0.2756	
187173035	187173799	764	0.5628	0.1741	0.1401	
187177868	187178842	974	0.4856	0.1088	0.3378	
187359986	187360477	491	0.8045	0.0081	0.0448	
187449830	187450203	373	0.7265	0.1072	0.0375	
187770272	187770848	576	0.6944	0.0955	0.0417	
188520165	188520942	777	0.5431	0.2883	0.0412	
188964433	188965495	1062	0.7137	0.2316	0.0009	
189584505	189584728	223	0.9283	0.0	0.0045	
189911898	189912099	201	0.9851	0.0	0.0	
189914043	189914178	135	0.9481	0.0	0.0444	
190594321	190595015	694	0.3804	0.0418	0.4928	
190672855	190673074	219	0.9406	0.0	0.0183	
191212617	191213275	658	0.6261	0.0623	0.1261	
191258938	191259942	1004	0.4183	0.0299	0.4412	
193535374	193536174	800	0.2362	0.5537	0.1888	
195029940	195031358	1418	0.5719	0.0303	0.2849	
195127541	195128125	584	0.8253	0.0394	0.0325	
195809970	195811277	1307	0.5356	0.2854	0.1002	
195811961	195812158	197	0.8832	0.0152	0.0102	
196326349	196327067	718	0.4401	0.3384	0.195	
197950706	197951358	652	0.5307	0.3666	0.0491	
199958709	199960651	1942	0.4104	0.2817	0.2441	
199966097	199966806	709	0.4316	0.4457	0.0677	
200058985	200059605	620	0.6226	0.0823	0.1984	
200068469	200069317	848	0.7382	0.0342	0.1415	
200999919	201000065	146	0.8904	0.0548	0.0	
201530753	201531020	267	0.9588	0.0	0.0	
202056624	202057835	1211	0.6424	0.2073	0.0933	
202196335	202196937	602	0.4934	0.1013	0.3688	
202325776	202326285	509	0.5501	0.3536	0.0688	
202336424	202337140	716	0.6662	0.0964	0.1592	
2029223	2029954	731	0.6211	0.026	0.2599	
203301193	203301730	537	0.8808	0.0	0.0875	
203505074	203505245	171	0.9357	0.0175	0.0	
203656330	203657667	1337	0.8796	0.0322	0.0082	
203755086	203755559	473	0.9598	0.0	0.0	
203780269	203781025	756	0.7169	0.0608	0.1653	
2040139	2041158	1019	0.84	0.0795	0.0245	
204275695	204276099	404	0.953	0.0124	0.0	
204395573	204395767	194	0.9124	0.0	0.0206	
204678695	204679274	579	0.8532	0.0155	0.019	
204683987	204684407	420	0.7738	0.0667	0.0714	
204784590	204785918	1328	0.9074	0.0256	0.0075	
20480650	20482153	1503	0.6873	0.1823	0.0552	
204900786	204901525	739	0.4303	0.4208	0.0609	
204901728	204902448	720	0.8333	0.0458	0.0486	
204910237	204911086	849	0.6066	0.0966	0.2214	
205019390	205019587	197	0.9188	0.0	0.0355	
205033925	205034968	1043	0.7143	0.0221	0.1659	
205178672	205179435	763	0.6094	0.1717	0.1664	
205182219	205182852	633	0.8815	0.0237	0.019	
205184582	205185583	1001	0.5714	0.039	0.3427	
205192756	205193635	879	0.7349	0.0626	0.0922	
205195551	205196138	587	0.8688	0.0664	0.0136	
205403826	205404092	266	0.906	0.0	0.0038	
20615053	20615803	750	0.6253	0.0213	0.288	
206192885	206193823	938	0.5171	0.1578	0.2441	
20627890	20628401	511	0.3933	0.1937	0.3738	
206672054	206672501	447	0.736	0.094	0.1186	
206709279	206709944	665	0.5233	0.1203	0.2827	
206722928	206723301	373	0.8874	0.008	0.0402	
206735224	206735844	620	0.8758	0.0113	0.0339	
206755989	206757642	1653	0.6987	0.1307	0.0986	
206768658	206769575	917	0.8233	0.0305	0.0447	
206778466	206778695	229	0.9258	0.0087	0.0	
206781166	206782090	924	0.3009	0.3019	0.368	
206785400	206786042	642	0.6931	0.0561	0.1168	
20694832	20697251	2419	0.7602	0.0347	0.1377	
207029435	207030141	706	0.9334	0.0071	0.0156	
207031665	207032067	402	0.8383	0.0522	0.0348	
207077783	207078628	845	0.9574	0.0	0.0189	
208015849	208016140	291	0.6357	0.244	0.0584	
208039164	208039817	653	0.6907	0.0643	0.1455	
208042300	208043347	1047	0.4097	0.1137	0.405	
208116060	208116408	348	0.8822	0.0	0.0632	
208363329	208363745	416	0.9063	0.0024	0.0457	
20857544	20857790	246	0.8211	0.0285	0.0732	
20860505	20860814	309	0.9515	0.0	0.0032	
20944348	20944703	355	0.6338	0.2704	0.0873	
209533946	209534526	580	0.9069	0.0086	0.0293	
20988964	20989238	274	0.9562	0.0	0.0401	
210043296	210043824	528	0.8769	0.0095	0.0284	
21010507	21011094	587	0.9131	0.0136	0.017	
210287315	210288928	1613	0.8053	0.0366	0.0719	
210569170	210570534	1364	0.7786	0.0455	0.0667	
210828211	210828502	291	0.8866	0.0275	0.0069	
210831897	210832119	222	0.8964	0.0	0.0135	
210895840	210896362	522	0.8908	0.0134	0.0249	
210908755	210909001	246	0.8374	0.0244	0.0528	
210913871	210914139	268	0.9328	0.0112	0.0037	
210929884	210930402	518	0.5058	0.0734	0.3108	
210981698	210981899	201	0.9552	0.0	0.0	
211079650	211081240	1590	0.8868	0.0371	0.0283	
211486868	211487886	1018	0.6444	0.0806	0.1817	
211821553	211824436	2883	0.3011	0.3715	0.2945	
211855654	211856841	1187	0.8635	0.0514	0.0185	
211999922	212000164	242	0.938	0.0	0.0	
212034348	212034651	303	0.9439	0.0	0.0	
212065671	212065887	216	0.875	0.0463	0.0	
212357365	212358144	779	0.6418	0.0963	0.1733	
212559363	212559746	383	0.9295	0.0	0.0157	
212801063	212803014	1951	0.8242	0.0354	0.0815	
212807171	212807642	471	0.9045	0.0106	0.0021	
213009250	213010546	1296	0.8318	0.0309	0.017	
213020811	213021909	1098	0.8051	0.0993	0.0237	
213043503	213044426	923	0.8722	0.0119	0.0748	
213156351	213158107	1756	0.2688	0.6093	0.0723	
213871598	213872441	843	0.8078	0.0071	0.0937	
214062602	214063795	1193	0.4845	0.1375	0.3194	
214453468	214454039	571	0.7758	0.1243	0.0315	
214830350	214831624	1274	0.4553	0.2418	0.2331	
214865797	214866490	693	0.3622	0.2193	0.3506	
214870211	214870452	241	0.9793	0.0	0.0041	
214914889	214915168	279	0.8996	0.0	0.0108	
214987778	214988230	452	0.8208	0.0376	0.0177	
215595875	215596336	461	0.6377	0.1345	0.1106	
215761895	215762816	921	0.6602	0.139	0.1173	
215921098	215923379	2281	0.3731	0.3279	0.2547	
216887560	216888027	467	0.591	0.0171	0.2912	
216890437	216891152	715	0.5818	0.0769	0.249	
216957674	216959715	2041	0.3773	0.2915	0.27	
217295670	217296390	720	0.7264	0.0417	0.1347	
217297142	217297778	636	0.9245	0.0094	0.0283	
217301316	217301806	490	0.5735	0.249	0.1531	
217338946	217339911	965	0.7575	0.0663	0.113	
217341349	217341687	338	0.9142	0.0118	0.0089	
217346208	217347365	1157	0.7597	0.0605	0.1288	
217358586	217359307	721	0.4882	0.3148	0.1179	
217379710	217380513	803	0.5753	0.1046	0.1905	
21790464	21790657	193	0.9119	0.0466	0.0	
21936309	21936987	678	0.8319	0.0265	0.0398	
220220855	220221731	876	0.7751	0.0046	0.1712	
220243561	220245068	1507	0.5441	0.2449	0.1659	
2202812	2205001	2189	0.3102	0.3271	0.3106	
22192369	22193200	831	0.8183	0.0517	0.059	
22227765	22228454	689	0.9318	0.0174	0.0218	
222459336	222459646	310	0.6677	0.1258	0.1097	
222861605	222862281	676	0.8802	0.0429	0.0296	
222880798	222881025	227	0.9119	0.0	0.0396	
222881781	222882221	440	0.9614	0.0	0.0227	
222883011	222884061	1050	0.7562	0.0286	0.1438	
22328122	22328466	344	0.9157	0.0087	0.0087	
223855128	223855615	487	0.8193	0.0205	0.0595	
224156523	224157477	954	0.8616	0.0577	0.0241	
224441000	224441541	541	0.7763	0.0388	0.0518	
224671916	224672479	563	0.6039	0.1776	0.1545	
224678654	224679068	414	0.7391	0.0459	0.0821	
224716020	224716938	918	0.8224	0.037	0.024	
224750139	224750934	795	0.9057	0.0101	0.0239	
224794018	224794594	576	0.2031	0.6736	0.0938	
225535257	225536027	770	0.5494	0.0935	0.2974	
225559629	225560536	907	0.7607	0.0364	0.118	
225720565	225720882	317	0.8675	0.0347	0.0284	
225840115	225840996	881	0.7276	0.067	0.0885	
226446912	226447186	274	0.8832	0.0	0.0328	
226557252	226558383	1131	0.42	0.3121	0.2184	
227464600	227464945	345	0.887	0.0464	0.0087	
227699205	227700048	843	0.3227	0.3203	0.306	
227888850	227889181	331	0.716	0.0393	0.139	
22813435	22815690	2255	0.8678	0.0412	0.0377	
228661618	228661865	247	0.9069	0.0243	0.0	
228679210	228679589	379	0.8734	0.029	0.0317	
228681721	228682741	1020	0.7059	0.0402	0.1716	
228832625	228833593	968	0.5072	0.2076	0.2138	
228854306	228855249	943	0.6797	0.0891	0.1304	
229968372	229968568	196	0.8622	0.0255	0.0204	
230320882	230321933	1051	0.6213	0.0657	0.1855	
230370845	230372415	1570	0.4892	0.1439	0.3363	
230571185	230571744	559	0.7352	0.0411	0.1073	
230822519	230822852	333	0.6216	0.1171	0.1592	
230969413	230969956	543	0.6501	0.0092	0.2376	
231380958	231381636	678	0.3555	0.2729	0.2817	
231410329	231410518	189	0.9048	0.0317	0.0	
231428048	231428398	350	0.7714	0.02	0.1114	
231456466	231456624	158	0.9114	0.0316	0.0127	
231513403	231513940	537	0.4413	0.2961	0.1844	
231539890	231541366	1476	0.7547	0.061	0.0528	
231558102	231558485	383	0.8381	0.0052	0.0601	
231574421	231574741	320	0.9	0.0094	0.0281	
231612827	231614085	1258	0.8188	0.0262	0.0692	
231624304	231624984	680	0.3706	0.2794	0.2882	
2325442	2326499	1057	0.6197	0.2384	0.0672	
232783158	232784268	1110	0.4171	0.1883	0.3198	
233304197	233305346	1149	0.3734	0.1845	0.4134	
233312659	233313937	1278	0.2762	0.1894	0.507	
233794012	233795490	1478	0.5853	0.0717	0.2788	
233818839	233820269	1430	0.6517	0.0685	0.1476	
233878603	233878902	299	0.796	0.0569	0.0435	
233879902	233880489	587	0.368	0.3748	0.2385	
233912144	233912584	440	0.8955	0.0114	0.0114	
233930550	233931260	710	0.5493	0.0169	0.3338	
233932058	233932635	577	0.6256	0.1248	0.1664	
233937720	233938362	642	0.8193	0.0078	0.053	
234408868	234410298	1430	0.2895	0.3923	0.2685	
23441894	23442488	594	0.9192	0.0017	0.0	
235219740	235220240	500	0.62	0.054	0.234	
235235951	235236168	217	0.8341	0.0138	0.0415	
23528779	23529069	290	0.9379	0.0	0.0103	
23619345	23620271	926	0.838	0.0205	0.0302	
236422781	236424341	1560	0.4179	0.2019	0.3436	
236498456	236499513	1057	0.4456	0.0662	0.4305	
23789683	23789962	279	0.8961	0.0	0.0036	
238584801	238585867	1066	0.5197	0.106	0.3161	
238592028	238592371	343	0.8309	0.0787	0.035	
23962935	23963413	478	0.5711	0.0167	0.3431	
240105745	240105951	206	0.8301	0.0	0.068	
241158021	241159009	988	0.5547	0.0719	0.2794	
241216034	241217227	1193	0.6488	0.0578	0.1375	
241335329	241335636	307	0.7948	0.0195	0.101	
241643155	241643466	311	0.8489	0.0322	0.0129	
241804394	241805668	1274	0.2967	0.5181	0.1397	
242722883	242723488	605	0.7769	0.0545	0.0512	
242725891	242726975	1084	0.6458	0.1587	0.0987	
242914035	242914688	653	0.8346	0.0214	0.0628	
242991408	242991642	234	0.9316	0.0171	0.0	
243079142	243079339	197	0.868	0.0	0.066	
243199742	243199961	219	0.9041	0.032	0.0091	
243326384	243327017	633	0.4597	0.06	0.4408	
243337122	243338840	1718	0.3015	0.358	0.2608	
243361025	243361343	318	0.7327	0.0943	0.0346	
243361789	243362020	231	0.8485	0.0909	0.0216	
24349789	24350384	595	0.6336	0.0504	0.2	
243519952	243520150	198	0.9444	0.0	0.0	
243643558	243643783	225	0.8933	0.0133	0.0178	
243646573	243647011	438	0.8105	0.0091	0.1279	
244123735	244124990	1255	0.3681	0.2526	0.3084	
244335406	244335741	335	0.7791	0.0955	0.009	
244525985	244526642	657	0.4947	0.2998	0.1096	
245326853	245327173	320	0.9406	0.0	0.0094	
245492447	245493335	888	0.4234	0.2354	0.268	
24715676	24716795	1119	0.5603	0.1251	0.2225	
247826478	247826896	418	0.8708	0.012	0.0455	
248143563	248145755	2192	0.3248	0.2085	0.4129	
248160751	248161485	734	0.4918	0.3338	0.0995	
248162626	248163356	730	0.589	0.2055	0.1219	
248166725	248167290	565	0.7788	0.0566	0.0637	
248167686	248168002	316	0.9051	0.0158	0.0	
248172861	248174423	1562	0.3732	0.2247	0.3387	
248392188	248393416	1228	0.4357	0.294	0.2166	
24869510	24870187	677	0.6942	0.1846	0.0783	
248759300	248759871	571	0.7268	0.0788	0.0701	
248790631	248791987	1356	0.5981	0.1121	0.2058	
250669362	250670922	1560	0.4641	0.0276	0.3981	
250998812	250999018	206	0.8301	0.0777	0.0583	
251269912	251270323	411	0.635	0.09	0.1703	
252874092	252874287	195	0.8923	0.0051	0.0359	
252904161	252904333	172	0.936	0.0	0.0349	
253251949	253252842	893	0.7279	0.0784	0.0426	
253389059	253390089	1030	0.4951	0.2942	0.1272	
253421117	253421580	463	0.6134	0.121	0.1901	
253426224	253426975	751	0.6072	0.1651	0.1478	
253435408	253436600	1192	0.932	0.0193	0.0143	
254586872	254588172	1300	0.31	0.3223	0.3208	
254608079	254608820	741	0.9528	0.0	0.0108	
255251928	255252261	333	0.8859	0.006	0.033	
25533370	25534475	1105	0.829	0.0199	0.0652	
255787025	255787437	412	0.8641	0.0243	0.0413	
257563628	257564132	504	0.8929	0.004	0.0198	
257568185	257568888	703	0.66	0.2205	0.0555	
257615478	257616354	876	0.6815	0.153	0.1096	
257661777	257662540	763	0.7916	0.0288	0.0747	
257663793	257664946	1153	0.8491	0.0165	0.0729	
257754673	257755546	873	0.543	0.0321	0.3792	
257882276	257882497	221	0.9412	0.0	0.0	
257892978	257893551	573	0.7504	0.0244	0.0873	
257971319	257971817	498	0.5683	0.01	0.3454	
257998378	257999670	1292	0.692	0.0782	0.1571	
258741492	258742240	748	0.8356	0.0334	0.0334	
258767758	258768671	913	0.8861	0.0153	0.0329	
258866437	258866890	453	0.8587	0.0177	0.053	
259248827	259249065	238	0.9202	0.0126	0.0	
259356013	259357196	1183	0.8681	0.0397	0.0228	
259649166	259650312	1146	0.6588	0.082	0.1606	
259942295	259943301	1006	0.4483	0.0815	0.4125	
260094801	260095384	583	0.6792	0.0978	0.1424	
260096503	260097664	1161	0.832	0.0629	0.0353	
261019273	261019826	553	0.868	0.0018	0.0561	
261034015	261034579	564	0.7039	0.0816	0.0638	
261035315	261035459	144	0.8819	0.0	0.0625	
261089406	261089696	290	0.8586	0.0172	0.0828	
261209839	261210670	831	0.4862	0.4356	0.0301	
261579219	261579997	778	0.7378	0.0951	0.0835	
261630033	261630416	383	0.8433	0.0131	0.0366	
2627256	2628079	823	0.706	0.1142	0.0875	
262780451	262780690	239	0.8787	0.0042	0.0084	
262924080	262925284	1204	0.3937	0.3978	0.1628	
263394886	263396231	1345	0.5963	0.1026	0.2015	
263432473	263432901	428	0.6986	0.0093	0.1799	
263454049	263454311	262	0.729	0.0267	0.1641	
263972746	263973139	393	0.5598	0.3435	0.0204	
263974157	263975134	977	0.5159	0.1372	0.2692	
263981006	263982678	1672	0.6627	0.2081	0.0562	
263991258	263991744	486	0.7078	0.1111	0.1111	
264016711	264017195	484	0.7273	0.1446	0.0579	
264461120	264461439	319	0.8025	0.0972	0.0282	
264757482	264758187	705	0.4823	0.0709	0.3773	
266740148	266740606	458	0.8712	0.0328	0.0218	
266955928	266956491	563	0.5382	0.1581	0.2131	
267313925	267314502	577	0.5338	0.0451	0.3258	
267485422	267486006	584	0.6832	0.1712	0.0651	
267916824	267917129	305	0.8033	0.0098	0.0852	
268192814	268193228	414	0.8527	0.0314	0.0097	
268216417	268216622	205	0.9415	0.0098	0.0293	
26836145	26837016	871	0.5465	0.0482	0.3387	
268408734	268409365	631	0.4849	0.3027	0.1363	
268571515	268571796	281	0.9217	0.0	0.0036	
268573264	268573443	179	0.8547	0.0391	0.0	
268698425	268699694	1269	0.8621	0.0599	0.0087	
268772838	268773222	384	0.8047	0.0234	0.0599	
269309678	269311085	1407	0.5558	0.2907	0.0881	
269665007	269665619	612	0.5752	0.1748	0.1601	
269676376	269677270	894	0.3613	0.1186	0.4609	
269850952	269851676	724	0.4751	0.0483	0.4171	
269964734	269965093	359	0.8134	0.0056	0.0919	
270619322	270619666	344	0.7936	0.0901	0.0843	
270621563	270622963	1400	0.8236	0.04	0.0371	
270762745	270762997	252	0.8849	0.0357	0.0357	
270766937	270767150	213	0.8967	0.0141	0.0188	
271348509	271348756	247	0.9352	0.0243	0.0	
271361350	271361951	601	0.7304	0.0749	0.1414	
271365100	271365370	270	0.8556	0.0222	0.0074	
271401037	271401394	357	0.8067	0.0336	0.084	
271512340	271512840	500	0.368	0.236	0.366	
272400628	272401422	794	0.3149	0.4597	0.1927	
272921676	272923840	2164	0.7676	0.0287	0.1257	
273149168	273150150	982	0.8951	0.0071	0.0122	
273363577	273364200	623	0.7961	0.1252	0.0193	
273654900	273655943	1043	0.72	0.1668	0.023	
273775907	273776231	324	0.6821	0.0525	0.2191	
273793707	273794649	942	0.8079	0.0754	0.0297	
274024249	274025084	835	0.5617	0.0431	0.3138	
274244761	274245754	993	0.852	0.0363	0.0443	
274251114	274251596	482	0.8714	0.0104	0.0788	
274263435	274264699	1264	0.8109	0.0459	0.0261	
274274960	274275738	778	0.7018	0.0874	0.1388	
274276662	274278060	1398	0.8219	0.0515	0.0544	
274504345	274505248	903	0.5825	0.1141	0.2337	
274873585	274874110	525	0.6305	0.2686	0.0267	
274886439	274886889	450	0.5556	0.1667	0.2289	
275039662	275040359	697	0.8293	0.033	0.0603	
275751601	275752044	443	0.8555	0.0384	0.0271	
276154465	276155016	551	0.7459	0.0145	0.1815	
276702235	276704547	2312	0.5415	0.2132	0.16	
276998873	276999313	440	0.5909	0.1432	0.2364	
277073134	277073490	356	0.9494	0.0	0.0	
277161307	277161721	414	0.7198	0.0242	0.1618	
277208166	277208940	774	0.8695	0.0749	0.0103	
277588439	277588680	241	0.8838	0.029	0.0207	
279758890	279759239	349	0.8338	0.0458	0.0201	
280193085	280193607	522	0.6456	0.0077	0.2739	
280243678	280244139	461	0.6963	0.013	0.2364	
280439491	280440016	525	0.381	0.4571	0.1276	
280498732	280498997	265	0.8717	0.0113	0.0491	
280502858	280503351	493	0.8499	0.0243	0.0162	
280778134	280778503	369	0.6423	0.065	0.2033	
280899531	280900441	910	0.6077	0.2286	0.1044	
282014400	282015939	1539	0.7011	0.1735	0.0773	
282526903	282527250	347	0.8617	0.0058	0.0432	
282625778	282626471	693	0.5354	0.153	0.2381	
282660340	282660979	639	0.6901	0.0689	0.097	
283072577	283072997	420	0.6976	0.0619	0.1833	
283098294	283099007	713	0.6858	0.0491	0.1781	
283668112	283668575	463	0.7667	0.0194	0.1037	
283911307	283912494	1187	0.4591	0.2502	0.1786	
283918475	283918818	343	0.9708	0.0117	0.0029	
285093779	285094160	381	0.8425	0.0131	0.0525	
286864812	286865992	1180	0.2898	0.5508	0.1398	
286903691	286904467	776	0.5103	0.2977	0.1495	
287130330	287131484	1154	0.5711	0.2409	0.1135	
287313684	287313967	283	0.7491	0.0318	0.1873	
287317722	287318722	1000	0.647	0.177	0.102	
287556939	287557624	685	0.6891	0.0409	0.1474	
287659692	287659965	273	0.9084	0.0256	0.0	
287667012	287668364	1352	0.4859	0.1561	0.2936	
287677900	287678152	252	0.8611	0.004	0.0794	
288339048	288340094	1046	0.7801	0.0201	0.1205	
288411137	288411479	342	0.8684	0.0234	0.0322	
288446585	288447427	842	0.7078	0.0594	0.1045	
288459211	288459400	189	0.9312	0.0317	0.0	
289247004	289247802	798	0.688	0.0764	0.1566	
289666094	289666880	786	0.9288	0.0051	0.0153	
290000815	290001318	503	0.8012	0.0298	0.0417	
290106377	290106722	345	0.8029	0.0145	0.0319	
290217039	290217606	567	0.9206	0.0194	0.0053	
290373353	290373630	277	0.9206	0.0181	0.0181	
290918301	290918897	596	0.5705	0.0906	0.2651	
290937655	290937863	208	0.9567	0.0	0.0048	
290938101	290939113	1012	0.6927	0.0711	0.1601	
290959636	290960106	470	0.466	0.0809	0.4	
29108346	29110033	1687	0.3082	0.0978	0.5293	
291403514	291403835	321	0.7601	0.0	0.1402	
291802332	291803683	1351	0.4893	0.188	0.2724	
292038295	292038626	331	0.9245	0.006	0.0	
292903305	292903755	450	0.6844	0.0311	0.2089	
294259688	294259996	308	0.8929	0.0	0.0195	
29621773	29622520	747	0.7443	0.0803	0.0736	
297373804	297374375	571	0.7373	0.1821	0.056	
297524749	297525223	474	0.7869	0.019	0.0844	
297743202	297743646	444	0.8986	0.0045	0.0023	
298639055	298640650	1595	0.168	0.5436	0.2677	
299586367	299586963	596	0.8876	0.0067	0.0235	
299671582	299672559	977	0.566	0.3163	0.0358	
299786258	299787230	972	0.4465	0.3025	0.2058	
299792096	299792614	518	0.4942	0.0232	0.3475	
299836860	299837274	414	0.8792	0.0242	0.0169	
299894048	299894249	201	0.8657	0.005	0.0647	
30054440	30055072	632	0.6661	0.1187	0.1139	
300738284	300739424	1140	0.7904	0.0807	0.0737	
302416994	302417503	509	0.5128	0.0432	0.387	
302565317	302565710	393	0.5903	0.1679	0.1883	
30296555	30297484	929	0.9376	0.0043	0.0118	
303305905	303306475	570	0.7895	0.0281	0.1088	
303470675	303471489	814	0.5663	0.3145	0.043	
303485802	303486179	377	0.817	0.0159	0.0875	
303490316	303490828	512	0.7422	0.1465	0.041	
303492080	303493516	1436	0.9373	0.0	0.0	
303852961	303853567	606	0.4274	0.0165	0.505	
304773388	304773747	359	0.7242	0.0167	0.2006	
305395470	305395743	273	0.7253	0.0037	0.2125	
305414019	305415137	1118	0.5948	0.3247	0.0268	
305430439	305430982	543	0.674	0.1473	0.0313	
305435142	305435726	584	0.7003	0.0325	0.161	
305446005	305447647	1642	0.3727	0.0706	0.5134	
305453731	305454398	667	0.6897	0.0555	0.1379	
305519599	305520652	1053	0.321	0.4255	0.1985	
306316807	306317250	443	0.86	0.0158	0.0722	
306378384	306379398	1014	0.5513	0.1203	0.2367	
306380141	306380384	243	0.6667	0.0247	0.1399	
307870587	307871184	597	0.5863	0.0771	0.2127	
308284706	308285589	883	0.2016	0.2367	0.5017	
308637352	308637853	501	0.5888	0.1936	0.1497	
308989822	308990457	635	0.7291	0.0598	0.0693	
309005960	309006237	277	0.4693	0.1264	0.3357	
310026545	310027284	739	0.3207	0.0812	0.4966	
310049116	310050608	1492	0.3646	0.4142	0.1676	
310467743	310468332	589	0.4601	0.2241	0.2479	
310512064	310512587	523	0.2409	0.6845	0.0478	
311656148	311656922	774	0.6124	0.0943	0.1305	
311870528	311872306	1778	0.5652	0.1479	0.243	
312948644	312948969	325	0.72	0.1077	0.0954	
313067422	313068213	791	0.335	0.1011	0.5145	
313195335	313197429	2094	0.4265	0.1036	0.3911	
313198112	313198706	594	0.729	0.032	0.1599	
314052909	314053692	783	0.3908	0.0358	0.5019	
314066526	314066736	210	0.9	0.0333	0.0048	
314123607	314124053	446	0.8386	0.0516	0.009	
314243254	314243994	740	0.6649	0.1135	0.1176	
314995462	314996454	992	0.625	0.1079	0.1935	
315094898	315095827	929	0.4316	0.2476	0.2347	
315103503	315104865	1362	0.3231	0.3781	0.2482	
315358717	315359659	942	0.6083	0.2038	0.0987	
315366663	315367166	503	0.7018	0.0954	0.0616	
315399685	315400148	463	0.3931	0.0691	0.5097	
315495355	315496061	706	0.4816	0.1331	0.2833	
315542785	315543826	1041	0.2632	0.4332	0.2709	
316259078	316259993	915	0.4142	0.2656	0.2546	
317485048	317487574	2526	0.8975	0.015	0.0249	
319325286	319325508	222	0.8964	0.0541	0.0	
319337793	319340155	2362	0.5838	0.1689	0.1414	
322435084	322435798	714	0.451	0.1176	0.3655	
322571475	322571811	336	0.8988	0.006	0.0327	
322947673	322948138	465	0.5505	0.0925	0.2753	
322953343	322954197	854	0.4098	0.5094	0.0199	
322963663	322964131	468	0.5235	0.2201	0.1282	
324783539	324784347	808	0.8936	0.0087	0.0322	
324785164	324785565	401	0.8653	0.015	0.0324	
324786964	324788016	1052	0.8489	0.0162	0.038	
324788452	324789201	749	0.4246	0.267	0.2323	
325289797	325290167	370	0.5757	0.3432	0.0054	
325325229	325325822	593	0.5902	0.113	0.1467	
326070594	326071207	613	0.5302	0.0865	0.2643	
326080647	326081917	1270	0.3811	0.3346	0.2535	
327386117	327386498	381	0.7218	0.0735	0.0971	
327469553	327469751	198	0.9242	0.0152	0.0	
327526007	327526461	454	0.8106	0.011	0.0352	
327681852	327682646	794	0.6196	0.0806	0.2229	
328175501	328176314	813	0.8057	0.0529	0.0492	
328228278	328228648	370	0.9	0.0378	0.0216	
328254872	328255275	403	0.6228	0.273	0.0372	
328446921	328448044	1123	0.7471	0.0374	0.0703	
328623072	328623479	407	0.8698	0.0	0.0393	
328849939	328850167	228	0.8202	0.0263	0.0351	
330237899	330238076	177	0.8927	0.0	0.0169	
330780594	330780888	294	0.6259	0.1088	0.1735	
330901079	330901454	375	0.6613	0.1253	0.1733	
330925153	330926333	1180	0.35	0.5381	0.0492	
330980288	330980812	524	0.4294	0.0954	0.4084	
331004647	331005148	501	0.7006	0.0639	0.1537	
335090652	335092858	2206	0.5426	0.121	0.2575	
335112139	335113405	1266	0.0948	0.2946	0.5995	
335145541	335146972	1431	0.6129	0.0552	0.2159	
335557162	335557945	783	0.5402	0.1124	0.2273	
336182127	336182854	727	0.5076	0.0935	0.3232	
336213565	336214271	706	0.3116	0.1686	0.4518	
336218379	336219615	1236	0.2702	0.3972	0.2985	
336552824	336553744	920	0.3554	0.088	0.5228	
336568389	336568560	171	0.8421	0.0819	0.0	
336595011	336596045	1034	0.3598	0.4855	0.0977	
336610125	336611156	1031	0.3657	0.0912	0.4452	
33694010	33694202	192	0.8125	0.0365	0.0677	
33952941	33953190	249	0.6265	0.0803	0.2169	
340243934	340244914	980	0.2367	0.0582	0.6745	
340630517	340631171	654	0.8578	0.0107	0.0612	
340897650	340898097	447	0.7763	0.0358	0.0872	
340907283	340907494	211	0.8436	0.0095	0.1043	
340930954	340931200	246	0.8374	0.0	0.065	
341250514	341251162	648	0.5015	0.1775	0.1929	
341343659	341344062	403	0.8015	0.0571	0.0397	
341388230	341389697	1467	0.5917	0.0654	0.2788	
341810003	341810795	792	0.5593	0.0177	0.3523	
342071820	342072694	874	0.5446	0.0378	0.3638	
34260992	34262049	1057	0.3491	0.0653	0.5374	
343445428	343446072	644	0.6786	0.0683	0.1615	
34350739	34351538	799	0.5181	0.1727	0.2053	
343602893	343604017	1124	0.8657	0.0205	0.0089	
34365041	34365700	659	0.7147	0.1563	0.0303	
343850757	343851052	295	0.8034	0.0068	0.0508	
34426619	34426872	253	0.7194	0.0119	0.2095	
344499214	344499730	516	0.7849	0.0407	0.0853	
34454071	34456632	2561	0.2765	0.4162	0.2444	
344812115	344812463	348	0.5805	0.2069	0.1667	
344844430	344844625	195	0.841	0.0513	0.0154	
345026681	345026842	161	0.8323	0.0311	0.0124	
345038622	345038884	262	0.8626	0.0	0.0344	
345326467	345327119	652	0.865	0.0337	0.0169	
345546123	345546812	689	0.8026	0.0145	0.0392	
345649706	345650467	761	0.5283	0.0	0.4231	
345661212	345662207	995	0.5688	0.0864	0.2291	
345998025	345998457	432	0.912	0.037	0.0023	
346021122	346021975	853	0.8933	0.0152	0.0082	
346568274	346568515	241	0.8423	0.0	0.0747	
346578208	346578485	277	0.9314	0.0	0.0181	
346579109	346579756	647	0.8624	0.0371	0.0185	
346656579	346657655	1076	0.6626	0.1227	0.1199	
346782723	346782962	239	0.8536	0.0209	0.0293	
346783308	346783912	604	0.8808	0.0099	0.0315	
346784281	346785036	755	0.8742	0.0013	0.0358	
346787055	346788381	1326	0.8763	0.0143	0.0189	
346789544	346790647	1103	0.7507	0.039	0.1043	
346957831	346958041	210	0.9048	0.0238	0.0	
347117311	347117976	665	0.8346	0.0286	0.0286	
347525755	347525912	157	0.9108	0.0	0.0127	
347593724	347595377	1653	0.7877	0.0145	0.1276	
347599242	347599823	581	0.4664	0.0138	0.4871	
348273197	348273635	438	0.4543	0.4977	0.0183	
348427034	348427503	469	0.7889	0.1045	0.0512	
348778034	348778692	658	0.7964	0.0638	0.0441	
348881127	348882496	1369	0.3828	0.2177	0.3367	
348911934	348913214	1280	0.7711	0.0516	0.082	
348913768	348914595	827	0.7594	0.0181	0.1318	
348948035	348949536	1501	0.7475	0.0346	0.1113	
349072055	349072430	375	0.848	0.008	0.0533	
350129014	350130704	1690	0.5787	0.1728	0.1367	
350445724	350446448	724	0.703	0.1575	0.0539	
350478837	350479694	857	0.4959	0.1365	0.2719	
350621380	350622370	990	0.4424	0.2354	0.2182	
352248517	352248692	175	0.96	0.0	0.0	
352334861	352335018	157	0.8217	0.0318	0.0446	
352412278	352414380	2102	0.4025	0.1503	0.3554	
353448293	353450334	2041	0.4361	0.169	0.2969	
354309474	354310155	681	0.8003	0.0264	0.0881	
354310947	354312508	1561	0.6829	0.0609	0.1935	
354330646	354332314	1668	0.4826	0.1451	0.3106	
355367517	355368151	634	0.8091	0.0	0.1088	
357453152	357453905	753	0.6507	0.1089	0.1461	
35760133	35761632	1499	0.3929	0.3256	0.1828	
358168183	358169325	1142	0.2793	0.1708	0.5026	
358450166	358451223	1057	0.2744	0.2573	0.4361	
358969588	358969733	145	0.9793	0.0	0.0	
358991071	358991239	168	0.9226	0.006	0.006	
359012617	359013001	384	0.7552	0.0964	0.0547	
359653192	359653699	507	0.8895	0.0276	0.0099	
359760301	359760724	423	0.5083	0.0	0.4374	
360039848	360040111	263	0.9011	0.0	0.0228	
360417469	360417976	507	0.8481	0.0158	0.0355	
360429637	360430502	865	0.7387	0.1017	0.074	
360487490	360488458	968	0.3678	0.312	0.2779	
361053845	361055356	1511	0.3825	0.184	0.3382	
361393113	361393900	787	0.3507	0.2033	0.4041	
361407601	361408426	825	0.6812	0.0764	0.0982	
361557576	361558277	701	0.7076	0.0185	0.2083	
361613179	361613632	453	0.5408	0.0419	0.3974	
361618827	361619648	821	0.5213	0.2278	0.1985	
361620795	361621496	701	0.8773	0.0371	0.0228	
361777991	361778227	236	0.8602	0.0085	0.0212	
361851925	361853101	1176	0.9107	0.0111	0.0196	
361865866	361866365	499	0.8357	0.022	0.0381	
361874306	361875370	1064	0.8553	0.0451	0.0179	
361884329	361884859	530	0.7377	0.1075	0.0679	
361887706	361887914	208	0.9615	0.0	0.0	
361909536	361909990	454	0.9714	0.0	0.0	
361931003	361931436	433	0.8637	0.0393	0.0254	
362421992	362422462	470	0.7532	0.0511	0.0766	
362427136	362427311	175	0.9371	0.0	0.0	
362428477	362428881	404	0.745	0.1782	0.005	
363013911	363014497	586	0.6399	0.1195	0.1143	
363140035	363140211	176	0.8068	0.0682	0.0341	
363929969	363930263	294	0.8197	0.0476	0.0068	
364965582	364966504	922	0.8514	0.0282	0.0282	
365363966	365364505	539	0.6456	0.013	0.3061	
365895685	365896356	671	0.6408	0.0522	0.2057	
365921905	365922068	163	0.9018	0.0	0.0675	
366323811	366324146	335	0.6716	0.0119	0.2418	
366833319	366833509	190	0.9632	0.0	0.0158	
366978558	366978791	233	0.9142	0.03	0.0172	
367026372	367026748	376	0.8723	0.0452	0.0426	
367194133	367194918	785	0.3745	0.3541	0.2191	
367234235	367235153	918	0.5959	0.2102	0.1187	
369090946	369093046	2100	0.3176	0.1481	0.4786	
369094169	369095381	1212	0.2863	0.2756	0.3919	
369119591	369120248	657	0.9117	0.0213	0.0015	
369123811	369123939	128	0.9297	0.0	0.0156	
36924573	36925706	1133	0.4192	0.0971	0.4254	
369412249	369412415	166	0.9096	0.0361	0.0301	
369412952	369413273	321	0.7788	0.0	0.1495	
369458245	369459406	1161	0.6908	0.037	0.1748	
369482184	369482833	649	0.5624	0.0169	0.3374	
369619690	369620174	484	0.8926	0.0165	0.0083	
369682991	369683259	268	0.6269	0.0	0.2724	
369686593	369686993	400	0.7325	0.0275	0.13	
37059889	37060791	902	0.8614	0.0211	0.0233	
371556132	371556935	803	0.7235	0.0523	0.0897	
37203797	37204190	393	0.7506	0.0407	0.0712	
3726758	3727051	293	0.8089	0.0683	0.0478	
373069046	373069727	681	0.5624	0.1542	0.1527	
373102516	373102825	309	0.8673	0.0	0.0712	
373409527	373411504	1977	0.6849	0.1689	0.0622	
373930027	373930589	562	0.7153	0.1762	0.0391	
37425117	37426435	1318	0.2033	0.4537	0.3096	
374649876	374650914	1038	0.5385	0.2775	0.0877	
378415490	378416754	1264	0.3236	0.3204	0.3157	
381747047	381747824	777	0.7181	0.0644	0.1094	
382157974	382158452	478	0.5962	0.1213	0.2155	
382365770	382366922	1152	0.4731	0.3507	0.1085	
382395846	382396541	695	0.5137	0.1266	0.1727	
382539363	382539595	232	0.9052	0.0345	0.0129	
38300191	38301793	1602	0.5705	0.0218	0.3152	
383214130	383214659	529	0.6238	0.2741	0.0113	
383248191	383248648	457	0.4311	0.4902	0.0044	
383325787	383327838	2051	0.4764	0.1848	0.2204	
383525011	383525356	345	0.9101	0.0319	0.0087	
384623780	384625284	1504	0.6057	0.2108	0.0957	
384633324	384634522	1198	0.7646	0.0434	0.1419	
384676800	384676985	185	0.973	0.0	0.0	
385033026	385034255	1229	0.655	0.1888	0.1017	
385035794	385036537	743	0.9166	0.004	0.0162	
385508567	385510357	1790	0.4665	0.1598	0.3022	
385737385	385737929	544	0.6801	0.0202	0.2096	
387509102	387509336	234	0.8932	0.0299	0.0085	
387536944	387537519	575	0.7409	0.0626	0.0957	
387538507	387538735	228	0.8947	0.0044	0.0044	
387541487	387542026	539	0.8071	0.0297	0.0742	
387978521	387978779	258	0.7287	0.0155	0.2016	
388468066	388468871	805	0.4733	0.1441	0.2944	
388483929	388484646	717	0.9317	0.0	0.0321	
3893783	3894215	432	0.8495	0.037	0.0	
389774550	389775468	918	0.8878	0.024	0.0338	
389777842	389778742	900	0.7222	0.0222	0.1944	
389850016	389850933	917	0.5125	0.1036	0.3261	
389922556	389923009	453	0.8278	0.0706	0.011	
390085457	390086184	727	0.9395	0.0014	0.0083	
390175251	390176286	1035	0.8522	0.0087	0.0464	
390244595	390244796	201	0.8955	0.0199	0.0249	
390328511	390328822	311	0.91	0.0	0.0096	
390392917	390393435	518	0.6931	0.0019	0.2413	
3906164	3906569	405	0.7951	0.0395	0.079	
390621778	390623014	1236	0.6489	0.0146	0.2816	
390788651	390789632	981	0.8818	0.0367	0.0133	
390935697	390936427	730	0.6068	0.1726	0.1233	
391094451	391094679	228	0.9649	0.0	0.0088	
391166558	391166833	275	0.9055	0.0	0.0655	
391194596	391194944	348	0.954	0.0	0.0	
391204885	391205319	434	0.9332	0.0046	0.0046	
391491341	391491699	358	0.7989	0.0335	0.0587	
391613896	391614322	426	0.8638	0.0094	0.0587	
391615121	391615499	378	0.5741	0.1243	0.2698	
391757437	391757879	442	0.7738	0.052	0.1176	
392160923	392161453	530	0.4849	0.4566	0.0208	
392387186	392387738	552	0.8478	0.0308	0.0199	
392388154	392388796	642	0.595	0.1355	0.1947	
393422347	393422688	341	0.5865	0.1173	0.2317	
393812051	393812513	462	0.6017	0.013	0.3506	
394457225	394457889	664	0.8404	0.0	0.0557	
394505369	394505722	353	0.898	0.0	0.0453	
394571365	394571563	198	0.9141	0.0101	0.0	
394578016	394578865	849	0.808	0.0059	0.0942	
394607799	394608134	335	0.797	0.0478	0.0269	
394661118	394662161	1043	0.8696	0.0575	0.0153	
394664714	394665540	826	0.3983	0.0242	0.5157	
394766254	394766732	478	0.8243	0.0209	0.0481	
39652296	39652851	555	0.4613	0.018	0.4577	
39689985	39690233	248	0.8548	0.0242	0.0202	
398526176	398526984	808	0.7735	0.0755	0.0347	
398698676	398699295	619	0.5218	0.2423	0.1519	
398955527	398956135	608	0.7878	0.0609	0.028	
39957500	39958874	1374	0.3886	0.2402	0.2977	
401039765	401039942	177	0.9718	0.0	0.0056	
401077099	401078989	1890	0.9063	0.0106	0.0233	
401102853	401103314	461	0.9306	0.0195	0.0022	
401154116	401154919	803	0.5791	0.1831	0.1606	
401464676	401465616	940	0.8	0.0628	0.0606	
401467562	401469694	2132	0.6351	0.0797	0.2148	
401491616	401491970	354	0.8531	0.048	0.0056	
401559305	401559502	197	0.868	0.0	0.0812	
401694639	401695252	613	0.4976	0.0131	0.447	
401784523	401786184	1661	0.7616	0.0771	0.0747	
401820888	401821495	607	0.9127	0.0016	0.0346	
401925027	401925489	462	0.71	0.1061	0.0563	
402440277	402440420	143	0.9231	0.0	0.007	
402488548	402489001	453	0.8786	0.0022	0.053	
402723681	402723983	302	0.9338	0.0	0.0099	
402788787	402790021	1234	0.5365	0.2966	0.1021	
403163617	403163864	247	0.8947	0.0445	0.004	
403399995	403400916	921	0.5136	0.1835	0.2193	
403401756	403402700	944	0.6133	0.0752	0.161	
403442341	403442852	511	0.2975	0.0157	0.6771	
403445619	403446128	509	0.4774	0.169	0.2986	
404020787	404021195	408	0.7059	0.049	0.1299	
404024755	404025118	363	0.8264	0.0	0.0744	
404029479	404030128	649	0.8921	0.0015	0.0231	
404032440	404032804	364	0.9423	0.0	0.0027	
405117123	405117556	433	0.8083	0.0	0.0554	
405232214	405233490	1276	0.5972	0.0368	0.2563	
405422675	405423880	1205	0.6705	0.1544	0.1029	
405434942	405435130	188	0.9415	0.0	0.0	
405520767	405520997	230	0.8957	0.0	0.0174	
406241867	406242326	459	0.6885	0.1242	0.0436	
407441931	407442595	664	0.4428	0.1913	0.3117	
407466639	407468657	2018	0.2185	0.386	0.3652	
408419536	408419840	304	0.8618	0.0066	0.0033	
409539707	409540871	1164	0.6134	0.0713	0.2663	
410342441	410343326	885	0.4644	0.3548	0.0825	
410412144	410413186	1042	0.7006	0.0518	0.094	
410425345	410426722	1377	0.4641	0.1184	0.3384	
410703981	410705119	1138	0.3699	0.2425	0.3489	
410734018	410734997	979	0.9346	0.0102	0.0	
410753129	410753824	695	0.9137	0.0	0.0029	
410785114	410786075	961	0.4412	0.232	0.231	
410794898	410795481	583	0.3756	0.0103	0.5695	
410844431	410844756	325	0.8308	0.0369	0.0492	
410864789	410865950	1161	0.7812	0.0586	0.0715	
410866946	410867438	492	0.9146	0.0122	0.0163	
410878346	410878922	576	0.691	0.1059	0.0764	
410879430	410880144	714	0.7479	0.0336	0.0966	
410922398	410924259	1861	0.1822	0.2649	0.5363	
410929689	410930328	639	0.9358	0.0	0.0047	
410938861	410939095	234	0.9274	0.0085	0.0171	
410949959	410950514	555	0.7892	0.0973	0.0198	
410959030	410960003	973	0.1829	0.0699	0.7153	
411027906	411028307	401	0.8903	0.0	0.0324	
411031047	411031329	282	0.8688	0.0426	0.0355	
411039861	411040734	873	0.6781	0.0962	0.134	
411041553	411041852	299	0.913	0.0033	0.0033	
411122134	411122671	537	0.7393	0.013	0.0633	
413107202	413107722	520	0.9058	0.0365	0.0077	
413289147	413289707	560	0.4661	0.2214	0.2054	
413848838	413849487	649	0.9307	0.0123	0.0092	
413851231	413851762	531	0.742	0.0151	0.1959	
413868919	413869956	1037	0.8457	0.0376	0.0501	
413872630	413873370	740	0.9135	0.0041	0.0041	
413891453	413891726	273	0.9121	0.0	0.0	
413916379	413918078	1699	0.8858	0.0424	0.023	
413919860	413920153	293	0.8976	0.0034	0.0	
413921350	413921553	203	0.8818	0.0246	0.0148	
413923415	413923785	370	0.8919	0.0027	0.0135	
414129948	414130821	873	0.764	0.0241	0.0756	
414523174	414523450	276	0.7391	0.1123	0.0725	
415261675	415262338	663	0.4872	0.1146	0.2534	
415790155	415790644	489	0.9162	0.0123	0.0286	
415805330	415806094	764	0.7147	0.0393	0.1898	
416129341	416130820	1479	0.355	0.5017	0.0913	
416271941	416272641	700	0.3643	0.15	0.42	
416435492	416436234	742	0.8167	0.0418	0.0283	
416466947	416467357	410	0.8439	0.0146	0.0317	
416671959	416672461	502	0.9303	0.0	0.0	
417398500	417399812	1312	0.2508	0.2477	0.4665	
417748092	417748948	856	0.3972	0.0818	0.4568	
418181609	418181954	345	0.6348	0.0435	0.2435	
418218589	418219047	458	0.821	0.0197	0.083	
418377347	418377541	194	0.7938	0.0876	0.0258	
41843542	41844070	528	0.5436	0.2689	0.1004	
418486183	418486595	412	0.8447	0.0413	0.0413	
419136293	419137386	1093	0.2443	0.57	0.1546	
419445360	419446261	901	0.6016	0.1676	0.1387	
41963664	41964040	376	0.7314	0.1037	0.0319	
419648508	419648843	335	0.7552	0.0	0.191	
419680165	419680812	647	0.7419	0.0896	0.0618	
419687737	419688251	514	0.9339	0.0019	0.0195	
421979958	421981266	1308	0.711	0.0344	0.1468	
422003324	422003895	571	0.7391	0.1804	0.0088	
422005754	422006080	326	0.8558	0.0	0.0583	
422138432	422138947	515	0.6369	0.0816	0.1728	
42239289	42241107	1818	0.379	0.3696	0.1931	
423988099	423988574	475	0.8358	0.0063	0.0884	
424404714	424405133	419	0.9021	0.0	0.0692	
424470972	424471357	385	0.7429	0.0727	0.1169	
424495599	424496285	686	0.7172	0.0525	0.1603	
424529974	424530304	330	0.903	0.0	0.0242	
425303017	425303606	589	0.7317	0.1562	0.0441	
425447534	425447951	417	0.482	0.0048	0.4604	
425619189	425619363	174	0.8851	0.0	0.0057	
425625938	425626731	793	0.802	0.0214	0.1009	
425648482	425649016	534	0.6423	0.0	0.3221	
426671077	426671779	702	0.7892	0.0826	0.0157	
426940200	426941599	1399	0.6519	0.025	0.2588	
426964423	426964895	472	0.8432	0.0	0.089	
427400865	427401381	516	0.4554	0.124	0.374	
427863951	427865061	1110	0.8414	0.0072	0.0667	
428425741	428425904	163	0.8834	0.0613	0.0	
429265134	429266221	1087	0.2079	0.2401	0.5032	
429350459	429350925	466	0.8991	0.0	0.0	
429351692	429353537	1845	0.6125	0.258	0.0314	
42941849	42942019	170	0.9588	0.0	0.0	
42942438	42943084	646	0.7183	0.0712	0.0913	
429713401	429714326	925	0.6086	0.0832	0.253	
430307500	430307723	223	0.861	0.0762	0.0	
430334178	430335401	1223	0.5127	0.0638	0.3426	
431829460	431830198	738	0.5108	0.122	0.2954	
433090179	433090857	678	0.5339	0.1106	0.3038	
433131212	433131560	348	0.6293	0.2241	0.0718	
433132316	433132886	570	0.7035	0.1193	0.0474	
43356875	43357384	509	0.7407	0.0314	0.1061	
433968922	433969516	594	0.8047	0.0286	0.0101	
436625310	436626132	822	0.4428	0.1265	0.3066	
436628697	436629120	423	0.383	0.1986	0.3759	
436733407	436734481	1074	0.5708	0.0885	0.2365	
436783993	436784656	663	0.8326	0.0	0.0452	
437202892	437203312	420	0.5	0.0119	0.4524	
437747293	437747970	677	0.5524	0.0162	0.384	
437757100	437758661	1561	0.5259	0.1051	0.2979	
437912760	437913361	601	0.8952	0.0233	0.015	
438013465	438014651	1186	0.4587	0.2496	0.2378	
438031153	438031766	613	0.4812	0.2757	0.2088	
438040754	438042927	2173	0.5748	0.2112	0.1247	
438068582	438069267	685	0.7971	0.0745	0.0453	
438176112	438176483	371	0.8841	0.0108	0.0431	
438192326	438193131	805	0.4186	0.2758	0.246	
438223218	438223986	768	0.7982	0.0326	0.1094	
438246612	438248003	1391	0.5198	0.3098	0.1208	
438699568	438700599	1031	0.6605	0.1979	0.0951	
438792398	438793491	1093	0.8747	0.0037	0.0256	
438927124	438927617	493	0.7221	0.0304	0.1501	
438998559	438999723	1164	0.3179	0.4124	0.2131	
439868582	439869211	629	0.531	0.1224	0.2051	
440250402	440250997	595	0.8286	0.0134	0.0504	
440304637	440306072	1435	0.6794	0.092	0.147	
440310558	440311776	1218	0.9089	0.0049	0.0107	
440367657	440367862	205	0.9024	0.0	0.0244	
440396171	440396929	758	0.843	0.0145	0.0607	
440665960	440666919	959	0.5454	0.1835	0.1429	
440828083	440828627	544	0.4522	0.2555	0.2243	
441166882	441167994	1112	0.4065	0.0252	0.5171	
442050693	442051182	489	0.5685	0.2536	0.092	
442065032	442065551	519	0.4875	0.0	0.4374	
442185696	442186687	991	0.8486	0.0111	0.0656	
442204027	442204181	154	0.8831	0.0	0.0779	
442238285	442238940	655	0.371	0.3298	0.2641	
442283449	442283848	399	0.8722	0.0276	0.0301	
442330164	442330689	525	0.9162	0.0152	0.0171	
442332414	442333252	838	0.6587	0.148	0.136	
442376505	442377683	1178	0.8812	0.0263	0.0085	
442401246	442402222	976	0.2336	0.3566	0.3842	
442934679	442935464	785	0.8599	0.0089	0.0395	
442979033	442979777	744	0.8763	0.0	0.0255	
44356593	44357473	880	0.4057	0.2	0.3409	
443878091	443878900	809	0.6601	0.2101	0.0556	
443943209	443943433	224	0.875	0.0045	0.0536	
443958730	443960472	1742	0.7732	0.0333	0.0924	
443985575	443985977	402	0.9129	0.0	0.0398	
443991664	443992356	692	0.8887	0.0318	0.0303	
444305317	444305686	369	0.9133	0.0	0.0352	
444309067	444309336	269	0.8662	0.0223	0.0112	
445327733	445328411	678	0.4292	0.2537	0.233	
445526142	445527002	860	0.8767	0.014	0.0233	
445849982	445851175	1193	0.4602	0.3118	0.1769	
446454746	446454973	227	0.9251	0.0	0.0	
446457095	446458405	1310	0.8015	0.0214	0.0733	
446465134	446466085	951	0.5131	0.2471	0.2029	
446466334	446466877	543	0.7772	0.1123	0.0534	
446559424	446560803	1379	0.7549	0.0268	0.074	
447174903	447175127	224	0.9821	0.0	0.0089	
447646672	447647392	720	0.9264	0.0083	0.0042	
447666044	447666467	423	0.8416	0.0047	0.104	
447856741	447857230	489	0.726	0.0041	0.0757	
447902177	447902690	513	0.6277	0.117	0.1501	
448012563	448012977	414	0.6836	0.1063	0.1449	
448822572	448823015	443	0.851	0.0813	0.0113	
448875814	448875999	185	0.8486	0.0703	0.0	
450007767	450008054	287	0.7422	0.1394	0.0592	
450141537	450141947	410	0.7171	0.1268	0.0732	
450188328	450189037	709	0.5543	0.2764	0.1044	
450212201	450213116	915	0.8361	0.0481	0.0372	
450240146	450240509	363	0.8127	0.0992	0.0193	
450417595	450418014	419	0.7399	0.0644	0.0788	
450619071	450619655	584	0.2534	0.4658	0.2568	
450631487	450632098	611	0.8691	0.0115	0.036	
450643507	450643821	314	0.6497	0.1783	0.1019	
450737810	450738157	347	0.7435	0.0173	0.121	
451304249	451304687	438	0.6689	0.1438	0.0959	
451387853	451388539	686	0.5802	0.0335	0.2536	
451626289	451627881	1592	0.5283	0.1721	0.2374	
452206442	452206946	504	0.9127	0.0218	0.006	
452397025	452397325	300	0.7967	0.0333	0.0567	
452613409	452613879	470	0.8872	0.0149	0.0213	
453203846	453205337	1491	0.5205	0.0456	0.34	
453377520	453378506	986	0.4706	0.0953	0.3306	
453556606	453557907	1301	0.4604	0.0769	0.3859	
453700111	453700656	545	0.6991	0.0752	0.1248	
453892918	453893196	278	0.8741	0.0144	0.036	
45395712	45396232	520	0.3923	0.2019	0.2808	
454919291	454920370	1079	0.3652	0.3234	0.2428	
455377829	455380157	2328	0.3333	0.2934	0.308	
457289502	457290795	1293	0.8353	0.0263	0.058	
457447940	457449037	1097	0.8496	0.0146	0.0292	
458736774	458737303	529	0.7467	0.0605	0.0794	
459206404	459207268	864	0.1852	0.3947	0.4144	
459210190	459210972	782	0.3517	0.1138	0.4604	
461657869	461659853	1984	0.5706	0.3165	0.0832	
461672935	461673504	569	0.7399	0.0879	0.0475	
461685098	461685821	723	0.4633	0.1148	0.3762	
46265587	46267108	1521	0.3208	0.3485	0.3064	
462946742	462947067	325	0.7846	0.0523	0.0769	
463726341	463727079	738	0.4566	0.2629	0.2033	
46396239	46397028	789	0.6743	0.0862	0.1508	
464081611	464082278	667	0.5832	0.1679	0.1739	
464129914	464131027	1113	0.186	0.761	0.0243	
464131210	464132392	1182	0.4247	0.302	0.1701	
464257191	464257621	430	0.8419	0.0047	0.0209	
46469151	46470322	1171	0.7523	0.0213	0.1332	
465478378	465479661	1283	0.3913	0.1146	0.4224	
46592405	46593624	1219	0.3519	0.1977	0.379	
46594790	46595398	608	0.5313	0.1776	0.0789	
466336717	466337435	718	0.7646	0.1323	0.0306	
466672200	466672594	394	0.8096	0.0051	0.1091	
470854569	470855394	825	0.5006	0.2848	0.1273	
472099489	472100756	1267	0.82	0.0331	0.0639	
473800572	473801370	798	0.3534	0.1591	0.4599	
475860020	475861489	1469	0.9292	0.0027	0.0293	
47630379	47631106	727	0.447	0.0413	0.4732	
47743701	47744468	767	0.6793	0.0013	0.2477	
478286489	478286958	469	0.6205	0.0448	0.226	
478316504	478317147	643	0.8476	0.0171	0.0342	
478715250	478716745	1495	0.7104	0.0809	0.1177	
478921135	478921918	783	0.4125	0.0383	0.484	
479067472	479068307	835	0.6982	0.0323	0.176	
479069892	479070169	277	0.7545	0.0361	0.1083	
482494438	482495206	768	0.444	0.0677	0.4336	
49386813	49388486	1673	0.4501	0.202	0.275	
49417493	49419138	1645	0.7082	0.0109	0.2201	
49717934	49718187	253	0.8814	0.0395	0.0079	
49729168	49729862	694	0.8314	0.0274	0.0634	
49890103	49890320	217	0.8065	0.0876	0.0369	
49905057	49905304	247	0.83	0.0486	0.0324	
50810541	50811063	522	0.6475	0.182	0.0536	
50815238	50815781	543	0.8803	0.0221	0.0166	
51079957	51080525	568	0.5511	0.2764	0.1039	
51296251	51298211	1960	0.4995	0.2301	0.198	
51368338	51369073	735	0.8762	0.0109	0.0136	
51375136	51375810	674	0.2715	0.1513	0.5386	
51393489	51394647	1158	0.2772	0.4344	0.2453	
51407385	51407695	310	0.8935	0.0032	0.0645	
51442052	51442792	740	0.5743	0.0541	0.323	
51456302	51456541	239	0.8536	0.0293	0.0377	
51496871	51498110	1239	0.3366	0.4399	0.163	
51500563	51501198	635	0.7449	0.0614	0.0898	
51518059	51518325	266	0.891	0.0376	0.0	
51544713	51545028	315	0.854	0.0222	0.0508	
5210547	5212752	2205	0.1846	0.6689	0.1234	
5233189	5233628	439	0.7494	0.0683	0.0524	
5307532	5307971	439	0.5103	0.1002	0.2506	
53430370	53431057	687	0.5619	0.0116	0.377	
53466060	53466393	333	0.7327	0.1381	0.045	
53504914	53506511	1597	0.3995	0.3131	0.2367	
55467613	55467959	346	0.685	0.0145	0.2486	
55525468	55525793	325	0.8492	0.0154	0.08	
55542847	55543312	465	0.7376	0.1247	0.0516	
55544631	55545695	1064	0.6823	0.0169	0.2406	
55591200	55592271	1071	0.4939	0.2642	0.1886	
57089947	57091096	1149	0.8973	0.007	0.0183	
57578478	57578794	316	0.8196	0.0127	0.0696	
57618798	57620583	1785	0.4611	0.2521	0.2246	
57621208	57621599	391	0.9028	0.0307	0.0051	
57632289	57632626	337	0.9199	0.0148	0.0059	
58580008	58580420	412	0.767	0.1044	0.0607	
59163134	59163732	598	0.8913	0.0033	0.0067	
59403953	59404582	629	0.9173	0.0079	0.0127	
59415557	59416009	452	0.8518	0.0155	0.0155	
60099195	60099798	603	0.8491	0.0481	0.0182	
60335412	60336019	607	0.832	0.0494	0.0527	
60531321	60532292	971	0.4428	0.1885	0.3316	
61881891	61882293	402	0.7612	0.0522	0.1393	
62041510	62041787	277	0.9025	0.0217	0.0108	
62072091	62072518	427	0.8384	0.0211	0.0726	
62081353	62083113	1760	0.6017	0.0875	0.2028	
62181867	62182771	904	0.8352	0.0664	0.0232	
62485948	62487038	1090	0.889	0.0211	0.011	
64392600	64393433	833	0.4262	0.2053	0.3061	
64506023	64506297	274	0.8431	0.0182	0.0365	
64777401	64778230	829	0.7479	0.0338	0.0688	
67566870	67568429	1559	0.483	0.1783	0.2444	
67650768	67651134	366	0.8443	0.0	0.0765	
68159477	68160195	718	0.6212	0.1184	0.1421	
68165002	68165537	535	0.6131	0.0093	0.329	
68727876	68728274	398	0.6759	0.1809	0.0578	
68884219	68885126	907	0.4553	0.086	0.3528	
69967128	69968463	1335	0.4959	0.1625	0.2524	
7023746	7023981	235	0.817	0.0043	0.017	
70455875	70456707	832	0.7524	0.0108	0.1022	
70929081	70929460	379	0.5488	0.3905	0.0132	
70960682	70961496	814	0.2985	0.1658	0.5025	
71086492	71087314	822	0.646	0.0438	0.2579	
75075234	75075881	647	0.5641	0.0278	0.2952	
75096613	75097382	769	0.6775	0.1469	0.0806	
75150240	75150546	306	0.7778	0.0784	0.0556	
75188256	75188722	466	0.8176	0.0	0.1416	
75189598	75191041	1443	0.8233	0.0395	0.0402	
75322771	75322953	182	0.8077	0.1044	0.0275	
7538391	7539325	934	0.7227	0.0749	0.1242	
75509723	75509993	270	0.8296	0.0111	0.0741	
77178791	77179683	892	0.5874	0.1043	0.2175	
77198154	77198673	519	0.8343	0.025	0.0328	
77954668	77955127	459	0.8802	0.0349	0.0283	
78274855	78276718	1863	0.4525	0.3977	0.0934	
79567263	79567696	433	0.8868	0.0231	0.0323	
79736252	79736956	704	0.7401	0.0795	0.081	
79902405	79902787	382	0.7539	0.034	0.123	
80208571	80208773	202	0.8069	0.0347	0.104	
80236026	80236652	626	0.8003	0.0415	0.0879	
80237540	80238489	949	0.8419	0.0506	0.0537	
80371823	80372367	544	0.7151	0.079	0.114	
80571510	80571956	446	0.8363	0.0359	0.0135	
8240905	8241753	848	0.3703	0.0684	0.5083	
84609602	84610078	476	0.5987	0.2941	0.0483	
86304763	86305341	578	0.7145	0.0138	0.0761	
86365528	86366128	600	0.6383	0.015	0.1917	
87217725	87217867	142	0.9296	0.0	0.0	
88730374	88730627	253	0.8419	0.0553	0.004	
88910288	88911636	1348	0.7886	0.0111	0.1372	
88965573	88965976	403	0.8015	0.0149	0.1067	
88990060	88990557	497	0.8511	0.0221	0.0986	
89023204	89024171	967	0.607	0.1396	0.2006	
89451538	89452734	1196	0.6263	0.1254	0.1798	
89459780	89460691	911	0.7838	0.0703	0.0724	
89871196	89871429	233	0.9056	0.0043	0.0386	
89937924	89938875	951	0.5668	0.1472	0.1987	
90673371	90673687	316	0.7405	0.0348	0.0665	
9147374	9147620	246	0.6382	0.0569	0.2642	
91591378	91591898	520	0.35	0.0135	0.6058	
91950310	91950776	466	0.809	0.03	0.0236	
92283195	92283416	221	0.905	0.0045	0.0136	
92355697	92355927	230	0.8696	0.0348	0.0	
92828044	92828575	531	0.5047	0.0753	0.2994	
93150429	93151367	938	0.4275	0.323	0.1983	
93199901	93200070	169	0.8757	0.0	0.0296	
93212375	93213104	729	0.4321	0.2359	0.2716	
93249050	93249345	295	0.8983	0.0373	0.0	
93320260	93322391	2131	0.1652	0.4252	0.3763	
93350077	93350251	174	0.9195	0.0115	0.0287	
93375752	93376253	501	0.3014	0.1038	0.5768	
93447244	93447851	607	0.7611	0.0247	0.112	
93459284	93459574	290	0.5586	0.0379	0.3103	
93559126	93560147	1021	0.6797	0.1087	0.1234	
93570323	93570941	618	0.3107	0.5841	0.0469	
93609083	93610208	1125	0.5804	0.1724	0.1289	
93626342	93626668	326	0.862	0.0245	0.0368	
93637787	93637930	143	0.8951	0.042	0.021	
93990251	93991083	832	0.756	0.0048	0.0793	
94447803	94448156	353	0.8499	0.0227	0.051	
94461188	94461589	401	0.7257	0.1322	0.0673	
94520164	94520673	509	0.609	0.0432	0.2259	
94529697	94530233	536	0.3153	0.0466	0.6045	
9518559	9519121	562	0.5765	0.0036	0.331	
95651243	95651912	669	0.861	0.0299	0.0164	
95814050	95814509	459	0.8453	0.0065	0.037	
95818889	95819528	639	0.6698	0.0595	0.1706	
95854166	95854442	276	0.8116	0.0362	0.0181	
95855301	95855506	205	0.8488	0.0	0.0537	
95861996	95862517	521	0.9175	0.0019	0.0154	
96018166	96018573	407	0.7862	0.0418	0.0762	
96061715	96062469	754	0.5849	0.187	0.1751	
96239950	96241562	1612	0.5354	0.201	0.1948	
96265695	96266320	625	0.8	0.0256	0.0592	
96376535	96377683	1148	0.3545	0.4721	0.115	
96379836	96380314	478	0.8431	0.0	0.0251	
96408648	96410713	2065	0.2257	0.2286	0.5061	
96503137	96503687	550	0.76	0.0055	0.1509	
96668253	96669387	1134	0.8704	0.0176	0.0256	
97211341	97213320	1979	0.1066	0.1829	0.6908	
97787351	97787970	619	0.4055	0.2536	0.3183	
97855983	97856382	399	0.5514	0.1604	0.2381	
98455353	98455785	432	0.7616	0.0046	0.0671	
98742410	98742717	307	0.8078	0.0326	0.0521	
98938219	98938905	686	0.4417	0.0321	0.4388	
9968443	9968928	485	0.7464	0.099	0.1175	
99712807	99713312	505	0.9624	0.0059	0.0	
9982616	9983090	474	0.9388	0.0	0.0042	
99889990	99891066	1076	0.4907	0.0948	0.3634	
