NA NA NA
pan 1538220 1538828
pan 1539821 1540645
NA NA NA
pan 7829660 7829918
NA NA NA
NA NA NA
pan 8879106 8879460
NA NA NA
pan 12445630 12446332
NA NA NA
NA NA NA
NA NA NA
pan 15528182 15528871
pan 16313914 16314328
pan 17280878 17281157
NA NA NA
NA NA NA
pan 18294467 18294889
pan 18493039 18493448
NA NA NA
pan 23465713 23466169
pan 24652276 24652504
NA NA NA
pan 26094079 26095702
NA NA NA
pan 35294827 35295095
NA NA NA
NA NA NA
NA NA NA
NA NA NA
NA NA NA
pan 49798158 49798416
pan 53461673 53461989
NA NA NA
NA NA NA
pan 56633598 56634412
pan 57321253 57321498
NA NA NA
pan 59205514 59205805
NA NA NA
NA NA NA
NA NA NA
NA NA NA
pan 59267347 59267509
pan 59271789 59272314
pan 59273338 59273618
pan 59281076 59281457
pan 59297502 59299121
NA NA NA
NA NA NA
NA NA NA
NA NA NA
pan 59313188 59313450
NA NA NA
NA NA NA
pan 59317453 59318173
NA NA NA
NA NA NA
NA NA NA
NA NA NA
pan 59329192 59329549
NA NA NA
NA NA NA
pan 59332463 59333653
NA NA NA
pan 59336009 59336522
pan 59339234 59339466
pan 59348113 59348779
pan 59349113 59349541
pan 59350127 59350483
pan 59352440 59352903
pan 59353180 59353610
pan 59358955 59359177
NA NA NA
pan 59360546 59360823
pan 59361219 59362417
NA NA NA
pan 59367338 59368121
NA NA NA
pan 59371988 59372358
NA NA NA
pan 59375186 59375754
NA NA NA
pan 59378370 59378710
NA NA NA
NA NA NA
NA NA NA
pan 59382373 59383613
pan 59384098 59384355
NA NA NA
NA NA NA
pan 59389520 59390013
pan 59390425 59391745
pan 59392604 59392973
pan 59393833 59394175
NA NA NA
pan 59399216 59399702
pan 59400155 59400322
pan 59401440 59402343
pan 59403953 59404582
pan 59405119 59405316
pan 59405723 59406523
pan 59407540 59409056
NA NA NA
NA NA NA
NA NA NA
NA NA NA
pan 59415557 59416009
NA NA NA
pan 59426590 59426906
NA NA NA
pan 65213153 65214226
NA NA NA
NA NA NA
pan 68800268 68801010
pan 70611085 70611826
NA NA NA
NA NA NA
NA NA NA
NA NA NA
NA NA NA
NA NA NA
pan 80351748 80352097
pan 80671133 80671744
NA NA NA
pan 80698683 80699043
NA NA NA
NA NA NA
pan 84619703 84620221
NA NA NA
NA NA NA
NA NA NA
NA NA NA
NA NA NA
pan 91341884 91342530
pan 92471779 92472357
pan 97839768 97839943
NA NA NA
pan 98471663 98471939
pan 98884562 98884843
NA NA NA
pan 104695707 104696269
pan 104831571 104832873
NA NA NA
pan 105156344 105157859
pan 105190789 105192274
pan 107477257 107478015
NA NA NA
NA NA NA
pan 111576578 111577734
NA NA NA
NA NA NA
NA NA NA
pan 112956640 112957700
pan 112958167 112958707
pan 113704544 113705154
NA NA NA
pan 115885611 115885882
pan 116302991 116303613
NA NA NA
NA NA NA
NA NA NA
NA NA NA
pan 120761174 120762652
NA NA NA
NA NA NA
NA NA NA
NA NA NA
NA NA NA
NA NA NA
NA NA NA
NA NA NA
NA NA NA
NA NA NA
pan 137086672 137086882
NA NA NA
NA NA NA
pan 139341284 139342299
NA NA NA
NA NA NA
pan 139591814 139592302
pan 139689618 139690489
pan 139749834 139750351
NA NA NA
NA NA NA
NA NA NA
pan 142324601 142325450
pan 144164764 144166976
NA NA NA
NA NA NA
NA NA NA
pan 151023799 151024324
NA NA NA
NA NA NA
pan 151084060 151085244
pan 151154046 151154805
NA NA NA
NA NA NA
NA NA NA
pan 152765652 152766403
NA NA NA
NA NA NA
pan 154998430 154999073
NA NA NA
NA NA NA
NA NA NA
NA NA NA
pan 157986857 157987911
NA NA NA
NA NA NA
NA NA NA
NA NA NA
NA NA NA
NA NA NA
pan 174973482 174973679
NA NA NA
pan 176832712 176832919
pan 177798700 177799442
NA NA NA
NA NA NA
pan 181585184 181585859
NA NA NA
NA NA NA
pan 186375767 186376783
NA NA NA
NA NA NA
NA NA NA
pan 189899338 189899658
pan 195125427 195125678
NA NA NA
pan 195750936 195751793
NA NA NA
pan 201496992 201497605
pan 210099735 210100058
NA NA NA
pan 210825415 210825754
NA NA NA
pan 216249426 216250273
NA NA NA
pan 222583131 222584405
NA NA NA
pan 224730237 224730795
NA NA NA
pan 226765221 226765484
pan 228814604 228814932
NA NA NA
NA NA NA
NA NA NA
pan 230958857 230959336
pan 231574421 231574741
NA NA NA
pan 232733789 232734025
NA NA NA
NA NA NA
NA NA NA
NA NA NA
NA NA NA
NA NA NA
pan 241647337 241647595
pan 243030469 243030948
NA NA NA
NA NA NA
NA NA NA
pan 252481656 252482273
NA NA NA
NA NA NA
NA NA NA
NA NA NA
NA NA NA
pan 255260271 255260567
NA NA NA
pan 258108092 258108694
NA NA NA
pan 259293224 259293700
NA NA NA
NA NA NA
pan 267470479 267470867
pan 267622451 267622972
pan 268225315 268226360
pan 268474803 268475273
NA NA NA
NA NA NA
pan 270690461 270690720
pan 272311847 272312701
NA NA NA
NA NA NA
NA NA NA
NA NA NA
pan 277572896 277573238
NA NA NA
NA NA NA
pan 279831559 279832744
NA NA NA
pan 282817783 282818291
pan 283100891 283101283
pan 283221271 283221823
pan 283359254 283360327
NA NA NA
NA NA NA
pan 286302056 286302906
NA NA NA
pan 286688371 286688632
pan 287146756 287147411
pan 289792375 289793072
NA NA NA
pan 292478902 292479380
NA NA NA
pan 293045401 293045844
NA NA NA
NA NA NA
pan 298149930 298150300
pan 298157577 298159763
NA NA NA
NA NA NA
NA NA NA
NA NA NA
pan 305754369 305754650
pan 306495309 306495789
NA NA NA
pan 310461160 310461407
NA NA NA
NA NA NA
pan 312900822 312902000
NA NA NA
NA NA NA
pan 316616748 316617254
NA NA NA
NA NA NA
pan 320314251 320314478
NA NA NA
NA NA NA
NA NA NA
NA NA NA
NA NA NA
NA NA NA
NA NA NA
pan 330970862 330971730
pan 330991140 330991348
NA NA NA
NA NA NA
pan 344114070 344114662
NA NA NA
NA NA NA
pan 345555552 345555915
NA NA NA
NA NA NA
NA NA NA
NA NA NA
NA NA NA
pan 348665211 348665506
NA NA NA
pan 355020669 355020841
NA NA NA
NA NA NA
pan 360272722 360273025
pan 361234834 361236588
NA NA NA
NA NA NA
pan 364075859 364076333
pan 364124436 364124614
NA NA NA
NA NA NA
NA NA NA
NA NA NA
pan 382421539 382423151
pan 383516106 383516467
pan 385223644 385223876
pan 385308686 385309167
NA NA NA
NA NA NA
NA NA NA
pan 387786171 387786558
NA NA NA
NA NA NA
NA NA NA
pan 390810064 390810290
NA NA NA
NA NA NA
pan 390893554 390893930
pan 391075376 391075655
pan 391144032 391144420
NA NA NA
NA NA NA
NA NA NA
pan 392181540 392181835
pan 392194281 392194511
NA NA NA
pan 392287571 392287851
NA NA NA
NA NA NA
NA NA NA
pan 399682232 399682478
pan 401095165 401095396
NA NA NA
pan 401100439 401100611
NA NA NA
pan 402288387 402290569
NA NA NA
pan 402687415 402687933
pan 403232921 403233413
NA NA NA
pan 403320079 403320338
NA NA NA
NA NA NA
NA NA NA
NA NA NA
pan 412613169 412613465
pan 413132972 413133570
NA NA NA
pan 413289879 413290406
pan 413301317 413302102
NA NA NA
NA NA NA
NA NA NA
NA NA NA
NA NA NA
pan 419745150 419745451
NA NA NA
pan 420810562 420811376
pan 421660714 421660919
pan 422440344 422440610
NA NA NA
NA NA NA
NA NA NA
pan 424553757 424554203
NA NA NA
NA NA NA
pan 425345507 425345951
NA NA NA
NA NA NA
NA NA NA
NA NA NA
pan 427629125 427629595
NA NA NA
NA NA NA
NA NA NA
pan 432814605 432815154
NA NA NA
pan 437343030 437343806
NA NA NA
pan 440635339 440635778
NA NA NA
pan 446348874 446349709
pan 448530849 448531028
pan 448531580 448531774
NA NA NA
NA NA NA
pan 448606314 448606587
pan 448607430 448607776
pan 449074440 449074792
NA NA NA
NA NA NA
NA NA NA
NA NA NA
pan 453601004 453601255
pan 455120662 455121190
NA NA NA
NA NA NA
NA NA NA
NA NA NA
NA NA NA
pan 474783983 474785082
pan 475827696 475828491
NA NA NA
NA NA NA
NA NA NA
