NA NA NA
NA NA NA
pan 16313914 16314328
NA NA NA
NA NA NA
NA NA NA
pan 57574133 57574630
NA NA NA
NA NA NA
NA NA NA
pan 59271789 59272314
pan 59273338 59273618
pan 59281076 59281457
pan 59297502 59299121
NA NA NA
NA NA NA
NA NA NA
NA NA NA
NA NA NA
pan 59317453 59318173
NA NA NA
NA NA NA
pan 59329192 59329549
pan 59339234 59339466
pan 59348113 59348779
pan 59350127 59350483
pan 59352440 59352903
pan 59353180 59353610
pan 59358955 59359177
NA NA NA
pan 59360546 59360823
pan 59361219 59362417
NA NA NA
pan 59367338 59368121
NA NA NA
NA NA NA
pan 59378370 59378710
pan 59382373 59383613
pan 59384098 59384355
NA NA NA
pan 59389520 59390013
pan 59390425 59391745
NA NA NA
pan 59399216 59399702
pan 59400155 59400322
pan 59401440 59402343
pan 59403953 59404582
pan 59407540 59409056
NA NA NA
NA NA NA
NA NA NA
pan 59426590 59426906
pan 60239512 60239779
NA NA NA
NA NA NA
NA NA NA
NA NA NA
pan 91341884 91342530
NA NA NA
NA NA NA
pan 98397400 98397753
NA NA NA
pan 112956640 112957700
pan 112958167 112958707
pan 115204433 115204765
pan 115336168 115336370
pan 115754785 115755038
NA NA NA
pan 120761174 120762652
pan 139771777 139772065
NA NA NA
NA NA NA
pan 148536171 148536356
pan 152690803 152691206
NA NA NA
NA NA NA
NA NA NA
NA NA NA
NA NA NA
NA NA NA
pan 176307733 176308788
pan 181585184 181585859
NA NA NA
NA NA NA
pan 201923258 201923404
NA NA NA
pan 210825415 210825754
pan 212401574 212401862
NA NA NA
NA NA NA
NA NA NA
NA NA NA
NA NA NA
NA NA NA
NA NA NA
pan 258108092 258108694
NA NA NA
NA NA NA
pan 272311847 272312701
NA NA NA
NA NA NA
pan 278771955 278772197
NA NA NA
NA NA NA
NA NA NA
pan 297751038 297751305
NA NA NA
NA NA NA
NA NA NA
NA NA NA
NA NA NA
NA NA NA
NA NA NA
pan 340243934 340244914
pan 344896894 344897438
pan 347264126 347265027
NA NA NA
NA NA NA
NA NA NA
pan 383214130 383214659
pan 384623780 384625284
NA NA NA
pan 392470110 392471111
NA NA NA
pan 399969376 399969899
NA NA NA
NA NA NA
NA NA NA
pan 432229659 432230025
NA NA NA
pan 437343030 437343806
NA NA NA
pan 447174903 447175127
NA NA NA
pan 453601004 453601255
NA NA NA
